Timestamp,Gyro X,Gyro Y,Gyro Z,Acc X,Acc Y,Acc Z,Motor M2,Motor M3,Battery Level
240.414,0.3113906681537628,-0.7850055694580078,-0.2358856052160263,0.07114356756210327,0.027066076174378395,1.006874918937683,,,
,,,,,,,32767.0,32767.0,90.0
240.424,-1.6021589040756226,-0.4093776345252991,-1.096631407737732,0.06528028845787048,0.03602594882249832,0.99354487657547,,,
,,,,,,,32767.0,32767.0,90.0
240.434,-6.979977607727051,-2.8759546279907227,-3.2497100830078125,0.06681908667087555,0.040008388459682465,1.01168954372406,,,
,,,,,,,32767.0,32767.0,90.0
240.444,3.69128155708313,-5.188178062438965,-3.2295644283294678,0.0708502009510994,0.00753274979069829,1.0220527648925781,,,
,,,,,,,32767.0,32767.0,90.0
240.454,4.371441841125488,-1.1400877237319946,-0.3468242287635803,0.05951710417866707,0.027722032740712166,1.0015668869018555,,,
,,,,,,,32767.0,32767.0,90.0
240.464,0.8930240869522095,-0.4796231985092163,1.714801549911499,0.0753820389509201,0.0678456649184227,0.9840434789657593,,,
,,,,,,,32767.0,32767.0,90.0
240.474,-1.5058218240737915,2.9894676208496094,2.5099081993103027,0.09106550365686417,0.049683235585689545,0.9684799313545227,,,
,,,,,,,32767.0,32767.0,90.0
240.484,5.461722373962402,-1.1012822389602661,0.5398097038269043,0.08828680217266083,0.013674587942659855,0.9811285734176636,,,
,,,,,,,32767.0,32767.0,90.0
240.494,23.779882431030273,-1.3101922273635864,3.6987645626068115,0.09874255210161209,0.018459554761648178,0.9768028259277344,,,
,,,,,,,32767.0,32767.0,90.0
240.504,-11.971088409423828,12.760616302490234,-1.8135977983474731,0.05006461590528488,0.0669727548956871,0.9686728715896606,,,
,,,,,,,32767.0,32767.0,90.0
240.514,-18.97063636779785,-2.670269250869751,2.3565101623535156,0.033437952399253845,0.0630677118897438,1.101094365119934,,,
,,,,,,,32767.0,32767.0,90.0
240.524,10.132563591003418,-1.9392156600952148,0.894098699092865,0.037942394614219666,-0.030207885429263115,1.0792369842529297,,,
,,,,,,,32767.0,32767.0,90.0
240.534,-0.8445314764976501,-0.5870497226715088,-3.2851016521453857,0.06552330404520035,-0.026591431349515915,0.9863030314445496,,,
,,,,,,,32767.0,32767.0,90.0
240.544,8.773955345153809,-3.3052308559417725,-0.0802634209394455,0.07687628269195557,0.07314072549343109,0.9846833944320679,,,
,,,,,,,32767.0,32767.0,90.0
240.554,-0.957457423210144,0.28583642840385437,1.4595727920532227,0.08313344419002533,0.07217464596033096,0.9550483226776123,,,
,,,,,,,32767.0,32767.0,90.0
240.564,-8.274012565612793,3.565901279449463,-0.884307324886322,0.06874639540910721,0.028745334595441818,0.9837408661842346,,,
,,,,,,,32767.0,32767.0,90.0
240.574,-0.6973179578781128,-0.034654129296541214,-0.7302262187004089,0.060085657984018326,0.022367022931575775,1.0349135398864746,,,
,,,,,,,32767.0,32767.0,90.0
240.584,0.05776986852288246,-2.274724006652832,0.3260205090045929,0.06706533581018448,0.01636454090476036,1.0264842510223389,,,
,,,,,,,32767.0,32767.0,90.0
240.594,6.392045974731445,-0.48189952969551086,0.5903699398040771,0.06253977864980698,0.02342182956635952,0.9893201589584351,,,
,,,,,,,32767.0,32767.0,90.0
240.604,0.3177416920661926,-0.21187956631183624,-0.6250125765800476,0.0768178179860115,0.048607148230075836,0.9819118976593018,,,
,,,,,,,32767.0,32767.0,90.0
240.614,-1.8991776704788208,1.2469582557678223,-0.518997848033905,0.07615797221660614,0.03952116146683693,0.9980714321136475,,,
,,,,,,,32767.0,32767.0,90.0
240.624,-3.191009759902954,1.6367580890655518,-0.5249160528182983,0.053975388407707214,0.021184120327234268,1.008971929550171,,,
,,,,,,,32767.0,32767.0,90.0
240.634,1.0277477502822876,-0.9092918634414673,0.12491403520107269,0.0602482371032238,0.020689021795988083,1.0273752212524414,,,
,,,,,,,32767.0,32767.0,90.0
240.644,1.5096362829208374,-1.6375852823257446,0.7857522964477539,0.06410903483629227,0.024378633126616478,1.0094393491744995,,,
,,,,,,,32767.0,32767.0,90.0
240.654,0.7085556983947754,-0.17982597649097443,0.12285459041595459,0.06383345276117325,0.037663329392671585,0.9873216152191162,,,
,,,,,,,32767.0,32767.0,90.0
240.664,-1.087554693222046,-0.03389660641551018,-0.19092342257499695,0.07525639235973358,0.040022753179073334,0.9879226088523865,,,
,,,,,,,32767.0,32767.0,90.0
240.674,-0.7472864985466003,0.5780505537986755,-0.5156838297843933,0.07080850005149841,0.02542090229690075,1.0004063844680786,,,
,,,,,,,32767.0,32767.0,90.0
240.684,0.7609326839447021,0.07669293880462646,-0.04426803067326546,0.059739720076322556,0.02868921123445034,1.014697551727295,,,
,,,,,,,32767.0,32767.0,90.0
240.694,0.42165735363960266,-0.7033600211143494,0.1794281154870987,0.06151135638356209,0.029110999777913094,1.0115045309066772,,,
,,,,,,,32767.0,32767.0,90.0
240.704,-0.07047047466039658,-0.39326757192611694,-0.0002113538794219494,0.06598855555057526,0.030619807541370392,0.9963839650154114,,,
,,,,,,,32767.0,32767.0,90.0
240.714,-0.42200225591659546,0.024721773341298103,-0.0731315016746521,0.06918695569038391,0.03796020895242691,0.9938873648643494,,,
,,,,,,,32767.0,32767.0,90.0
240.724,-1.1821209192276,0.5307150483131409,-0.04983602091670036,0.06717897206544876,0.03460574522614479,1.0026702880859375,,,
,,,,,,,32767.0,32767.0,90.0
240.734,0.11460705101490021,-0.12856189906597137,-0.42768168449401855,0.06503876298666,0.0261643398553133,1.0099925994873047,,,
,,,,,,,32767.0,32767.0,90.0
240.744,1.1111036539077759,-0.655915379524231,0.29830941557884216,0.06375397741794586,0.029345057904720306,1.0107847452163696,,,
,,,,,,,32767.0,30000.0,90.0
240.754,0.5635397434234619,-0.016385387629270554,-0.055952031165361404,0.06617678701877594,0.03218914568424225,1.000525712966919,,,
,,,,,,,32767.0,30000.0,90.0
240.764,-0.2755391597747803,0.03151046857237816,0.01722121797502041,0.06600315123796463,0.03352651372551918,0.9954260587692261,,,
,,,,,,,32767.0,30000.0,90.0
240.774,-0.5826666355133057,0.20564977824687958,-0.17172490060329437,0.06523611396551132,0.031041886657476425,1.0019651651382446,,,
,,,,,,,32767.0,30000.0,90.0
240.784,0.23339155316352844,0.06670650839805603,-0.09786981344223022,0.06661929190158844,0.02833312749862671,1.0096211433410645,,,
,,,,,,,32767.0,30000.0,90.0
240.794,3.7313575744628906,-0.6713137030601501,-0.6990712881088257,0.06528572738170624,0.018252089619636536,1.004599690437317,,,
,,,,,,,32767.0,30000.0,90.0
240.804,-1.78978431224823,0.2600117325782776,0.0880512222647667,0.06657452881336212,0.04106884077191353,0.9828874468803406,,,
,,,,,,,32767.0,30000.0,90.0
240.814,-9.577099800109863,0.018017135560512543,-0.016301032155752182,0.06714709848165512,0.05206496641039848,1.0158107280731201,,,
,,,,,,,32767.0,30000.0,90.0
240.824,7.399067401885986,-0.649222731590271,0.7610557079315186,0.0645020604133606,-0.0004985330742783844,0.9985979199409485,,,
,,,,,,,32767.0,30000.0,90.0
240.834,-3.9064712524414062,0.5702624320983887,-1.3234926462173462,0.0659349337220192,0.02883593551814556,1.0059866905212402,,,
,,,,,,,32767.0,30000.0,90.0
240.844,8.1364164352417,-1.4487671852111816,0.8693814277648926,0.0634281188249588,0.04888904094696045,1.0063204765319824,,,
,,,,,,,32767.0,30000.0,90.0
240.854,-3.632568359375,0.4310797452926636,-0.7898949980735779,0.069429911673069,0.027544833719730377,0.9903851747512817,,,
,,,,,,,32767.0,30000.0,90.0
240.864,1.1149765253067017,-0.23822395503520966,-0.12061505764722824,0.06507553160190582,0.03310500085353851,1.0093486309051514,,,
,,,,,,,32767.0,30000.0,90.0
240.874,-4.437871932983398,-0.12876196205615997,0.1379174292087555,0.06517421454191208,0.037472207099199295,1.00801420211792,,,
,,,,,,,32767.0,30000.0,90.0
240.884,-0.40661725401878357,-0.08329951763153076,0.10468204319477081,0.06720884144306183,0.022325318306684494,1.0001431703567505,,,
,,,,,,,32767.0,30000.0,90.0
240.894,2.1956207752227783,-0.11350540816783905,-0.13782618939876556,0.0658312439918518,0.02656482346355915,0.9987497329711914,,,
,,,,,,,32767.0,30000.0,90.0
240.904,0.2934946119785309,0.18333905935287476,-0.055709537118673325,0.06234823167324066,0.036171507090330124,1.0046659708023071,,,
,,,,,,,32767.0,30000.0,90.0
240.914,1.895210862159729,-0.3007737100124359,-0.034305181354284286,0.06352141499519348,0.026244690641760826,1.0050338506698608,,,
,,,,,,,32767.0,30000.0,90.0
240.924,-0.946485161781311,-0.3147534728050232,-0.5091422200202942,0.06401936709880829,0.031226960942149162,1.0003774166107178,,,
,,,,,,,32767.0,30000.0,90.0
240.934,-1.2646582126617432,-0.1118214875459671,-0.14369073510169983,0.06725525856018066,0.036105457693338394,1.0027045011520386,,,
,,,,,,,32767.0,30000.0,90.0
240.944,-1.6285604238510132,-0.27568015456199646,-0.10503760725259781,0.06752469390630722,0.030704732984304428,0.9994940757751465,,,
,,,,,,,32767.0,30000.0,90.0
240.954,0.47237497568130493,0.015337211079895496,0.16600646078586578,0.06494176387786865,0.028107978403568268,1.003322958946228,,,
,,,,,,,32767.0,30000.0,90.0
240.964,1.392158031463623,-0.3423318862915039,-0.16493193805217743,0.06579065322875977,0.03203171119093895,1.0055272579193115,,,
,,,,,,,32767.0,30000.0,90.0
240.974,1.2330197095870972,0.003931374754756689,0.04875187203288078,0.06458794325590134,0.03129042685031891,1.0037883520126343,,,
,,,,,,,32767.0,30000.0,90.0
240.984,-0.08407185971736908,0.2452096939086914,-0.012448140420019627,0.06533052027225494,0.03318238630890846,1.0016463994979858,,,
,,,,,,,32767.0,30000.0,90.0
240.994,-1.3209028244018555,-0.02492131106555462,-0.27570340037345886,0.06515993177890778,0.034155961126089096,1.0007299184799194,,,
,,,,,,,32767.0,30000.0,90.0
241.004,-1.3395622968673706,-0.18497419357299805,-0.3480178117752075,0.06555721163749695,0.02990943193435669,1.004013180732727,,,
,,,,,,,32767.0,30000.0,90.0
241.014,-0.08159095048904419,0.11539530754089355,-0.005074155982583761,0.06572068482637405,0.028351010754704475,1.0034654140472412,,,
,,,,,,,32767.0,30000.0,90.0
241.024,0.9077388644218445,-0.07414897531270981,-0.14802253246307373,0.06348660588264465,0.03141715005040169,1.0043784379959106,,,
,,,,,,,32767.0,30000.0,90.0
241.034,0.9604815244674683,-0.18422910571098328,0.07440908253192902,0.06292945146560669,0.03407308831810951,1.004944920539856,,,
,,,,,,,32767.0,30000.0,90.0
241.044,0.3001265227794647,-0.2655032277107239,0.03314274549484253,0.06627656519412994,0.03241622820496559,1.002443552017212,,,
,,,,,,,32767.0,30000.0,90.0
241.054,-0.7775472402572632,0.08493480086326599,-0.1712646484375,0.06691141426563263,0.030939316377043724,1.0012239217758179,,,
,,,,,,,32767.0,30000.0,90.0
241.064,-0.9346034526824951,0.1620723307132721,-0.0018061829032376409,0.06620508432388306,0.03184863179922104,1.0042015314102173,,,
,,,,,,,32767.0,30000.0,90.0
241.074,-0.6313136219978333,-0.24613378942012787,-0.23691166937351227,0.064937524497509,0.03107377514243126,1.0035079717636108,,,
,,,,,,,32767.0,30000.0,90.0
241.084,0.5895600914955139,0.06536826491355896,-0.1474878191947937,0.063188336789608,0.030353320762515068,1.0035370588302612,,,
,,,,,,,32767.0,30000.0,90.0
241.094,0.9035322070121765,0.07352942228317261,0.0540136843919754,0.06614093482494354,0.03143782541155815,1.0029910802841187,,,
,,,,,,,32767.0,30000.0,90.0
241.104,0.6053537130355835,-0.1331571340560913,-0.11944324523210526,0.06447932869195938,0.03127320110797882,1.0020554065704346,,,
,,,,,,,32767.0,30000.0,90.0
241.114,-0.5549314022064209,-0.16209003329277039,0.004429008346050978,0.06506465375423431,0.031151946634054184,1.0024440288543701,,,
,,,,,,,32767.0,30000.0,90.0
241.124,-0.614686906337738,-0.18305130302906036,-0.11215353012084961,0.06624745577573776,0.033586375415325165,1.0029959678649902,,,
,,,,,,,32767.0,30000.0,90.0
241.134,-0.7574875950813293,0.19293715059757233,-0.1295427531003952,0.06685113161802292,0.03197784721851349,1.0061274766921997,,,
,,,,,,,32767.0,30000.0,90.0
241.144,0.25909432768821716,-0.148238867521286,-0.13447648286819458,0.06563197821378708,0.02988709695637226,1.006035327911377,,,
,,,,,,,32767.0,30000.0,90.0
241.154,0.795502245426178,-0.278944194316864,-0.12609709799289703,0.06404092162847519,0.0306633859872818,1.0026969909667969,,,
,,,,,,,32767.0,30000.0,90.0
241.164,0.4936932623386383,-0.21820314228534698,-0.25405630469322205,0.06474429368972778,0.03118813782930374,1.0023616552352905,,,
,,,,,,,32767.0,30000.0,90.0
241.174,-0.15049301087856293,0.10853826254606247,-0.37834569811820984,0.06494840979576111,0.03176248073577881,0.9991412162780762,,,
,,,,,,,32767.0,30000.0,90.0
241.184,-0.8072736859321594,-0.0578664094209671,-0.0697147473692894,0.06453005224466324,0.03089081682264805,1.000190019607544,,,
,,,,,,,32767.0,30000.0,90.0
241.194,-0.5421473383903503,0.1927523910999298,-0.10259734839200974,0.06608336418867111,0.03208767622709274,1.0037856101989746,,,
,,,,,,,32767.0,30000.0,90.0
241.204,0.046936262398958206,0.014611199498176575,0.33480969071388245,0.06424833089113235,0.02844240516424179,1.0063608884811401,,,
,,,,,,,32767.0,30000.0,90.0
241.214,0.5790886282920837,-0.2899259328842163,-0.0834466740489006,0.06258677691221237,0.02934306673705578,1.0036814212799072,,,
,,,,,,,32767.0,30000.0,90.0
241.224,0.5550891160964966,-0.32812467217445374,0.20375655591487885,0.0640827864408493,0.02949519082903862,1.003200888633728,,,
,,,,,,,32767.0,30000.0,90.0
241.234,0.1028001680970192,-0.11137198656797409,-0.021617937833070755,0.064149409532547,0.03203773871064186,1.000298023223877,,,
,,,,,,,32767.0,30000.0,90.0
241.244,-0.20354798436164856,-0.1385682076215744,-0.10765247792005539,0.0642380341887474,0.03048914298415184,1.0016573667526245,,,
,,,,,,,32767.0,30000.0,90.0
241.254,-0.2829897403717041,0.02910645119845867,-0.22781315445899963,0.06481918692588806,0.03051321767270565,1.005822777748108,,,
,,,,,,,32767.0,30000.0,90.0
241.264,0.01995239220559597,-0.16796638071537018,-0.02065250277519226,0.06467623263597488,0.03028833121061325,1.0034297704696655,,,
,,,,,,,32767.0,30000.0,90.0
241.274,0.3156936466693878,-0.30067285895347595,-0.08841002732515335,0.06410378962755203,0.02913377247750759,1.004243016242981,,,
,,,,,,,32767.0,30000.0,90.0
241.284,0.3465673625469208,-0.09946707636117935,0.020924966782331467,0.06413475424051285,0.029827605932950974,1.0022438764572144,,,
,,,,,,,32767.0,30000.0,90.0
241.294,0.18981364369392395,-0.16447977721691132,-0.05825287103652954,0.06759373098611832,0.03442288935184479,1.0000197887420654,,,
,,,,,,,32767.0,30000.0,90.0
241.304,-0.5017071962356567,0.16120144724845886,-0.25124263763427734,0.06740835309028625,0.03428344801068306,1.001012921333313,,,
,,,,,,,32767.0,30000.0,90.0
241.314,-0.4330965280532837,-0.17714042961597443,-0.032240357249975204,0.06512465327978134,0.030711177736520767,1.0033890008926392,,,
,,,,,,,32767.0,30000.0,90.0
241.324,-0.18427933752536774,-0.08457762002944946,0.03430825099349022,0.06633229553699493,0.030998624861240387,1.0013463497161865,,,
,,,,,,,32767.0,30000.0,90.0
241.334,0.05078966170549393,-0.11876123398542404,-0.2156248539686203,0.06529217958450317,0.028988949954509735,1.0022164583206177,,,
,,,,,,,32767.0,30000.0,90.0
241.344,0.2953983545303345,-0.06844931095838547,-0.15198002755641937,0.0641099140048027,0.02992580644786358,1.002325177192688,,,
,,,,,,,32767.0,30000.0,90.0
241.354,0.23405146598815918,-0.26684799790382385,-0.14308178424835205,0.06223253533244133,0.028500882908701897,0.9997519254684448,,,
,,,,,,,32767.0,30000.0,90.0
241.364,-0.28073906898498535,-0.40748825669288635,-0.18199780583381653,0.06629656255245209,0.028869207948446274,1.0018234252929688,,,
,,,,,,,32767.0,30000.0,90.0
241.374,-0.3804432153701782,-0.24286521971225739,-0.2048419862985611,0.06810899823904037,0.029870709404349327,1.0010886192321777,,,
,,,,,,,32767.0,30000.0,90.0
241.384,-0.2344391942024231,-0.029250338673591614,-0.3571494519710541,0.06561695039272308,0.030162619426846504,1.0000823736190796,,,
,,,,,,,32767.0,30000.0,90.0
241.394,0.1279127597808838,0.1175626590847969,0.05945884808897972,0.06680713593959808,0.03229159489274025,1.0029098987579346,,,
,,,,,,,32767.0,30000.0,90.0
241.404,0.24767819046974182,0.17009909451007843,-0.05179744213819504,0.06481604278087616,0.030393533408641815,1.004106044769287,,,
,,,,,,,32767.0,30000.0,90.0
241.414,0.09030468016862869,-0.0035643589217215776,-0.04498150944709778,0.06689657270908356,0.03037690371274948,1.0011883974075317,,,
,,,,,,,32767.0,30000.0,90.0
241.424,-0.1901753544807434,-0.32973337173461914,-0.20413976907730103,0.06596806645393372,0.03375538811087608,1.001853346824646,,,
,,,,,,,32767.0,30000.0,90.0
241.434,-0.30880337953567505,-0.5564185380935669,0.02206260710954666,0.06646544486284256,0.0314687117934227,1.0020513534545898,,,
,,,,,,,32767.0,30000.0,90.0
241.444,-0.009684397839009762,0.10101208090782166,-0.0639500766992569,0.06834938377141953,0.030016232281923294,1.0031720399856567,,,
,,,,,,,32767.0,30000.0,90.0
241.454,0.10908272862434387,-0.3234177231788635,-0.13886906206607819,0.06706089526414871,0.032165903598070145,1.003872036933899,,,
,,,,,,,32767.0,30000.0,90.0
241.464,0.03471361845731735,-0.13362474739551544,0.39201799035072327,0.06361056119203568,0.03217562288045883,1.002237319946289,,,
,,,,,,,32767.0,30000.0,90.0
241.474,0.4700143039226532,0.24727177619934082,-0.10207600891590118,0.0641578957438469,0.031062593683600426,1.0016040802001953,,,
,,,,,,,32767.0,30000.0,90.0
241.484,-0.35596370697021484,-0.08288203924894333,0.04975195229053497,0.06316007673740387,0.034231994301080704,1.0048091411590576,,,
,,,,,,,32767.0,30000.0,90.0
241.494,-0.31051552295684814,-0.08867055177688599,0.20901727676391602,0.0653851106762886,0.027111858129501343,1.0021231174468994,,,
,,,,,,,32767.0,30000.0,90.0
241.504,0.19492685794830322,-0.045658353716135025,-0.08677301555871964,0.06532315164804459,0.03158093988895416,1.0031867027282715,,,
,,,,,,,32767.0,30000.0,90.0
241.514,-0.15848137438297272,-0.3024876117706299,-0.11599177122116089,0.06420189887285233,0.0334349162876606,1.0052740573883057,,,
,,,,,,,32767.0,30000.0,90.0
241.524,-0.08040684461593628,-0.056890055537223816,-0.06862425804138184,0.06348688155412674,0.025154292583465576,1.0035219192504883,,,
,,,,,,,32767.0,30000.0,90.0
241.534,0.42160606384277344,-0.23065140843391418,-0.16475757956504822,0.06415949761867523,0.033070847392082214,1.0020445585250854,,,
,,,,,,,32767.0,30000.0,90.0
241.544,-0.6318655610084534,-0.0410253144800663,-0.034881532192230225,0.06487444788217545,0.0380902960896492,1.0032695531845093,,,
,,,,,,,32767.0,30000.0,90.0
241.554,-0.3181494176387787,-0.15058693289756775,0.2186141163110733,0.0632927268743515,0.026794785633683205,1.0016465187072754,,,
,,,,,,,32767.0,30000.0,90.0
241.564,0.16351349651813507,0.13840939104557037,-0.2298707365989685,0.0651187151670456,0.02780781127512455,0.9984196424484253,,,
,,,,,,,32767.0,30000.0,90.0
241.574,-0.14089137315750122,-0.3594972491264343,-0.27211496233940125,0.06408233940601349,0.03477250784635544,1.004990577697754,,,
,,,,,,,32767.0,30000.0,90.0
241.584,-0.24127726256847382,-0.22802235186100006,0.009296072646975517,0.06403466314077377,0.02676098793745041,1.0029579401016235,,,
,,,,,,,32767.0,30000.0,90.0
241.594,0.5916864275932312,-0.05646314099431038,-0.022903496399521828,0.0631723403930664,0.03018052689731121,1.0019080638885498,,,
,,,,,,,32767.0,30000.0,90.0
241.604,-0.28915467858314514,-0.3751550316810608,0.19254910945892334,0.06308616697788239,0.03269517049193382,1.005240559577942,,,
,,,,,,,32767.0,30000.0,90.0
241.614,-0.17847248911857605,-0.017170095816254616,-0.0848698765039444,0.06665492057800293,0.028262553736567497,1.0015724897384644,,,
,,,,,,,32767.0,30000.0,90.0
241.624,-0.059430014342069626,-0.08766893297433853,-0.25977709889411926,0.06324594467878342,0.030558092519640923,1.003621220588684,,,
,,,,,,,32767.0,30000.0,90.0
241.634,-0.24768009781837463,0.018993312492966652,0.18007510900497437,0.06531237065792084,0.033670276403427124,1.0059679746627808,,,
,,,,,,,32767.0,30000.0,90.0
241.644,0.1422884613275528,-0.025033550336956978,0.13404183089733124,0.06398579478263855,0.027633827179670334,1.0048048496246338,,,
,,,,,,,32767.0,31000.0,90.0
241.654,0.2472619116306305,-0.1298193782567978,-0.1599871665239334,0.0659041479229927,0.028416579589247704,1.0008845329284668,,,
,,,,,,,35000.0,31000.0,90.0
241.664,-0.3192097842693329,-0.21992947161197662,0.10550234466791153,0.06359543651342392,0.03327297791838646,0.9999435544013977,,,
,,,,,,,35000.0,31000.0,90.0
241.674,0.8220134973526001,-0.10753951221704483,0.12516500055789948,0.06637544929981232,0.032256387174129486,1.0065624713897705,,,
,,,,,,,35000.0,31000.0,90.0
241.684,-0.5322881937026978,0.4208131432533264,-0.2552030086517334,0.0665888860821724,0.029924290254712105,1.0053539276123047,,,
,,,,,,,35000.0,31000.0,90.0
241.694,-1.0017646551132202,-0.9115391373634338,-0.1887183040380478,0.06425075978040695,0.035309091210365295,0.9980787038803101,,,
,,,,,,,35000.0,31000.0,90.0
241.704,3.7146337032318115,-0.9580813646316528,0.7243442535400391,0.0667538195848465,0.03547487035393715,1.0057979822158813,,,
,,,,,,,35000.0,31000.0,90.0
241.714,-2.3702750205993652,1.7426209449768066,-0.2604374289512634,0.06763593852519989,0.02290242537856102,0.9999799728393555,,,
,,,,,,,35000.0,31000.0,90.0
241.724,-0.21488645672798157,-0.010733544826507568,-0.38989952206611633,0.06082795932888985,0.034627024084329605,1.013981819152832,,,
,,,,,,,35000.0,30000.0,90.0
241.734,-0.4299982190132141,-0.11227719485759735,-0.16441482305526733,0.06258153915405273,0.03260139375925064,1.0049822330474854,,,
,,,,,,,36000.0,30000.0,90.0
241.744,-1.129052996635437,-0.3030809164047241,-0.18581518530845642,0.064970463514328,0.031121624633669853,0.9923251271247864,,,
,,,,,,,36000.0,30000.0,90.0
241.754,2.7680866718292236,-0.336419016122818,0.5496613383293152,0.06552628427743912,0.035091232508420944,0.9977437853813171,,,
,,,,,,,36000.0,30000.0,90.0
241.764,-2.039144277572632,0.7285271286964417,-0.02780045010149479,0.06761311739683151,0.03130940720438957,1.0018967390060425,,,
,,,,,,,36000.0,30000.0,90.0
241.774,-0.11124682426452637,-1.0646175146102905,-0.44740280508995056,0.06484535336494446,0.030785588547587395,1.0078679323196411,,,
,,,,,,,36000.0,30000.0,90.0
241.784,1.232265830039978,-0.15050916373729706,0.30596253275871277,0.06327791512012482,0.030597586184740067,1.006626844406128,,,
,,,,,,,36000.0,30000.0,90.0
241.794,-0.11990219354629517,0.3384492099285126,-0.5350776314735413,0.0637415274977684,0.026695532724261284,0.9991382956504822,,,
,,,,,,,36000.0,30000.0,90.0
241.804,2.467947244644165,-0.3809773921966553,0.09005612879991531,0.06594203412532806,0.031014787033200264,1.0007389783859253,,,
,,,,,,,36000.0,30000.0,90.0
241.814,-4.306536674499512,0.530091404914856,-0.018068550154566765,0.06721935421228409,0.037949059158563614,1.0023168325424194,,,
,,,,,,,36000.0,30000.0,90.0
241.824,0.7585096955299377,-0.12003692239522934,0.03058982640504837,0.06437606364488602,0.027564289048314095,1.0063103437423706,,,
,,,,,,,36000.0,30000.0,90.0
241.834,-0.05899177864193916,-0.009929495863616467,-0.10519500821828842,0.06736475229263306,0.027066752314567566,1.0014259815216064,,,
,,,,,,,43000.0,30000.0,90.0
241.844,1.4049429893493652,-0.21126510202884674,0.22637580335140228,0.06286447495222092,0.03710970655083656,1.0031498670578003,,,
,,,,,,,43000.0,30000.0,90.0
241.854,0.6870771646499634,-0.30443698167800903,0.06960142403841019,0.06613950431346893,0.029484273865818977,1.003264307975769,,,
,,,,,,,43000.0,30000.0,90.0
241.864,-0.10302774608135223,2.6923601627349854,-1.1726614236831665,0.06301888078451157,0.03276580199599266,1.0005253553390503,,,
,,,,,,,43000.0,30000.0,90.0
241.874,-3.944556713104248,-3.901731252670288,-0.46599987149238586,0.06982679665088654,0.04809136316180229,1.005150556564331,,,
,,,,,,,43000.0,30000.0,90.0
241.884,8.38846206665039,-0.08110613375902176,2.0903122425079346,0.06433175504207611,0.023611068725585938,0.9901238679885864,,,
,,,,,,,43000.0,30000.0,90.0
241.894,-3.791478395462036,2.7360687255859375,-1.241034984588623,0.0721392035484314,0.015265099704265594,0.9941956996917725,,,
,,,,,,,43000.0,30000.0,90.0
241.904,1.3318504095077515,-0.9632799625396729,0.34608978033065796,0.07603336125612259,0.04123583063483238,1.028692364692688,,,
,,,,,,,43000.0,30000.0,90.0
241.914,-4.209990978240967,0.4323654770851135,-0.2684326767921448,0.04053357243537903,0.04352901875972748,1.0037884712219238,,,
,,,,,,,43000.0,30000.0,90.0
241.924,-4.494587421417236,-0.5617310404777527,-0.3572390377521515,0.07494531571865082,0.020656002685427666,1.0115528106689453,,,
,,,,,,,43000.0,29000.0,90.0
241.934,7.768786430358887,-1.6729234457015991,0.7674489617347717,0.07057517766952515,0.01775684952735901,0.9944653511047363,,,
,,,,,,,48000.0,29000.0,90.0
241.944,-0.8072987794876099,0.4554014205932617,-0.40328463912010193,0.06329931318759918,0.049168847501277924,0.989112913608551,,,
,,,,,,,48000.0,29000.0,90.0
241.954,-1.7663812637329102,-0.4077397286891937,-0.35746392607688904,0.07688718289136887,0.043695200234651566,1.0076735019683838,,,
,,,,,,,48000.0,29000.0,90.0
241.964,0.22298173606395721,2.9746811389923096,-1.8681280612945557,0.06065845862030983,0.01604405976831913,1.0040702819824219,,,
,,,,,,,48000.0,29000.0,90.0
241.974,-1.1333039999008179,-2.1378681659698486,-0.3737764358520508,0.06615284085273743,0.029523970559239388,1.0104271173477173,,,
,,,,,,,48000.0,29000.0,90.0
241.984,3.909240484237671,-0.2513854503631592,1.6049773693084717,0.06685663014650345,0.031220916658639908,1.0026841163635254,,,
,,,,,,,48000.0,29000.0,90.0
241.994,-1.7931270599365234,0.42639726400375366,-0.012851854786276817,0.07167989760637283,0.020919445902109146,1.0021412372589111,,,
,,,,,,,48000.0,29000.0,90.0
242.004,-1.0504109859466553,0.33335307240486145,-0.567451536655426,0.06454714387655258,0.034543685615062714,1.0050358772277832,,,
,,,,,,,48000.0,29000.0,90.0
242.014,-1.7945709228515625,0.7501391172409058,-0.304677277803421,0.06397418677806854,0.03543759882450104,1.0008234977722168,,,
,,,,,,,48000.0,29000.0,90.0
242.024,2.501569986343384,-0.35629934072494507,0.36448749899864197,0.06403238326311111,0.02092049829661846,1.00752592086792,,,
,,,,,,,48000.0,30000.0,90.0
242.034,1.3993868827819824,-0.44555550813674927,0.2476748377084732,0.06628340482711792,0.029329920187592506,1.004460334777832,,,
,,,,,,,48000.0,30000.0,90.0
242.044,-1.7591633796691895,-0.1459660828113556,-0.14909163117408752,0.06697538495063782,0.038450438529253006,1.0007532835006714,,,
,,,,,,,48000.0,30000.0,90.0
242.054,-1.8249757289886475,0.3208911120891571,-0.17802131175994873,0.06725479662418365,0.032107725739479065,0.993996262550354,,,
,,,,,,,48000.0,30000.0,90.0
242.064,0.18727275729179382,0.5355572700500488,-0.04825000837445259,0.06476017087697983,0.027791842818260193,1.0027176141738892,,,
,,,,,,,48000.0,30000.0,90.0
242.074,1.1384079456329346,-0.1791525036096573,0.09236565977334976,0.06375303119421005,0.03307314217090607,1.0125932693481445,,,
,,,,,,,48000.0,30000.0,90.0
242.084,1.3212536573410034,-0.6761652231216431,0.13541020452976227,0.06524894386529922,0.03008609265089035,1.0039336681365967,,,
,,,,,,,48000.0,30000.0,90.0
242.094,-0.6401273012161255,0.43514934182167053,0.045861855149269104,0.06784843653440475,0.03486398234963417,0.9964665174484253,,,
,,,,,,,48000.0,30000.0,90.0
242.104,-0.2729317247867584,-0.0764942541718483,0.18941424787044525,0.06593786180019379,0.03617338091135025,0.9983717203140259,,,
,,,,,,,48000.0,30000.0,90.0
242.114,-1.978796362876892,-0.25616875290870667,-0.056826669722795486,0.06289740651845932,0.02766222506761551,1.0051265954971313,,,
,,,,,,,48000.0,30000.0,90.0
242.124,0.7993271946907043,-0.3029850423336029,-0.04613708332180977,0.06433586776256561,0.02517637237906456,1.009578824043274,,,
,,,,,,,48000.0,30000.0,90.0
242.134,0.24815207719802856,-0.09315450489521027,-0.228305846452713,0.06547186523675919,0.027607128024101257,1.0033622980117798,,,
,,,,,,,48000.0,30000.0,90.0
242.144,1.2426968812942505,-0.30303555727005005,-0.11087666451931,0.06677782535552979,0.033204395323991776,1.0016088485717773,,,
,,,,,,,48000.0,30000.0,90.0
242.154,-0.19861526787281036,-0.1382860392332077,-0.12697049975395203,0.06599563360214233,0.033350974321365356,0.9994892477989197,,,
,,,,,,,48000.0,30000.0,90.0
242.164,-0.7386893033981323,-0.14869457483291626,-0.16136299073696136,0.06442103534936905,0.03161268308758736,1.0047197341918945,,,
,,,,,,,48000.0,30000.0,90.0
242.174,-0.4634115993976593,-0.147944837808609,0.03375645726919174,0.06319469213485718,0.03122074343264103,1.0059534311294556,,,
,,,,,,,48000.0,30000.0,90.0
242.184,-0.5676034688949585,-0.2571989893913269,-0.24288447201251984,0.06651416420936584,0.03136170655488968,1.0027509927749634,,,
,,,,,,,48000.0,30000.0,90.0
242.194,0.8068042397499084,-0.3849537968635559,-0.19145309925079346,0.06636525690555573,0.031957294791936874,1.0017939805984497,,,
,,,,,,,48000.0,32767.0,90.0
242.204,0.5268558859825134,-0.21164581179618835,0.07817365974187851,0.06412898004055023,0.03129030391573906,1.0032998323440552,,,
,,,,,,,48000.0,32767.0,90.0
242.214,0.7407374978065491,-0.15896661579608917,-0.09081264585256577,0.06389261037111282,0.032689131796360016,1.0026450157165527,,,
,,,,,,,48000.0,32767.0,90.0
242.224,-3.108389139175415,0.17054259777069092,-0.05516448989510536,0.06835547834634781,0.03704127296805382,0.9993520379066467,,,
,,,,,,,48000.0,32767.0,90.0
242.234,-0.02107064053416252,-0.17416106164455414,0.060868434607982635,0.0667881965637207,0.030427491292357445,1.0092353820800781,,,
,,,,,,,48000.0,32767.0,90.0
242.244,8.431909561157227,-0.6874420642852783,-0.26559028029441833,0.06647884845733643,0.013560427352786064,0.9900720715522766,,,
,,,,,,,48000.0,32767.0,90.0
242.254,-3.6808290481567383,0.6928978562355042,-0.7457560300827026,0.06730750948190689,0.04840646684169769,1.0043833255767822,,,
,,,,,,,48000.0,32767.0,90.0
242.264,1.1817580461502075,-0.7867596745491028,0.4778616726398468,0.0639810711145401,0.040603939443826675,1.0049693584442139,,,
,,,,,,,48000.0,32767.0,90.0
242.274,-6.13780403137207,0.7426948547363281,-0.6565617918968201,0.06633184105157852,0.021559489890933037,0.9957663416862488,,,
,,,,,,,48000.0,32767.0,90.0
242.284,1.52230703830719,-0.4995729625225067,0.40565454959869385,0.062451984733343124,0.031853899359703064,1.0089184045791626,,,
,,,,,,,48000.0,32767.0,90.0
242.294,-0.12159635871648788,-0.055570490658283234,0.09021323174238205,0.06504583358764648,0.02951505407691002,1.0014151334762573,,,
,,,,,,,48000.0,32767.0,90.0
242.304,2.821852684020996,-0.15869541466236115,-0.23757295310497284,0.06570087373256683,0.02618899568915367,1.0010844469070435,,,
,,,,,,,48000.0,32767.0,90.0
242.314,0.9152389764785767,-0.2996278703212738,-0.052701227366924286,0.06458980590105057,0.03736462816596031,1.0040266513824463,,,
,,,,,,,48000.0,32767.0,90.0
242.324,-1.1686710119247437,-0.06746003776788712,0.16363081336021423,0.06553784012794495,0.030578911304473877,1.0038262605667114,,,
,,,,,,,48000.0,32767.0,90.0
242.334,-1.0386382341384888,0.030168022960424423,0.19254931807518005,0.06417058408260345,0.028778493404388428,1.0033050775527954,,,
,,,,,,,48000.0,32767.0,90.0
242.344,-1.4687814712524414,0.15741610527038574,-0.21550561487674713,0.06582965701818466,0.03232334926724434,1.0045077800750732,,,
,,,,,,,48000.0,32767.0,90.0
242.354,-0.14484505355358124,-0.012180827558040619,0.6545544862747192,0.06634566932916641,0.030020015314221382,1.0058889389038086,,,
,,,,,,,48000.0,32767.0,90.0
242.364,1.5606834888458252,-0.22025230526924133,-0.10114656388759613,0.06762897968292236,0.027849536389112473,1.0003165006637573,,,
,,,,,,,48000.0,32767.0,90.0
242.374,0.44305339455604553,-0.09356310218572617,0.0009724411065690219,0.06534036248922348,0.03568778559565544,1.0048060417175293,,,
,,,,,,,48000.0,32767.0,90.0
242.384,0.703096866607666,-0.06167781352996826,0.07269081473350525,0.06606592237949371,0.03202200308442116,1.004420280456543,,,
,,,,,,,48000.0,32767.0,90.0
242.394,-1.0075151920318604,0.20708028972148895,-0.10324806720018387,0.0662069171667099,0.03197968378663063,1.0009669065475464,,,
,,,,,,,48000.0,32767.0,90.0
242.404,-1.125677466392517,-0.2195594161748886,-0.20793583989143372,0.06418976187705994,0.036034129559993744,1.005493402481079,,,
,,,,,,,48000.0,32767.0,90.0
242.414,-0.8139083981513977,0.061044592410326004,0.1463780254125595,0.06540102511644363,0.030495576560497284,1.003467082977295,,,
,,,,,,,48000.0,32767.0,90.0
242.424,0.7945813536643982,-0.09828972071409225,0.1838388293981552,0.06473241746425629,0.02771630510687828,1.0048975944519043,,,
,,,,,,,48000.0,32767.0,90.0
242.434,1.136284589767456,-0.33267730474472046,-0.16489282250404358,0.06374682486057281,0.032592300325632095,1.0052857398986816,,,
,,,,,,,48000.0,32767.0,90.0
242.444,0.23736049234867096,-0.12504842877388,-0.18294358253479004,0.06738331913948059,0.03194796293973923,1.0023733377456665,,,
,,,,,,,48000.0,32767.0,90.0
242.454,-0.1276322454214096,-0.18480953574180603,0.039510514587163925,0.06411675363779068,0.03127153217792511,1.000974178314209,,,
,,,,,,,48000.0,32767.0,90.0
242.464,-1.4839617013931274,0.2402724027633667,-0.27355533838272095,0.06353583931922913,0.031797949224710464,1.0060838460922241,,,
,,,,,,,48000.0,32767.0,90.0
242.474,-0.44178783893585205,-0.26999035477638245,-0.19869692623615265,0.06619466096162796,0.030788633972406387,1.004406452178955,,,
,,,,,,,48000.0,32767.0,90.0
242.484,0.3334566354751587,-0.17031334340572357,-0.047511473298072815,0.06539945304393768,0.03013380989432335,1.0057241916656494,,,
,,,,,,,48000.0,32767.0,90.0
242.494,0.9063401222229004,-0.3416587710380554,0.025887086987495422,0.06567668169736862,0.03113650716841221,1.0049848556518555,,,
,,,,,,,48000.0,32767.0,90.0
242.504,0.45612403750419617,0.08766385912895203,-0.034017033874988556,0.0648411214351654,0.03288708254694939,1.0014249086380005,,,
,,,,,,,48000.0,32767.0,90.0
242.514,0.11316824704408646,-0.043966613709926605,-0.2019280344247818,0.06651747971773148,0.03455790877342224,1.00417160987854,,,
,,,,,,,48000.0,32767.0,90.0
242.524,-0.9907625913619995,-0.12725935876369476,-0.03662407770752907,0.0652463361620903,0.030983636155724525,1.000058889389038,,,
,,,,,,,48000.0,32767.0,90.0
242.534,-0.23392948508262634,0.2944084405899048,-0.041074302047491074,0.06408342719078064,0.030453328043222427,1.002348780632019,,,
,,,,,,,48000.0,32767.0,90.0
242.544,-0.23803581297397614,-0.3231332302093506,0.023403003811836243,0.06388679146766663,0.03184834495186806,1.0057625770568848,,,
,,,,,,,51000.0,32767.0,90.0
242.554,0.5790267586708069,0.046399302780628204,-0.04007865861058235,0.0640035942196846,0.030127467587590218,1.004155158996582,,,
,,,,,,,51000.0,32767.0,90.0
242.564,0.6304647326469421,-0.16930265724658966,0.10503546893596649,0.06341146677732468,0.030713921412825584,1.0013071298599243,,,
,,,,,,,51000.0,32767.0,90.0
242.574,-0.5361260771751404,-0.3977428674697876,-0.025482764467597008,0.06454765051603317,0.030981244519352913,1.0036516189575195,,,
,,,,,,,51000.0,32767.0,90.0
242.584,-0.7460962533950806,0.6564067602157593,-0.3956645727157593,0.0631028264760971,0.027491603046655655,0.9995735883712769,,,
,,,,,,,51000.0,32767.0,90.0
242.594,-0.09905795753002167,-0.9677175879478455,0.2997893989086151,0.06651920825242996,0.03371259197592735,1.0027763843536377,,,
,,,,,,,51000.0,32767.0,90.0
242.604,0.2242514193058014,-0.004445127211511135,0.1649804562330246,0.06737267971038818,0.030767476186156273,0.9987354874610901,,,
,,,,,,,51000.0,32767.0,90.0
242.614,1.092936396598816,0.4981214106082916,-0.05151159316301346,0.0674644336104393,0.02676001749932766,1.0028408765792847,,,
,,,,,,,51000.0,32767.0,90.0
242.624,-0.8782097697257996,-0.2810528874397278,-0.3718556761741638,0.06358053535223007,0.03442741557955742,1.0053880214691162,,,
,,,,,,,51000.0,32767.0,90.0
242.634,-1.0922715663909912,-0.05594287067651749,0.1582174301147461,0.06319008767604828,0.034128669649362564,1.0021247863769531,,,
,,,,,,,51000.0,32767.0,90.0
242.644,1.0996205806732178,-0.5300068855285645,0.1644955575466156,0.06310915946960449,0.029454907402396202,1.0020813941955566,,,
,,,,,,,53000.0,32767.0,90.0
242.654,-0.25152483582496643,-0.34361356496810913,0.032285064458847046,0.06442207843065262,0.032666612416505814,1.0005238056182861,,,
,,,,,,,53000.0,32767.0,90.0
242.664,-0.7784425020217896,0.36581775546073914,-0.16510696709156036,0.06505322456359863,0.03328854218125343,1.0040309429168701,,,
,,,,,,,53000.0,32767.0,90.0
242.674,-0.3740907311439514,-0.7799814939498901,-0.34765005111694336,0.06386533379554749,0.03051178902387619,1.0028754472732544,,,
,,,,,,,53000.0,32767.0,90.0
242.684,0.7238311767578125,-0.05199265107512474,0.340120404958725,0.06503909081220627,0.0291840098798275,0.9985511898994446,,,
,,,,,,,53000.0,32767.0,90.0
242.694,1.189296007156372,0.282227098941803,0.02291538193821907,0.06687622517347336,0.029137974604964256,1.0011638402938843,,,
,,,,,,,53000.0,32767.0,90.0
242.704,-1.365693211555481,-0.27506697177886963,-0.10624940693378448,0.06473581492900848,0.03351200744509697,1.0038176774978638,,,
,,,,,,,53000.0,32767.0,90.0
242.714,-0.7346462607383728,-0.1925446093082428,0.16864053905010223,0.06447803974151611,0.031236985698342323,1.0014995336532593,,,
,,,,,,,53000.0,32767.0,90.0
242.724,0.42276644706726074,-0.07914762943983078,0.011300850659608841,0.06623491644859314,0.02903473563492298,1.0006821155548096,,,
,,,,,,,56000.0,32767.0,90.0
242.734,0.10530733317136765,0.04868359491229057,0.1239691972732544,0.06565511971712112,0.03492831066250801,1.0018972158432007,,,
,,,,,,,56000.0,32767.0,90.0
242.744,-0.20280657708644867,-0.14093729853630066,-0.228506401181221,0.06699664145708084,0.03162572532892227,1.000536561012268,,,
,,,,,,,56000.0,32767.0,90.0
242.754,0.34326475858688354,0.0542403906583786,-0.0019049629336223006,0.06503231823444366,0.0314939022064209,1.003084421157837,,,
,,,,,,,56000.0,32767.0,90.0
242.764,0.0894104614853859,0.40606802701950073,-0.0840052142739296,0.06376931071281433,0.032212790101766586,1.0014208555221558,,,
,,,,,,,56000.0,32767.0,90.0
242.774,0.17493076622486115,-1.0651518106460571,-0.08260907977819443,0.06826956570148468,0.0332944393157959,1.0038774013519287,,,
,,,,,,,56000.0,32767.0,90.0
242.784,0.05289414897561073,-0.017423545941710472,0.24021567404270172,0.06599947810173035,0.029273686930537224,1.0004792213439941,,,
,,,,,,,56000.0,32767.0,90.0
242.794,0.0401005744934082,0.7942380309104919,-0.16701756417751312,0.06919961422681808,0.028746958822011948,1.0040091276168823,,,
,,,,,,,56000.0,32767.0,90.0
242.804,-0.6929121017456055,-0.34122785925865173,-0.048140060156583786,0.06534697115421295,0.0357697568833828,1.00877046585083,,,
,,,,,,,56000.0,32767.0,90.0
242.814,-0.4322892129421234,-0.2589782774448395,-0.10077974200248718,0.06300155818462372,0.033180300146341324,1.0034263134002686,,,
,,,,,,,59000.0,32767.0,90.0
242.824,0.9253034591674805,0.03711311146616936,-0.021754907444119453,0.06490631401538849,0.02974412404000759,1.0005097389221191,,,
,,,,,,,59000.0,32767.0,90.0
242.834,0.19498296082019806,0.36729156970977783,0.09188778698444366,0.06618105620145798,0.0343029759824276,1.0059882402420044,,,
,,,,,,,59000.0,32767.0,90.0
242.844,-0.8271346688270569,0.34555745124816895,-0.3481365442276001,0.06486216187477112,0.034553807228803635,1.000963807106018,,,
,,,,,,,59000.0,32767.0,90.0
242.854,0.08543460816144943,-0.5596368908882141,-0.3325914740562439,0.06867516785860062,0.031431689858436584,1.0003933906555176,,,
,,,,,,,59000.0,32767.0,90.0
242.864,0.6648896932601929,-0.40957915782928467,0.12903429567813873,0.06883440911769867,0.02969733066856861,0.9984446167945862,,,
,,,,,,,59000.0,32767.0,90.0
242.874,0.7308154106140137,0.8275117874145508,-0.10160912573337555,0.06981997191905975,0.030619731172919273,1.0005096197128296,,,
,,,,,,,59000.0,32767.0,90.0
242.884,-1.361014723777771,0.18959324061870575,-0.23668576776981354,0.06552594155073166,0.03358372300863266,1.0056109428405762,,,
,,,,,,,59000.0,32767.0,90.0
242.894,-1.3869359493255615,-0.34623852372169495,-0.11945167183876038,0.0655328631401062,0.032280806452035904,1.003090500831604,,,
,,,,,,,62000.0,32767.0,90.0
242.904,1.186212182044983,0.23575684428215027,0.1512664258480072,0.06432411074638367,0.02798457071185112,1.001555323600769,,,
,,,,,,,62000.0,32767.0,90.0
242.914,0.41586118936538696,-0.08547352999448776,0.13929860293865204,0.06720175594091415,0.03199545294046402,1.0023921728134155,,,
,,,,,,,62000.0,32767.0,90.0
242.924,-0.7829378843307495,0.21353958547115326,-0.42125403881073,0.06499797105789185,0.033437974750995636,1.0018625259399414,,,
,,,,,,,62000.0,32767.0,90.0
242.934,-0.014561956748366356,-0.44158658385276794,-0.26274749636650085,0.0679854229092598,0.031234418973326683,1.0026284456253052,,,
,,,,,,,62000.0,32767.0,90.0
242.944,1.0080679655075073,-0.2845771312713623,0.36681461334228516,0.06659138947725296,0.03218736872076988,1.0015389919281006,,,
,,,,,,,62000.0,32767.0,90.0
242.954,0.2969822585582733,0.12089625000953674,0.3115095794200897,0.06548409163951874,0.030155450105667114,1.0030709505081177,,,
,,,,,,,62000.0,32767.0,90.0
242.964,-0.9978046417236328,0.09978429973125458,-0.3795184791088104,0.06215708330273628,0.03402504697442055,1.0038541555404663,,,
,,,,,,,62000.0,32767.0,90.0
242.974,-1.1992992162704468,-0.3468347191810608,-0.2793552279472351,0.06327224522829056,0.03338401019573212,1.001823902130127,,,
,,,,,,,62000.0,32767.0,90.0
242.984,0.9370120167732239,0.03473079204559326,0.058467648923397064,0.06571782380342484,0.028663286939263344,1.0031960010528564,,,
,,,,,,,64000.0,32767.0,90.0
242.994,0.4896714389324188,-0.09410418570041656,-0.06617244333028793,0.06703994423151016,0.028800448402762413,1.0008972883224487,,,
,,,,,,,64000.0,32767.0,90.0
243.004,-0.5299007296562195,0.07389206439256668,-0.36545783281326294,0.06720135360956192,0.032200489193201065,1.004004716873169,,,
,,,,,,,64000.0,32767.0,90.0
243.014,-0.31278547644615173,-0.13246393203735352,-0.0904441624879837,0.06516938656568527,0.031836140900850296,1.0020067691802979,,,
,,,,,,,64000.0,32767.0,90.0
243.024,0.08466944843530655,0.2535470426082611,-0.11280328035354614,0.06447571516036987,0.028633741661906242,1.0021194219589233,,,
,,,,,,,64000.0,32767.0,90.0
243.034,-0.2679218649864197,-0.28308653831481934,0.04085538163781166,0.06533129513263702,0.03406703472137451,1.0048766136169434,,,
,,,,,,,64000.0,32767.0,90.0
243.044,0.10428227484226227,-0.056105438619852066,0.1743246465921402,0.06547486782073975,0.02961323969066143,1.0027296543121338,,,
,,,,,,,64000.0,32767.0,90.0
243.054,0.4062044024467468,0.3854229748249054,-0.31307920813560486,0.06360792368650436,0.02850937843322754,1.0019577741622925,,,
,,,,,,,64000.0,32767.0,90.0
243.064,-0.5066199898719788,-0.13415391743183136,-0.19386552274227142,0.06199462711811066,0.03610336035490036,1.0051764249801636,,,
,,,,,,,64000.0,32767.0,90.0
243.074,-0.05556831508874893,-0.263376921415329,0.07546257227659225,0.06380446255207062,0.030704770237207413,1.0032298564910889,,,
,,,,,,,64000.0,32767.0,90.0
243.084,0.15523728728294373,0.059375863522291183,-0.223544180393219,0.0660451352596283,0.02804320491850376,1.0019739866256714,,,
,,,,,,,64000.0,32767.0,90.0
243.094,-0.17122453451156616,-0.08791891485452652,-0.1843695193529129,0.06477095186710358,0.0327056348323822,1.0046749114990234,,,
,,,,,,,64000.0,32767.0,90.0
243.104,-0.5858209133148193,-0.2029958963394165,0.06940541416406631,0.06457236409187317,0.03255423903465271,1.001975655555725,,,
,,,,,,,64000.0,32767.0,90.0
243.114,0.381870836019516,-0.3624011278152466,-0.07758984714746475,0.06526119261980057,0.03245532885193825,1.003279209136963,,,
,,,,,,,65535.0,32767.0,90.0
243.124,-0.03596605733036995,0.2519446909427643,-0.01396939717233181,0.06523920595645905,0.030548114329576492,1.0060666799545288,,,
,,,,,,,65535.0,32767.0,90.0
243.134,-0.09818974137306213,0.15236906707286835,-0.0005453726043924689,0.06489354372024536,0.03028550185263157,1.003493070602417,,,
,,,,,,,65535.0,32767.0,90.0
243.144,-0.08705268800258636,0.17578913271427155,-0.33486440777778625,0.06783799082040787,0.03142697736620903,1.000077247619629,,,
,,,,,,,65535.0,32767.0,90.0
243.154,0.34682026505470276,-0.24657213687896729,0.13209539651870728,0.06891721487045288,0.03639696538448334,1.0031415224075317,,,
,,,,,,,65535.0,32767.0,90.0
243.164,-0.30588164925575256,-0.2516441345214844,0.11661521345376968,0.06881442666053772,0.02964119054377079,1.0025157928466797,,,
,,,,,,,65535.0,32767.0,90.0
243.174,0.33756014704704285,0.4424898326396942,-0.17097480595111847,0.06479673087596893,0.029741710051894188,1.0016884803771973,,,
,,,,,,,65535.0,32767.0,90.0
243.184,-0.4132881462574005,0.1463514268398285,-0.07902678847312927,0.06410206109285355,0.03606266528367996,1.0029246807098389,,,
,,,,,,,65535.0,32767.0,90.0
243.194,-0.3416699171066284,-0.41939055919647217,-0.04885409027338028,0.06482041627168655,0.032526895403862,1.0018491744995117,,,
,,,,,,,65535.0,32767.0,90.0
243.204,0.6041609644889832,-0.04432942345738411,0.07182404398918152,0.065084308385849,0.028696805238723755,1.0041245222091675,,,
,,,,,,,65535.0,32767.0,90.0
243.214,-0.17485252022743225,0.1969871073961258,-0.17587557435035706,0.0657094195485115,0.03319067880511284,1.0048346519470215,,,
,,,,,,,65535.0,32767.0,90.0
243.224,-0.07056017965078354,0.019134530797600746,0.05541767179965973,0.06512930244207382,0.032852839678525925,1.0018624067306519,,,
,,,,,,,65535.0,32767.0,90.0
243.234,-0.031591884791851044,-0.28532880544662476,-0.07108322530984879,0.06434505432844162,0.03037409856915474,1.0010604858398438,,,
,,,,,,,65535.0,32767.0,90.0
243.244,0.10853562504053116,-0.019809894263744354,-0.07823691517114639,0.06472685188055038,0.029712509363889694,1.0033620595932007,,,
,,,,,,,65535.0,32767.0,90.0
243.254,-0.34287458658218384,0.3173743486404419,0.05771482735872269,0.06542409211397171,0.03050634264945984,1.0007553100585938,,,
,,,,,,,65535.0,32767.0,90.0
243.264,0.05581606924533844,-0.11600284278392792,-0.2325221300125122,0.0655057355761528,0.03022177703678608,0.9982635378837585,,,
,,,,,,,65535.0,32767.0,90.0
243.274,0.08840841799974442,-0.08242229372262955,0.2711406350135803,0.06727265566587448,0.036909788846969604,1.0053164958953857,,,
,,,,,,,65535.0,32767.0,90.0
243.284,0.0391596183180809,-0.5668026208877563,-0.3283402621746063,0.06228669360280037,0.02361801080405712,0.995431125164032,,,
,,,,,,,65535.0,32767.0,90.0
243.294,1.0591117143630981,0.4600174129009247,-0.30073827505111694,0.06569842249155045,0.02989966981112957,0.9937067031860352,,,
,,,,,,,65535.0,32767.0,90.0
243.304,-0.7090557217597961,-0.04736800491809845,0.35892388224601746,0.06534408032894135,0.0465899258852005,1.0099897384643555,,,
,,,,,,,65535.0,32767.0,90.0
243.314,-0.9059267640113831,-0.7509607672691345,0.1227848157286644,0.0655231699347496,0.021307697519659996,1.0059036016464233,,,
,,,,,,,65535.0,32767.0,90.0
243.324,1.3619483709335327,0.18727828562259674,-0.44289901852607727,0.06695523113012314,0.02252981811761856,0.996990978717804,,,
,,,,,,,65535.0,32767.0,90.0
243.334,-0.4472178816795349,0.026869049295783043,0.09517431259155273,0.0649702250957489,0.050615500658750534,1.0060912370681763,,,
,,,,,,,65535.0,32767.0,90.0
243.344,-1.0341598987579346,-0.449109822511673,0.02585010416805744,0.06402496993541718,0.026806840673089027,1.0006434917449951,,,
,,,,,,,65535.0,32767.0,90.0
243.354,1.407305359840393,0.3854387402534485,-0.5124300122261047,0.0653589516878128,0.01956256292760372,0.9988644123077393,,,
,,,,,,,65535.0,32767.0,90.0
243.364,-0.022911565378308296,-0.48172059655189514,-0.03301629796624184,0.06604861468076706,0.041988812386989594,1.0068731307983398,,,
,,,,,,,65535.0,32767.0,90.0
243.374,-0.7570591568946838,-0.253099650144577,0.07545673847198486,0.06547455489635468,0.029090698808431625,0.9995042085647583,,,
,,,,,,,65535.0,32767.0,90.0
243.384,0.5810394883155823,0.49693378806114197,-0.43816348910331726,0.0660279244184494,0.02339359000325203,1.0011169910430908,,,
,,,,,,,65535.0,32767.0,90.0
243.394,-0.2473491132259369,-0.2798579931259155,0.1317785680294037,0.06335651874542236,0.03928595036268234,1.0102201700210571,,,
,,,,,,,65535.0,32767.0,90.0
243.404,-0.6279873251914978,-0.029963815584778786,-0.07038257271051407,0.06636098027229309,0.03003905899822712,1.0028232336044312,,,
,,,,,,,65535.0,32767.0,90.0
243.414,0.6260014176368713,-0.07691165804862976,-0.39985811710357666,0.06813231110572815,0.030575335025787354,1.000394582748413,,,
,,,,,,,65535.0,32767.0,90.0
243.424,-0.4072883129119873,-0.08770129829645157,0.3443976938724518,0.06632456183433533,0.04293530434370041,1.0023247003555298,,,
,,,,,,,65535.0,32767.0,90.0
243.434,-0.4696252942085266,0.34171050786972046,-0.016616573557257652,0.06699845939874649,0.036052603274583817,1.0040557384490967,,,
,,,,,,,65535.0,32767.0,90.0
243.444,0.08717501908540726,0.053388021886348724,0.017760492861270905,0.0672786757349968,0.030263854190707207,1.0025943517684937,,,
,,,,,,,65535.0,32767.0,90.0
243.454,-0.16291289031505585,-0.29274114966392517,-0.3627157509326935,0.06695789098739624,0.03551652282476425,1.0027673244476318,,,
,,,,,,,65535.0,32767.0,90.0
243.464,-0.372171014547348,0.1162172257900238,-0.19278836250305176,0.06772281974554062,0.031548961997032166,1.0022515058517456,,,
,,,,,,,65535.0,32767.0,90.0
243.474,0.23604096472263336,0.318187415599823,0.12691250443458557,0.06629659980535507,0.026283910498023033,0.9971316456794739,,,
,,,,,,,65535.0,32767.0,90.0
243.484,0.022947389632463455,-0.1618654429912567,-0.3303510248661041,0.06580645591020584,0.03345577046275139,1.0023707151412964,,,
,,,,,,,65535.0,32767.0,90.0
243.494,-0.15222477912902832,-0.21873773634433746,0.12254634499549866,0.0658884271979332,0.029467685148119926,1.005133032798767,,,
,,,,,,,65535.0,32767.0,90.0
243.504,0.03126702830195427,0.12435050308704376,-0.046804074198007584,0.06475606560707092,0.0282942783087492,1.0037084817886353,,,
,,,,,,,65535.0,32767.0,90.0
243.514,-0.1350553333759308,0.3398379683494568,-0.20673544704914093,0.06461961567401886,0.031260229647159576,1.0019792318344116,,,
,,,,,,,65535.0,32767.0,90.0
243.524,-0.2744345963001251,-0.24468855559825897,-0.20360442996025085,0.0649610385298729,0.03196234628558159,1.0006064176559448,,,
,,,,,,,65535.0,32767.0,90.0
243.534,0.1970580816268921,0.0955975204706192,-0.15756694972515106,0.06579917669296265,0.028253944590687752,1.0026198625564575,,,
,,,,,,,65535.0,32767.0,90.0
243.544,0.06498333811759949,0.03314981237053871,-0.11071061342954636,0.06685056537389755,0.031797975301742554,1.0047969818115234,,,
,,,,,,,65535.0,32767.0,90.0
243.554,-0.16279076039791107,-0.12455815821886063,0.055395644158124924,0.06653326749801636,0.03521966189146042,1.0048997402191162,,,
,,,,,,,65535.0,32767.0,90.0
243.564,-0.20470894873142242,-0.12913630902767181,-0.19227394461631775,0.06400467455387115,0.03154883161187172,1.000733494758606,,,
,,,,,,,65535.0,32767.0,90.0
243.574,0.27587687969207764,0.027551574632525444,0.1736423224210739,0.06537710130214691,0.03181703761219978,1.0019999742507935,,,
,,,,,,,65535.0,32767.0,90.0
243.584,-0.11451700329780579,-0.15091079473495483,-0.07732965797185898,0.06496402621269226,0.031425610184669495,1.003539800643921,,,
,,,,,,,65535.0,32767.0,90.0
243.594,-0.10219024121761322,-0.04962930083274841,-0.28251564502716064,0.06404624134302139,0.03235896676778793,1.0032768249511719,,,
,,,,,,,65535.0,32767.0,90.0
243.604,0.20496214926242828,-0.19455622136592865,-0.15995906293392181,0.06749369204044342,0.03147906810045242,0.9994710683822632,,,
,,,,,,,65535.0,32767.0,90.0
243.614,-0.09325376898050308,-0.030329372733831406,0.06654924899339676,0.06578768044710159,0.03624030947685242,1.0003292560577393,,,
,,,,,,,65535.0,32767.0,90.0
243.624,-0.156775563955307,-0.08373486995697021,-0.15041925013065338,0.06294720619916916,0.03500405326485634,1.0041399002075195,,,
,,,,,,,65535.0,32767.0,90.0
243.634,-0.0415499173104763,0.10345602035522461,0.06746967881917953,0.06510278582572937,0.03304930776357651,1.0043262243270874,,,
,,,,,,,65535.0,32767.0,90.0
243.644,-0.22184842824935913,-0.1553235799074173,-0.08340495079755783,0.065847247838974,0.035631053149700165,1.003854751586914,,,
,,,,,,,65535.0,32767.0,90.0
243.654,-0.23659275472164154,0.06850887835025787,-0.3286609649658203,0.06405111402273178,0.031722646206617355,1.0034918785095215,,,
,,,,,,,65535.0,32767.0,90.0
243.664,0.021737977862358093,0.1573423147201538,0.012365404516458511,0.06563814729452133,0.027943896129727364,1.0015469789505005,,,
,,,,,,,65535.0,32767.0,90.0
243.674,-0.17317992448806763,0.23578542470932007,-0.30249905586242676,0.06578107178211212,0.03140309825539589,1.002614140510559,,,
,,,,,,,65535.0,32767.0,90.0
243.684,-0.30088725686073303,-0.3482134938240051,-0.11888191848993301,0.0646379366517067,0.030611176043748856,1.0042780637741089,,,
,,,,,,,65535.0,32767.0,90.0
243.694,0.019346939399838448,0.02048923447728157,-0.391961008310318,0.06334827095270157,0.026137150824069977,1.0033031702041626,,,
,,,,,,,65535.0,32767.0,90.0
243.704,-0.151488795876503,-0.20822302997112274,-0.05335698276758194,0.06415810436010361,0.030281992629170418,1.0039246082305908,,,
,,,,,,,65535.0,32767.0,90.0
243.714,-0.12909629940986633,0.0026812730357050896,-0.013543971814215183,0.06432584673166275,0.029487639665603638,1.0038909912109375,,,
,,,,,,,65535.0,32767.0,90.0
243.724,0.22614075243473053,-0.012948800809681416,0.12688091397285461,0.06524542719125748,0.02724728360772133,1.0030440092086792,,,
,,,,,,,65535.0,32767.0,90.0
243.734,-0.018734456971287727,0.14152705669403076,-0.1294599175453186,0.0650210827589035,0.030719034373760223,1.0034139156341553,,,
,,,,,,,65535.0,32767.0,90.0
243.744,-0.05460652709007263,-0.2777233421802521,-0.1213739886879921,0.06399791687726974,0.03322887420654297,1.0061190128326416,,,
,,,,,,,65535.0,32767.0,90.0
243.754,0.020644430071115494,-0.39389827847480774,-0.09594697505235672,0.06440506875514984,0.030418256297707558,1.0043904781341553,,,
,,,,,,,65535.0,32767.0,90.0
243.764,0.07251033186912537,0.1259593516588211,0.0800529345870018,0.06465692818164825,0.03209215775132179,1.0028594732284546,,,
,,,,,,,65535.0,32767.0,90.0
243.774,-0.2790105938911438,-0.05928773432970047,-0.1984291821718216,0.06506600230932236,0.033696942031383514,1.0026553869247437,,,
,,,,,,,65535.0,32767.0,90.0
243.784,-0.3256910443305969,0.049976348876953125,-0.04855772852897644,0.06515427678823471,0.031981367617845535,1.0024113655090332,,,
,,,,,,,65535.0,32767.0,90.0
243.794,0.2527892291545868,-0.17512467503547668,-0.15549740195274353,0.0653306096792221,0.03135323524475098,1.0034315586090088,,,
,,,,,,,65535.0,32767.0,90.0
243.804,-0.25916776061058044,-0.06116221472620964,-0.0788947343826294,0.06537359207868576,0.03200248256325722,1.0015672445297241,,,
,,,,,,,65535.0,32767.0,90.0
243.814,-0.02830502763390541,0.03650820255279541,0.08024606853723526,0.0653434544801712,0.03276046738028526,1.002812147140503,,,
,,,,,,,65535.0,32767.0,90.0
243.824,-0.2034761905670166,-0.017326142638921738,-0.14901934564113617,0.06689855456352234,0.030988091602921486,1.0017797946929932,,,
,,,,,,,65535.0,32767.0,90.0
243.834,-0.011934060603380203,0.09829866886138916,0.08502423018217087,0.06591032445430756,0.030464356765151024,1.0034459829330444,,,
,,,,,,,65535.0,32767.0,90.0
243.844,-0.25261491537094116,-0.11347499489784241,0.019790876656770706,0.06480012834072113,0.030133815482258797,1.0021677017211914,,,
,,,,,,,65535.0,32767.0,90.0
243.854,0.03499149903655052,-0.07902154326438904,0.00902514811605215,0.06702782213687897,0.02995472587645054,1.001564860343933,,,
,,,,,,,65535.0,32767.0,90.0
243.864,0.01794610358774662,-0.21431966125965118,-0.32775697112083435,0.06500604003667831,0.03060431219637394,1.004013180732727,,,
,,,,,,,65535.0,32767.0,90.0
243.874,-0.28725185990333557,-0.1590452492237091,-0.12073244899511337,0.06281927227973938,0.02896253578364849,1.002045750617981,,,
,,,,,,,65535.0,32767.0,90.0
243.884,-0.01054509449750185,-0.03051454946398735,0.18064600229263306,0.0628865659236908,0.028445299714803696,1.0028952360153198,,,
,,,,,,,65535.0,32767.0,90.0
243.894,0.02360515296459198,-0.2884635329246521,-0.23893088102340698,0.06480772793292999,0.02780199609696865,1.0019761323928833,,,
,,,,,,,65535.0,32767.0,90.0
243.904,0.033271290361881256,0.02042151242494583,0.22455203533172607,0.06671835482120514,0.03163675218820572,1.0034440755844116,,,
,,,,,,,65535.0,32767.0,90.0
243.914,0.03746354207396507,-0.35744842886924744,-0.027624772861599922,0.06351713836193085,0.03275013342499733,1.0044853687286377,,,
,,,,,,,65535.0,32767.0,90.0
243.924,-0.29994848370552063,-0.282907634973526,-0.17363496124744415,0.06405186653137207,0.029846787452697754,1.0040321350097656,,,
,,,,,,,65535.0,32767.0,90.0
243.934,-0.07053854316473007,0.023548854514956474,-0.09874963015317917,0.06756604462862015,0.03217025101184845,1.002118706703186,,,
,,,,,,,65535.0,32767.0,90.0
243.944,-0.11762034893035889,-0.01476991456001997,0.045144230127334595,0.06521616876125336,0.034389887005090714,1.0016486644744873,,,
,,,,,,,65535.0,32767.0,90.0
243.954,0.10050231218338013,0.05824612081050873,-0.20207063853740692,0.06638278812170029,0.03282451257109642,1.0031812191009521,,,
,,,,,,,65535.0,32767.0,90.0
243.964,0.04525097832083702,-0.003815562929958105,0.07726485282182693,0.0665683001279831,0.03197450935840607,1.0059930086135864,,,
,,,,,,,63000.0,32767.0,90.0
243.974,0.18400606513023376,-0.28813350200653076,-0.050528109073638916,0.06601732969284058,0.028361964970827103,1.0026638507843018,,,
,,,,,,,63000.0,32767.0,90.0
243.984,-0.573845624923706,-0.31699803471565247,-0.34073424339294434,0.06506485491991043,0.029146969318389893,0.9981276392936707,,,
,,,,,,,63000.0,32767.0,90.0
243.994,-0.05090727657079697,0.7195811867713928,0.5157313942909241,0.06675679981708527,0.03153688833117485,1.0033414363861084,,,
,,,,,,,63000.0,32767.0,90.0
244.004,-0.33548542857170105,-0.10364366322755814,-0.29620280861854553,0.06787170469760895,0.028732525184750557,1.0045545101165771,,,
,,,,,,,63000.0,32767.0,90.0
244.014,-0.5178250670433044,-0.6043165922164917,0.005021996330469847,0.06497495621442795,0.03319186344742775,1.0053277015686035,,,
,,,,,,,63000.0,32767.0,90.0
244.024,0.5591289401054382,-0.062121424823999405,0.12031897902488708,0.06412987411022186,0.03042689710855484,1.0019195079803467,,,
,,,,,,,63000.0,32767.0,90.0
244.034,0.0039052770007401705,0.3986869752407074,0.03783959150314331,0.06573374569416046,0.028379345312714577,0.9993868470191956,,,
,,,,,,,63000.0,32767.0,90.0
244.044,0.08694445341825485,0.12794023752212524,-0.2918442189693451,0.06486823409795761,0.032510921359062195,0.9987460970878601,,,
,,,,,,,57000.0,32767.0,90.0
244.054,-0.17910563945770264,-0.563081681728363,0.01547721866518259,0.0650940090417862,0.03285711631178856,1.002846598625183,,,
,,,,,,,57000.0,32767.0,90.0
244.064,-0.060328494757413864,-0.5766795873641968,-0.20544740557670593,0.06529796868562698,0.029868120327591896,1.005125641822815,,,
,,,,,,,57000.0,32767.0,90.0
244.074,-0.08670850098133087,0.3401840627193451,-0.16261956095695496,0.06416360288858414,0.03356214240193367,1.0034650564193726,,,
,,,,,,,57000.0,32767.0,90.0
244.084,0.32186299562454224,-2.2404582500457764,0.43079376220703125,0.06842922419309616,0.03342206031084061,1.0027859210968018,,,
,,,,,,,57000.0,32767.0,90.0
244.094,-0.372682124376297,1.508264422416687,0.5259844064712524,0.0673423558473587,0.030383365228772163,1.0012465715408325,,,
,,,,,,,57000.0,32767.0,90.0
244.104,-0.8640681505203247,0.2055521309375763,-0.2868701219558716,0.06531579792499542,0.036337822675704956,1.0120338201522827,,,
,,,,,,,57000.0,32767.0,90.0
244.114,-0.6829309463500977,-1.1163914203643799,-0.22467823326587677,0.06303171068429947,0.032560598105192184,1.0073436498641968,,,
,,,,,,,57000.0,32767.0,90.0
244.124,1.7099252939224243,-0.3711111843585968,0.01773335412144661,0.06463509798049927,0.02675830014050007,0.9954459071159363,,,
,,,,,,,52000.0,32767.0,90.0
244.134,0.9430299997329712,-0.03430867940187454,0.18836767971515656,0.0655575543642044,0.03860445320606232,0.9994440078735352,,,
,,,,,,,52000.0,32767.0,90.0
244.144,-1.146349549293518,-0.03242397680878639,-0.27708014845848083,0.06641140580177307,0.036801062524318695,1.003725290298462,,,
,,,,,,,52000.0,32767.0,90.0
244.154,-0.514085054397583,0.021055838093161583,-0.5133140087127686,0.06506507843732834,0.030772674828767776,1.0034561157226562,,,
,,,,,,,52000.0,32767.0,90.0
244.164,0.587559163570404,-1.7779556512832642,0.6422660946846008,0.06454700231552124,0.034836482256650925,1.0001492500305176,,,
,,,,,,,52000.0,32767.0,90.0
244.174,1.0993926525115967,1.2887308597564697,0.2439357191324234,0.06990621238946915,0.030495978891849518,0.999900221824646,,,
,,,,,,,52000.0,32767.0,90.0
244.184,-1.6686549186706543,0.3060013949871063,-0.9002619981765747,0.06289162486791611,0.029657602310180664,1.0056864023208618,,,
,,,,,,,52000.0,32767.0,90.0
244.194,-1.0207571983337402,-0.41698333621025085,-0.3611525297164917,0.06319751590490341,0.03488786146044731,1.0079960823059082,,,
,,,,,,,52000.0,32767.0,90.0
244.204,1.2544399499893188,0.036415886133909225,0.39507797360420227,0.06520556658506393,0.025892438367009163,0.9975907802581787,,,
,,,,,,,52000.0,32767.0,90.0
244.214,2.251899242401123,-0.05956755205988884,-0.05420171841979027,0.0655445083975792,0.02969284914433956,0.9997667074203491,,,
,,,,,,,45000.0,32767.0,90.0
244.224,-1.3512386083602905,0.11931058764457703,-0.09957674890756607,0.06595811247825623,0.03538738191127777,1.005664348602295,,,
,,,,,,,45000.0,32767.0,90.0
244.234,-0.8565550446510315,0.09981334954500198,-0.3651459515094757,0.06514641642570496,0.0309809148311615,1.0034451484680176,,,
,,,,,,,45000.0,32767.0,90.0
244.244,1.0088517665863037,-1.5812900066375732,0.3042451739311218,0.06682711094617844,0.03166491910815239,1.0030637979507446,,,
,,,,,,,45000.0,32767.0,90.0
244.254,-0.3854864537715912,1.3200037479400635,0.5614783763885498,0.07375257462263107,0.03076845221221447,1.0024597644805908,,,
,,,,,,,45000.0,32767.0,90.0
244.264,-1.192129373550415,0.6116876602172852,-0.7546591758728027,0.06115613132715225,0.031193973496556282,1.0103532075881958,,,
,,,,,,,45000.0,32767.0,90.0
244.274,-1.2487210035324097,-0.6849477887153625,-0.5410192608833313,0.06371177732944489,0.03353539854288101,1.008218765258789,,,
,,,,,,,45000.0,32767.0,90.0
244.284,1.7537821531295776,-0.933413565158844,0.551382839679718,0.06738553196191788,0.028749708086252213,0.9916483163833618,,,
,,,,,,,45000.0,32767.0,90.0
244.294,2.090259313583374,-0.4058167338371277,0.3392481207847595,0.06461254507303238,0.03489077836275101,0.9991801977157593,,,
,,,,,,,45000.0,32767.0,90.0
244.304,-0.43406933546066284,0.3074701726436615,-0.03728166222572327,0.06564933806657791,0.03278021514415741,1.0075350999832153,,,
,,,,,,,36000.0,32767.0,90.0
244.314,-1.809372067451477,0.09561353921890259,-0.814141571521759,0.06357292830944061,0.026681456714868546,1.0111358165740967,,,
,,,,,,,36000.0,32767.0,90.0
244.324,-0.6685312390327454,0.10029657930135727,-0.08575104922056198,0.06395385414361954,0.031130395829677582,1.00479257106781,,,
,,,,,,,36000.0,32767.0,90.0
244.334,0.7732337117195129,-0.6351573467254639,0.27598321437835693,0.06455177813768387,0.03083052672445774,0.9964203238487244,,,
,,,,,,,36000.0,32767.0,90.0
244.344,2.1041600704193115,-1.6682631969451904,0.23685376346111298,0.0671095997095108,0.030359908938407898,0.9981344938278198,,,
,,,,,,,36000.0,32767.0,90.0
244.354,1.8063033819198608,1.8226230144500732,0.21578435599803925,0.08423294872045517,0.026876015588641167,1.0079944133758545,,,
,,,,,,,36000.0,32767.0,90.0
244.364,-5.344710350036621,1.9062601327896118,-0.5050695538520813,0.04922131821513176,0.03550274297595024,1.0021755695343018,,,
,,,,,,,36000.0,32767.0,90.0
244.374,-2.586388111114502,-0.8503776788711548,-0.18056392669677734,0.06462685018777847,0.04204681143164635,1.0201847553253174,,,
,,,,,,,36000.0,32767.0,90.0
244.384,0.815065324306488,-1.19581937789917,-0.2886776626110077,0.06374610960483551,0.0206928588449955,0.9963220357894897,,,
,,,,,,,36000.0,29000.0,90.0
244.394,5.431251049041748,-0.9665300846099854,0.5800024271011353,0.0679408386349678,0.02877052128314972,0.9876368641853333,,,
,,,,,,,35000.0,29000.0,90.0
244.404,3.9897711277008057,0.30457746982574463,-0.7882341146469116,0.06956802308559418,0.03895600140094757,1.005760669708252,,,
,,,,,,,35000.0,29000.0,90.0
244.414,1.9597495794296265,-0.9801592826843262,0.47395196557044983,0.08096875995397568,0.02376558817923069,1.0056283473968506,,,
,,,,,,,35000.0,29000.0,90.0
244.424,-8.846665382385254,2.447971820831299,-0.4022713601589203,0.056345321238040924,0.0549638532102108,0.9929586052894592,,,
,,,,,,,35000.0,29000.0,90.0
244.434,-10.840070724487305,0.6138232946395874,0.44387948513031006,0.06391852349042892,0.03801115229725838,1.0395464897155762,,,
,,,,,,,35000.0,29000.0,90.0
244.444,9.339895248413086,-2.30879545211792,0.22564586997032166,0.06491146236658096,-0.013337954878807068,1.000283122062683,,,
,,,,,,,35000.0,29000.0,90.0
244.454,-1.5464245080947876,-0.9881833791732788,-1.482349157333374,0.06203743442893028,0.03978244587779045,0.985968828201294,,,
,,,,,,,35000.0,29000.0,90.0
244.464,8.89802360534668,-1.079025387763977,1.7688912153244019,0.07590452581644058,0.06399405747652054,0.9926702976226807,,,
,,,,,,,35000.0,29000.0,90.0
244.474,-3.028646230697632,1.3755592107772827,-1.0973550081253052,0.07486321032047272,0.022692721337080002,0.9864309430122375,,,
,,,,,,,32767.0,29000.0,90.0
244.484,-0.2231747806072235,0.22467653453350067,-0.052572984248399734,0.06879172474145889,0.02717076987028122,1.0196608304977417,,,
,,,,,,,32767.0,29000.0,90.0
244.494,-4.040590286254883,0.15561838448047638,-0.08773621916770935,0.05357332527637482,0.035173919051885605,1.008685827255249,,,
,,,,,,,32767.0,29000.0,90.0
244.504,-2.9049456119537354,-1.233394742012024,0.43434977531433105,0.06480889022350311,0.021890312433242798,1.0034558773040771,,,
,,,,,,,32767.0,29000.0,90.0
244.514,6.848758220672607,-0.4146738648414612,0.5032985210418701,0.07346924394369125,0.01077931746840477,1.0021663904190063,,,
,,,,,,,32767.0,29000.0,90.0
244.524,-3.153947114944458,0.9040515422821045,-1.1761741638183594,0.060153357684612274,0.03513086587190628,0.9925153851509094,,,
,,,,,,,32767.0,29000.0,90.0
244.534,2.7158446311950684,-0.9132063984870911,0.3342737853527069,0.06297271698713303,0.04505667835474014,1.0049482583999634,,,
,,,,,,,32767.0,29000.0,90.0
244.544,-0.9716840386390686,0.4616953134536743,-0.09242726117372513,0.06681717932224274,0.02550317905843258,0.9953560829162598,,,
,,,,,,,32767.0,29000.0,90.0
244.554,0.31390905380249023,0.008598590269684792,0.08352600783109665,0.06180310621857643,0.03393935039639473,1.0092589855194092,,,
,,,,,,,29000.0,29000.0,90.0
244.564,-0.32346871495246887,-0.48446083068847656,0.24525178968906403,0.0638430044054985,0.036623768508434296,1.0095527172088623,,,
,,,,,,,29000.0,29000.0,90.0
244.574,-3.8723227977752686,0.8192097544670105,-0.458970308303833,0.0645434707403183,0.030150219798088074,0.9947029948234558,,,
,,,,,,,29000.0,29000.0,90.0
244.584,2.590980291366577,-1.1307992935180664,0.1860082894563675,0.06529179960489273,0.03424056991934776,0.9962542057037354,,,
,,,,,,,29000.0,29000.0,90.0
244.594,2.872800588607788,0.7227452993392944,0.11756889522075653,0.07510653883218765,0.02853463590145111,1.005643367767334,,,
,,,,,,,29000.0,29000.0,90.0
244.604,-2.3478729724884033,1.1718965768814087,-1.1191693544387817,0.05335242673754692,0.026535721495747566,1.0081554651260376,,,
,,,,,,,29000.0,29000.0,90.0
244.614,-1.0831944942474365,-1.5114617347717285,-0.1773560792207718,0.06912580877542496,0.04570217430591583,1.015036940574646,,,
,,,,,,,29000.0,29000.0,90.0
244.624,0.6642662286758423,-1.4875367879867554,0.6576072573661804,0.05636097490787506,0.029114319011569023,0.9872884154319763,,,
,,,,,,,29000.0,29000.0,90.0
244.634,1.0714538097381592,0.9469794034957886,0.31812289357185364,0.07375431805849075,0.02725740149617195,0.9966071248054504,,,
,,,,,,,29000.0,29000.0,90.0
244.644,-0.4825170934200287,0.46897971630096436,0.043726954609155655,0.0707893818616867,0.03936155512928963,1.0091532468795776,,,
,,,,,,,29000.0,28000.0,90.0
244.654,-1.9137136936187744,-0.29992175102233887,-0.629545271396637,0.06291769444942474,0.027649015188217163,1.0011584758758545,,,
,,,,,,,26000.0,28000.0,90.0
244.664,0.7273836135864258,0.475083589553833,-0.025903912261128426,0.0639178529381752,0.02483198791742325,1.000098705291748,,,
,,,,,,,26000.0,28000.0,90.0
244.674,1.572463870048523,-0.21489083766937256,0.33823448419570923,0.06214047595858574,0.03419914096593857,1.0085400342941284,,,
,,,,,,,26000.0,28000.0,90.0
244.684,1.078871250152588,-1.723079800605774,0.2545381486415863,0.0663856714963913,0.02460409328341484,1.000848650932312,,,
,,,,,,,26000.0,28000.0,90.0
244.694,0.37615063786506653,0.6850166320800781,0.33995312452316284,0.06593216210603714,0.026766201481223106,0.9994124174118042,,,
,,,,,,,26000.0,28000.0,90.0
244.704,-6.9930219650268555,1.9336919784545898,-0.566321611404419,0.06558868288993835,0.04034459590911865,1.0051780939102173,,,
,,,,,,,26000.0,28000.0,90.0
244.714,-1.7448480129241943,-0.18348056077957153,-0.27530327439308167,0.0632677674293518,0.028513701632618904,1.0148383378982544,,,
,,,,,,,26000.0,28000.0,90.0
244.724,4.3296990394592285,-1.412854790687561,0.12293972820043564,0.05972186475992203,0.01445037592202425,0.9988002777099609,,,
,,,,,,,26000.0,27000.0,90.0
244.734,4.090242385864258,-0.44878795742988586,0.365675151348114,0.07180051505565643,0.03665151074528694,0.9942975044250488,,,
,,,,,,,18000.0,27000.0,90.0
244.744,0.7336146831512451,0.5137754082679749,-0.03930781036615372,0.07022206485271454,0.04603360965847969,0.9954336285591125,,,
,,,,,,,18000.0,27000.0,90.0
244.754,-2.129035234451294,1.1145117282867432,-0.5272033214569092,0.06752372533082962,0.034915514290332794,0.9998735785484314,,,
,,,,,,,18000.0,27000.0,90.0
244.764,-1.2541948556900024,-0.2247319519519806,0.007121420931071043,0.06695424765348434,0.027960505336523056,1.0062955617904663,,,
,,,,,,,18000.0,27000.0,90.0
244.774,-0.8923807740211487,0.21899937093257904,0.9613165855407715,0.07389896363019943,0.03314289078116417,1.0092476606369019,,,
,,,,,,,18000.0,27000.0,90.0
244.784,-1.1257940530776978,1.4623656272888184,-0.4305037558078766,0.06153862923383713,0.02187383733689785,1.0001496076583862,,,
,,,,,,,18000.0,27000.0,90.0
244.794,-2.3100409507751465,0.5288000702857971,-0.7452273368835449,0.06546062976121902,0.033401284366846085,1.009604811668396,,,
,,,,,,,18000.0,27000.0,90.0
244.804,1.0983984470367432,-1.4084793329238892,-0.3862704634666443,0.06483125686645508,0.02986789681017399,1.0003968477249146,,,
,,,,,,,18000.0,27000.0,90.0
244.814,2.9861366748809814,-1.0608346462249756,0.1895459145307541,0.061274927109479904,0.02414601482450962,0.986079216003418,,,
,,,,,,,16000.0,27000.0,90.0
244.824,3.410555124282837,-0.3375430405139923,0.8335193991661072,0.0668630599975586,0.03512869030237198,1.0014588832855225,,,
,,,,,,,16000.0,27000.0,90.0
244.834,-1.843326449394226,1.111803650856018,-0.13481512665748596,0.06710511445999146,0.030299516394734383,1.0116015672683716,,,
,,,,,,,16000.0,27000.0,90.0
244.844,-3.8107500076293945,0.3876710534095764,-0.5176788568496704,0.06118589639663696,0.028669482097029686,1.0071665048599243,,,
,,,,,,,16000.0,27000.0,90.0
244.854,-0.29424232244491577,0.08522235602140427,-0.13035154342651367,0.06275761872529984,0.033098191022872925,1.0074416399002075,,,
,,,,,,,16000.0,27000.0,90.0
244.864,0.9141437411308289,0.20340943336486816,-0.09591010212898254,0.06209876760840416,0.02652827277779579,1.0032298564910889,,,
,,,,,,,16000.0,27000.0,90.0
244.874,1.3552992343902588,-0.37594926357269287,-0.17305822670459747,0.0641336515545845,0.03098044916987419,1.0037384033203125,,,
,,,,,,,16000.0,27000.0,90.0
244.884,-0.4725497364997864,-0.16317972540855408,0.06606326252222061,0.06443661451339722,0.039613027125597,1.0020813941955566,,,
,,,,,,,16000.0,27000.0,90.0
244.894,-0.4104796051979065,-0.2348162978887558,0.3459225296974182,0.06588007509708405,0.03118446096777916,0.9986805319786072,,,
,,,,,,,16000.0,27000.0,90.0
244.904,0.4205821454524994,0.020324086770415306,-0.053857121616601944,0.06637661904096603,0.029342379420995712,1.0039819478988647,,,
,,,,,,,12000.0,27000.0,90.0
244.914,-0.6419242024421692,-0.08527660369873047,-0.1979588121175766,0.06554265320301056,0.033768992871046066,1.0102874040603638,,,
,,,,,,,12000.0,27000.0,90.0
244.924,0.14296598732471466,0.07544272392988205,-0.23743323981761932,0.06462940573692322,0.02897307090461254,1.0072914361953735,,,
,,,,,,,12000.0,27000.0,90.0
244.934,0.0957724004983902,-0.08236142992973328,-0.17419838905334473,0.06779594719409943,0.03198867291212082,0.9999023079872131,,,
,,,,,,,12000.0,27000.0,90.0
244.944,0.5624913573265076,-0.19888369739055634,0.21290722489356995,0.0673329085111618,0.03494710102677345,0.9972834587097168,,,
,,,,,,,12000.0,27000.0,90.0
244.954,0.8739240765571594,0.012685702182352543,0.18652549386024475,0.06373870372772217,0.028168341144919395,1.0052485466003418,,,
,,,,,,,12000.0,27000.0,90.0
244.964,-2.2817161083221436,0.12627483904361725,-0.16208934783935547,0.06321503221988678,0.030374806374311447,1.0114502906799316,,,
,,,,,,,12000.0,27000.0,90.0
244.974,0.3417522609233856,-0.11715387552976608,0.16526497900485992,0.06252368539571762,0.030140470713377,1.0041202306747437,,,
,,,,,,,12000.0,27000.0,90.0
244.984,0.13948363065719604,-0.19577443599700928,0.11989559978246689,0.06688152998685837,0.031008094549179077,0.996539294719696,,,
,,,,,,,12000.0,27000.0,90.0
244.994,0.5318190455436707,0.23690053820610046,0.08164452016353607,0.06510148197412491,0.030279504135251045,1.005487322807312,,,
,,,,,,,12000.0,27000.0,90.0
245.004,0.04933006688952446,0.06773079186677933,0.16771523654460907,0.06680647283792496,0.028606107458472252,1.0060093402862549,,,
,,,,,,,8000.0,27000.0,90.0
245.014,0.11567717790603638,-0.578434944152832,0.08652208000421524,0.06402423977851868,0.02968483790755272,1.0025736093521118,,,
,,,,,,,8000.0,27000.0,90.0
245.024,-0.12582679092884064,-0.1774306744337082,0.026032330468297005,0.06508998572826385,0.030499620363116264,1.0002111196517944,,,
,,,,,,,8000.0,27000.0,90.0
245.034,-0.5204750299453735,0.19532044231891632,0.07089759409427643,0.06358305364847183,0.03292210400104523,0.99657142162323,,,
,,,,,,,8000.0,27000.0,90.0
245.044,-0.06405270099639893,0.311343252658844,-0.01546700019389391,0.06166974455118179,0.028701981529593468,0.9991090297698975,,,
,,,,,,,8000.0,27000.0,90.0
245.054,0.856736958026886,0.167268767952919,-0.007666456047445536,0.06429462134838104,0.03189261257648468,1.0057591199874878,,,
,,,,,,,8000.0,27000.0,90.0
245.064,-0.6044238209724426,-0.04479905590415001,-0.17054925858974457,0.06566163152456284,0.03036193549633026,1.007599115371704,,,
,,,,,,,8000.0,27000.0,90.0
245.074,0.7791826725006104,-0.27150803804397583,0.05038650333881378,0.0643230453133583,0.03146754205226898,0.9999678730964661,,,
,,,,,,,8000.0,27000.0,90.0
245.084,-0.49140170216560364,-0.022903822362422943,0.0725354254245758,0.06675326824188232,0.036548733711242676,0.9999905824661255,,,
,,,,,,,8000.0,27000.0,90.0
245.094,-0.45729342103004456,-0.0578705295920372,0.0847817212343216,0.06750928610563278,0.032826609909534454,1.0043540000915527,,,
,,,,,,,8000.0,27000.0,90.0
245.104,0.017822353169322014,-0.04864479601383209,0.20551054179668427,0.06289509683847427,0.026605593040585518,1.00508451461792,,,
,,,,,,,8000.0,27000.0,90.0
245.114,0.11091991513967514,-0.25855252146720886,0.13355132937431335,0.062254633754491806,0.029158594086766243,1.0037727355957031,,,
,,,,,,,5000.0,27000.0,90.0
245.124,0.3608068525791168,-0.03871827572584152,0.23919017612934113,0.06501863151788712,0.031078070402145386,1.0009939670562744,,,
,,,,,,,5000.0,27000.0,90.0
245.134,0.3012710213661194,0.009761487133800983,-0.05107071250677109,0.062361884862184525,0.03308480605483055,1.0026267766952515,,,
,,,,,,,5000.0,27000.0,90.0
245.144,-0.1886020302772522,-0.0040669869631528854,0.11732502281665802,0.062346961349248886,0.03017682395875454,1.0022639036178589,,,
,,,,,,,5000.0,27000.0,90.0
245.154,0.24937783181667328,-0.34333932399749756,0.09714730829000473,0.06233609840273857,0.02950306609272957,1.0045292377471924,,,
,,,,,,,5000.0,27000.0,90.0
245.164,-0.7345500588417053,-0.30419301986694336,-0.16201002895832062,0.06257110834121704,0.029135238379240036,1.0062965154647827,,,
,,,,,,,5000.0,27000.0,90.0
245.174,0.7212544679641724,-0.07620003819465637,0.006272288970649242,0.06563546508550644,0.03024025820195675,1.0008513927459717,,,
,,,,,,,5000.0,27000.0,90.0
245.184,-0.2642673850059509,-0.6714168190956116,-0.05824917182326317,0.06650499999523163,0.035473987460136414,0.9994156360626221,,,
,,,,,,,5000.0,27000.0,90.0
245.194,-0.006819679401814938,0.12242227792739868,0.04790189117193222,0.06751375645399094,0.032916370779275894,0.9993662238121033,,,
,,,,,,,5000.0,27000.0,90.0
245.204,-0.00018859561532735825,-0.24774368107318878,-0.2524644434452057,0.06849129498004913,0.031388744711875916,1.002561330795288,,,
,,,,,,,5000.0,25000.0,90.0
245.214,-0.23690499365329742,-0.4084920287132263,0.10708539932966232,0.06510993093252182,0.03594132140278816,1.0028131008148193,,,
,,,,,,,2000.0,25000.0,90.0
245.224,-0.3589886724948883,-0.1113661527633667,-0.03779283165931702,0.06210854649543762,0.032094746828079224,1.0033701658248901,,,
,,,,,,,2000.0,25000.0,90.0
245.234,0.3562387228012085,-0.4742482006549835,-0.16416658461093903,0.06338860839605331,0.028770295903086662,1.003514051437378,,,
,,,,,,,2000.0,25000.0,90.0
245.244,2.8706507682800293,0.1820133626461029,-0.06134164705872536,0.06696996837854385,0.025997314602136612,0.996626079082489,,,
,,,,,,,2000.0,25000.0,90.0
245.254,-4.298351764678955,0.3761480152606964,-0.009037637151777744,0.06723479926586151,0.045857228338718414,1.0019928216934204,,,
,,,,,,,2000.0,25000.0,90.0
245.264,-1.3379825353622437,-0.5993409156799316,-0.02626853995025158,0.06385849416255951,0.03236021101474762,1.010175347328186,,,
,,,,,,,2000.0,25000.0,90.0
245.274,0.3553873300552368,0.22965744137763977,-0.5090311169624329,0.06567507982254028,0.01730329543352127,0.9991964101791382,,,
,,,,,,,2000.0,25000.0,90.0
245.284,2.6935014724731445,-0.21858952939510345,0.04144710674881935,0.06247583404183388,0.03320377320051193,1.001880407333374,,,
,,,,,,,2000.0,27000.0,90.0
245.294,1.7297214269638062,-0.5697599053382874,0.6079142093658447,0.0650511234998703,0.035162899643182755,1.0057282447814941,,,
,,,,,,,0.0,27000.0,90.0
245.304,-1.1570425033569336,-0.23423896729946136,-0.26608479022979736,0.06355020403862,0.024079134687781334,0.9999624490737915,,,
,,,,,,,0.0,27000.0,90.0
245.314,0.2996358275413513,-0.3849714696407318,0.044701073318719864,0.06417364627122879,0.03192167356610298,1.0000258684158325,,,
,,,,,,,0.0,27000.0,90.0
245.324,-3.820049285888672,0.18984849750995636,-0.016081353649497032,0.06617199629545212,0.03778144344687462,1.0011786222457886,,,
,,,,,,,0.0,27000.0,90.0
245.334,1.7603280544281006,-0.2309526652097702,-0.007371691521257162,0.06286200881004333,0.021291188895702362,1.0006550550460815,,,
,,,,,,,0.0,27000.0,90.0
245.344,-0.2288413792848587,0.19310946762561798,-0.26876574754714966,0.0647919699549675,0.030282337218523026,1.0116292238235474,,,
,,,,,,,0.0,27000.0,90.0
245.354,5.395496368408203,-0.6419626474380493,0.23357290029525757,0.06313959509134293,0.02790800668299198,1.0100276470184326,,,
,,,,,,,0.0,27000.0,90.0
245.364,0.6584422588348389,-0.1287485957145691,-0.6768519282341003,0.0649760365486145,0.03173196688294411,0.9937105774879456,,,
,,,,,,,0.0,27000.0,90.0
245.374,-2.151829957962036,-0.24991163611412048,0.09452584385871887,0.06338989734649658,0.041091419756412506,1.000332236289978,,,
,,,,,,,0.0,27000.0,90.0
245.384,-3.327681541442871,0.24277092516422272,-0.06958197057247162,0.0660569816827774,0.02986372634768486,1.0038796663284302,,,
,,,,,,,0.0,27000.0,90.0
245.394,-1.9141794443130493,0.17064107954502106,-0.25990188121795654,0.06582476943731308,0.022287966683506966,1.0083626508712769,,,
,,,,,,,0.0,27000.0,90.0
245.404,2.611769437789917,-0.42447611689567566,0.10692794620990753,0.06400924175977707,0.03050181455910206,1.010512351989746,,,
,,,,,,,0.0,27000.0,90.0
245.414,1.5170726776123047,-0.3612889349460602,-0.179727241396904,0.06395626068115234,0.032392118126153946,0.9963890314102173,,,
,,,,,,,0.0,27000.0,90.0
245.424,1.833494782447815,0.12627911567687988,-0.023488542065024376,0.06525842100381851,0.035143546760082245,0.9960022568702698,,,
,,,,,,,0.0,27000.0,90.0
245.434,-1.2434780597686768,0.12337014079093933,-0.13986293971538544,0.06346017122268677,0.03802110627293587,1.0007119178771973,,,
,,,,,,,0.0,27000.0,90.0
245.444,-1.9607127904891968,0.0025424056220799685,-0.04938987269997597,0.06264814734458923,0.026143401861190796,1.0036859512329102,,,
,,,,,,,0.0,27000.0,90.0
245.454,-1.084621548652649,-0.0007676458335481584,-0.1769312471151352,0.06495194137096405,0.027525367215275764,1.005557656288147,,,
,,,,,,,0.0,27000.0,90.0
245.464,-0.1700035184621811,-0.28365787863731384,-0.13897311687469482,0.06462258100509644,0.02981993928551674,1.0021734237670898,,,
,,,,,,,0.0,27000.0,90.0
245.474,2.4789481163024902,-0.13963019847869873,0.21288715302944183,0.06421411037445068,0.027819134294986725,1.002624273300171,,,
,,,,,,,0.0,27000.0,90.0
245.484,1.080490231513977,-0.3513232171535492,-0.07320374250411987,0.06452779471874237,0.03201165422797203,1.0058033466339111,,,
,,,,,,,0.0,27000.0,90.0
245.494,-0.20020262897014618,-0.43452349305152893,-0.10671152174472809,0.0665358453989029,0.03186861053109169,1.003646731376648,,,
,,,,,,,0.0,27000.0,90.0
245.504,-1.300416350364685,-0.21959716081619263,0.015617572702467442,0.06598992645740509,0.033933188766241074,1.000769853591919,,,
,,,,,,,0.0,27000.0,90.0
245.514,-1.3737492561340332,-0.023970814421772957,-0.16781137883663177,0.06639330089092255,0.0342378169298172,1.0031464099884033,,,
,,,,,,,0.0,27000.0,90.0
245.524,-0.06010986864566803,0.2974410653114319,-0.022600123658776283,0.06441742926836014,0.029048670083284378,1.0044095516204834,,,
,,,,,,,0.0,27000.0,90.0
245.534,1.0146089792251587,-0.2061026692390442,0.041734810918569565,0.0640861839056015,0.03294479474425316,1.0070948600769043,,,
,,,,,,,0.0,27000.0,90.0
245.544,1.6361815929412842,-0.30989789962768555,0.02276945672929287,0.06584268808364868,0.032283782958984375,1.0024725198745728,,,
,,,,,,,3000.0,29000.0,90.0
245.554,0.02651486173272133,-0.40127071738243103,-0.024033671244978905,0.0650288388133049,0.0357549712061882,0.9945673942565918,,,
,,,,,,,3000.0,29000.0,90.0
245.564,-3.6235766410827637,-0.04255528748035431,0.00975803192704916,0.06515044718980789,0.043729718774557114,1.0015023946762085,,,
,,,,,,,3000.0,29000.0,90.0
245.574,0.3219124972820282,0.10047361254692078,-0.01785838045179844,0.062470126897096634,0.02465909905731678,1.0074833631515503,,,
,,,,,,,3000.0,29000.0,90.0
245.584,3.4705469608306885,-0.11660033464431763,-0.11517532914876938,0.0655902698636055,0.020149635151028633,1.0009212493896484,,,
,,,,,,,3000.0,29000.0,90.0
245.594,-0.7852031588554382,-0.1757625937461853,-0.12247733771800995,0.06578998267650604,0.03767947852611542,1.006758689880371,,,
,,,,,,,3000.0,29000.0,90.0
245.604,-0.9183557033538818,-0.4488637149333954,-0.032408423721790314,0.06657612323760986,0.03517880663275719,0.9981564283370972,,,
,,,,,,,3000.0,29000.0,90.0
245.614,-1.4545297622680664,0.2825985252857208,-0.16789060831069946,0.06545981019735336,0.02391459234058857,0.9961851835250854,,,
,,,,,,,3000.0,29000.0,90.0
245.624,0.2106962949037552,0.1649457812309265,-0.15230442583560944,0.06439370661973953,0.03348666429519653,1.0084110498428345,,,
,,,,,,,3000.0,29000.0,90.0
245.634,0.22545543313026428,-0.4000929594039917,-0.0184857789427042,0.06380250304937363,0.026140274479985237,1.0047687292099,,,
,,,,,,,11000.0,29000.0,90.0
245.644,0.8670332431793213,-0.3446000814437866,-0.27622294425964355,0.06339743733406067,0.02520122565329075,1.0035897493362427,,,
,,,,,,,11000.0,29000.0,90.0
245.654,0.9218225479125977,0.23703132569789886,0.39599063992500305,0.06636634469032288,0.03567415848374367,0.9955288171768188,,,
,,,,,,,11000.0,29000.0,90.0
245.664,-0.41954609751701355,-0.5765104293823242,0.178152933716774,0.07073487341403961,0.04068402573466301,1.003130555152893,,,
,,,,,,,11000.0,29000.0,90.0
245.674,-1.3057368993759155,-0.16645660996437073,-0.66214519739151,0.06648056954145432,0.029466012492775917,1.0037572383880615,,,
,,,,,,,11000.0,29000.0,90.0
245.684,-0.1796228289604187,-0.042275603860616684,-0.4439550042152405,0.06489208340644836,0.0296173058450222,1.0005513429641724,,,
,,,,,,,11000.0,29000.0,90.0
245.694,0.7498243451118469,0.047298409044742584,0.3999691605567932,0.0650424063205719,0.03721172735095024,0.999761164188385,,,
,,,,,,,11000.0,29000.0,90.0
245.704,0.3196665644645691,0.12436890602111816,0.07393701374530792,0.064979188144207,0.028233526274561882,1.0010044574737549,,,
,,,,,,,11000.0,29000.0,90.0
245.714,0.6291866302490234,0.060908615589141846,-0.5020372271537781,0.06716680526733398,0.029995867982506752,1.0069282054901123,,,
,,,,,,,11000.0,29000.0,90.0
245.724,-0.707285463809967,0.010048525407910347,0.11060048639774323,0.0659792572259903,0.034468721598386765,1.0036746263504028,,,
,,,,,,,11000.0,29000.0,90.0
245.734,-0.47420668601989746,-0.011016876436769962,-0.15361946821212769,0.06521206349134445,0.02948576770722866,0.9991347193717957,,,
,,,,,,,11000.0,29000.0,90.0
245.744,-0.3504972457885742,0.12010892480611801,-0.06766645610332489,0.06736961752176285,0.029500622302293777,0.9990880489349365,,,
,,,,,,,11000.0,30000.0,90.0
245.754,0.3820232152938843,-0.13402065634727478,-0.14290016889572144,0.06456933915615082,0.032765552401542664,1.003389835357666,,,
,,,,,,,26000.0,30000.0,90.0
245.764,0.2526719868183136,-0.3808293342590332,0.12141090631484985,0.0625620111823082,0.02612425945699215,1.007635235786438,,,
,,,,,,,26000.0,30000.0,90.0
245.774,-0.023957297205924988,0.11208347976207733,-0.2510702610015869,0.06514517962932587,0.02451278828084469,1.0022985935211182,,,
,,,,,,,26000.0,30000.0,90.0
245.784,0.10865604877471924,-0.40012890100479126,-0.2279772162437439,0.06881844997406006,0.03524339571595192,1.0101256370544434,,,
,,,,,,,26000.0,30000.0,90.0
245.794,0.05632265657186508,-1.8331663608551025,-0.8371846675872803,0.07159936428070068,0.028983883559703827,1.013258457183838,,,
,,,,,,,26000.0,30000.0,90.0
245.804,-0.03430044278502464,-1.7441326379776,-1.269511103630066,0.06803448498249054,0.03110668435692787,0.9961897134780884,,,
,,,,,,,26000.0,30000.0,90.0
245.814,0.7330114245414734,-0.5991628170013428,-0.08082541078329086,0.06252096593379974,0.04941563308238983,0.981259822845459,,,
,,,,,,,26000.0,30000.0,90.0
245.824,3.8939640522003174,-0.47220873832702637,1.4922465085983276,0.0728430300951004,0.03889002278447151,0.9889184236526489,,,
,,,,,,,26000.0,30000.0,90.0
245.834,2.5704658031463623,0.8406520485877991,0.43929323554039,0.06772297620773315,0.01971905305981636,1.006622552871704,,,
,,,,,,,26000.0,30000.0,90.0
245.844,-4.5965166091918945,0.37974637746810913,-0.9656259417533875,0.07420119643211365,0.036471888422966,1.020522117614746,,,
,,,,,,,26000.0,30000.0,90.0
245.854,-5.842763423919678,0.2618124186992645,-0.6566252708435059,0.05129484832286835,0.04477301612496376,1.0043585300445557,,,
,,,,,,,26000.0,32767.0,90.0
245.864,-0.07597234100103378,-0.2372225522994995,0.22146181762218475,0.06541816890239716,0.020343927666544914,1.005482792854309,,,
,,,,,,,30000.0,32767.0,90.0
245.874,5.835302829742432,-0.10015437006950378,0.22218330204486847,0.06612168252468109,0.015183625742793083,1.0012860298156738,,,
,,,,,,,30000.0,32767.0,90.0
245.884,-2.126432180404663,-0.531994640827179,0.2156258076429367,0.06466531753540039,0.050814028829336166,1.0016789436340332,,,
,,,,,,,30000.0,32767.0,90.0
245.894,1.116336703300476,-1.2065455913543701,-0.3403758704662323,0.06420104205608368,0.032149095088243484,1.0062803030014038,,,
,,,,,,,30000.0,32767.0,90.0
245.904,5.651656627655029,0.9286157488822937,-0.8066489696502686,0.07520419359207153,0.01331390906125307,0.9961945414543152,,,
,,,,,,,30000.0,32767.0,90.0
245.914,-9.60174560546875,1.8395938873291016,-1.137871503829956,0.06199907884001732,0.06472273170948029,1.002053141593933,,,
,,,,,,,30000.0,32767.0,90.0
245.924,4.878506660461426,-2.994070053100586,2.434035301208496,0.06499820202589035,0.035527247935533524,0.9956050515174866,,,
,,,,,,,30000.0,32767.0,90.0
245.934,5.049518585205078,-0.37096455693244934,-0.49584123492240906,0.07594902068376541,-0.0026436697226017714,0.9919607043266296,,,
,,,,,,,30000.0,32767.0,90.0
245.944,-8.120258331298828,5.219546794891357,-3.2928733825683594,0.0747193843126297,0.03625572845339775,1.0026969909667969,,,
,,,,,,,30000.0,29000.0,90.0
245.954,-1.2408276796340942,-0.3299660384654999,1.703112006187439,0.04407011717557907,0.06067119166254997,1.0374155044555664,,,
,,,,,,,32767.0,29000.0,90.0
245.964,5.541513442993164,-2.452911615371704,0.3911457359790802,0.06233702227473259,0.016404593363404274,1.019241213798523,,,
,,,,,,,32767.0,29000.0,90.0
245.974,-9.24293041229248,-1.7863194942474365,-1.7158241271972656,0.07559876888990402,0.001046404242515564,0.9941621422767639,,,
,,,,,,,32767.0,29000.0,90.0
245.984,13.170559883117676,-1.4472731351852417,1.8353463411331177,0.059309665113687515,0.04437754303216934,1.003480315208435,,,
,,,,,,,32767.0,29000.0,90.0
245.994,-0.397307813167572,1.0394469499588013,-0.27332085371017456,0.0675593912601471,0.044068798422813416,0.9720361828804016,,,
,,,,,,,32767.0,29000.0,90.0
246.004,-3.69425368309021,-1.1049398183822632,0.874546468257904,0.07159718126058578,0.05315568298101425,0.9936478137969971,,,
,,,,,,,32767.0,29000.0,90.0
246.014,-11.712615966796875,4.618567943572998,-2.274142265319824,0.06669897586107254,0.032204773277044296,1.0102607011795044,,,
,,,,,,,32767.0,29000.0,90.0
246.024,5.928205966949463,-2.2567975521087646,0.3724833130836487,0.06749189645051956,0.0006276179919950664,1.0230811834335327,,,
,,,,,,,32767.0,29000.0,90.0
246.034,4.830942630767822,-2.151775360107422,-0.29965633153915405,0.05029144510626793,0.03688588738441467,1.0181968212127686,,,
,,,,,,,32767.0,31000.0,90.0
246.044,-1.2498811483383179,-0.7189731001853943,-0.21199756860733032,0.07071911543607712,0.032825808972120285,0.997131884098053,,,
,,,,,,,32767.0,31000.0,90.0
246.054,2.7431018352508545,0.21911759674549103,-0.18477235734462738,0.06800417602062225,0.03213914483785629,0.990420401096344,,,
,,,,,,,32767.0,31000.0,90.0
246.064,-0.8270869255065918,0.3059370815753937,-0.05148737132549286,0.06891175359487534,0.039336688816547394,0.9913567304611206,,,
,,,,,,,32767.0,31000.0,90.0
246.074,-3.298262119293213,0.15416018664836884,0.5458133220672607,0.0690407007932663,0.027138952165842056,1.0112258195877075,,,
,,,,,,,32767.0,31000.0,90.0
246.084,-1.4402835369110107,-0.3543822169303894,0.5659192800521851,0.06528250873088837,0.015825923532247543,1.0167303085327148,,,
,,,,,,,32767.0,31000.0,90.0
246.094,2.115290880203247,-0.030182689428329468,-0.9987669587135315,0.0677739754319191,0.013967008329927921,1.0094107389450073,,,
,,,,,,,32767.0,31000.0,90.0
246.104,1.6822782754898071,-0.018952855840325356,-0.6508099436759949,0.06441206485033035,0.037298209965229034,0.9909494519233704,,,
,,,,,,,32767.0,31000.0,90.0
246.114,1.2357532978057861,-0.34939441084861755,-0.10600032657384872,0.06590206921100616,0.04607950150966644,0.9940963983535767,,,
,,,,,,,32767.0,29000.0,90.0
246.124,0.9022215604782104,0.08831321448087692,0.09373985230922699,0.06627895683050156,0.028886521235108376,0.9978711605072021,,,
,,,,,,,36000.0,29000.0,90.0
246.134,-2.510676860809326,0.6753142476081848,0.0718362107872963,0.06402785331010818,0.03551054745912552,1.0115221738815308,,,
,,,,,,,36000.0,29000.0,90.0
246.144,-1.5847251415252686,-0.0035823024809360504,0.14469386637210846,0.06402486562728882,0.040390972048044205,1.012885332107544,,,
,,,,,,,36000.0,29000.0,90.0
246.154,-0.4415193200111389,-0.6685861349105835,-0.327785462141037,0.06931542605161667,0.023777136579155922,1.0049790143966675,,,
,,,,,,,36000.0,29000.0,90.0
246.164,5.106039524078369,1.5086323022842407,-0.5091656446456909,0.06739242374897003,0.02888651005923748,0.9916418194770813,,,
,,,,,,,36000.0,29000.0,90.0
246.174,-10.436829566955566,-1.2187968492507935,-0.24960067868232727,0.07135435938835144,0.05678855627775192,1.008446455001831,,,
,,,,,,,36000.0,29000.0,90.0
246.184,13.018299102783203,-2.120652675628662,1.8999148607254028,0.05986306071281433,0.011973206885159016,1.000671625137329,,,
,,,,,,,36000.0,29000.0,90.0
246.194,-7.446929454803467,2.8038487434387207,-1.6506867408752441,0.08239876478910446,0.017534984275698662,0.9909449815750122,,,
,,,,,,,36000.0,29000.0,90.0
246.204,5.446920871734619,-0.3083192706108093,0.0014421414816752076,0.05425385385751724,0.05005226284265518,1.0260841846466064,,,
,,,,,,,36000.0,29000.0,90.0
246.214,-3.892632007598877,0.6433449387550354,-0.8722055554389954,0.06390712410211563,0.021538615226745605,1.00078284740448,,,
,,,,,,,36000.0,29000.0,90.0
246.224,-1.7969837188720703,-0.7156012058258057,-0.3591802716255188,0.06272998452186584,0.024698935449123383,0.9996106028556824,,,
,,,,,,,36000.0,29000.0,90.0
246.234,4.598379135131836,-1.5136692523956299,1.2930777072906494,0.06129446625709534,0.043848298490047455,1.000200867652893,,,
,,,,,,,36000.0,29000.0,90.0
246.244,-3.554047107696533,0.6571184992790222,-0.16017384827136993,0.0658114030957222,0.03058500960469246,0.9949390888214111,,,
,,,,,,,36000.0,29000.0,90.0
246.254,2.555126190185547,0.08751131594181061,-0.11854717880487442,0.06440842151641846,0.02123503014445305,1.0104187726974487,,,
,,,,,,,36000.0,29000.0,90.0
246.264,-3.4251492023468018,0.13099107146263123,-0.7805215716362,0.06286008656024933,0.031643860042095184,1.0098789930343628,,,
,,,,,,,36000.0,29000.0,90.0
246.274,0.9744884371757507,-0.2968776822090149,0.23287613689899445,0.06316060572862625,0.02885107509791851,1.0048842430114746,,,
,,,,,,,36000.0,29000.0,90.0
246.284,1.6440657377243042,-0.588847279548645,0.10986816138029099,0.06595724821090698,0.028705433011054993,0.9904324412345886,,,
,,,,,,,36000.0,27000.0,90.0
246.294,-1.066455364227295,0.037422116845846176,-0.037726517766714096,0.06767498701810837,0.03836238756775856,1.0026283264160156,,,
,,,,,,,36000.0,27000.0,90.0
246.304,0.35558128356933594,-0.15270423889160156,-0.028279142454266548,0.06826223433017731,0.03166541829705238,1.005940318107605,,,
,,,,,,,36000.0,27000.0,90.0
246.314,-0.9992518424987793,0.28950828313827515,-0.21111129224300385,0.061314042657613754,0.03149109333753586,1.0025168657302856,,,
,,,,,,,36000.0,27000.0,90.0
246.324,4.078563690185547,-0.23886962234973907,-0.036060307174921036,0.06360939890146255,0.03672429546713829,1.0007072687149048,,,
,,,,,,,36000.0,27000.0,90.0
246.334,-3.408207893371582,0.3032822906970978,0.0001227852626470849,0.0685405433177948,0.04305605590343475,0.9913294315338135,,,
,,,,,,,36000.0,27000.0,90.0
246.344,-3.130823850631714,0.25287580490112305,0.35200852155685425,0.0639416053891182,0.03726710006594658,1.0067622661590576,,,
,,,,,,,36000.0,27000.0,90.0
246.354,1.9190768003463745,-0.3740757703781128,0.14009341597557068,0.06447760760784149,0.017019374296069145,1.0031137466430664,,,
,,,,,,,36000.0,27000.0,90.0
246.364,0.04001065343618393,0.2255290001630783,-0.5602721571922302,0.06562844663858414,0.028546513989567757,1.0060781240463257,,,
,,,,,,,36000.0,27000.0,90.0
246.374,3.317795515060425,-0.6832239627838135,0.285140722990036,0.06496519595384598,0.03429199382662773,1.00517737865448,,,
,,,,,,,36000.0,20000.0,90.0
246.384,-0.8273288011550903,0.17930692434310913,-0.19973044097423553,0.06560863554477692,0.02674073539674282,0.993323564529419,,,
,,,,,,,39000.0,20000.0,90.0
246.394,-0.9231732487678528,-0.13764797151088715,0.13174869120121002,0.06485637277364731,0.03543888032436371,1.0096198320388794,,,
,,,,,,,39000.0,20000.0,90.0
246.404,8.357349395751953,-0.4690970182418823,0.4283980131149292,0.06651578098535538,0.021870924159884453,0.9929375648498535,,,
,,,,,,,39000.0,20000.0,90.0
246.414,-11.364110946655273,1.205562949180603,-0.7366195917129517,0.06847868114709854,0.05343954637646675,0.9955757260322571,,,
,,,,,,,39000.0,20000.0,90.0
246.424,-6.083863258361816,0.6878506541252136,1.2996909618377686,0.061319418251514435,0.04382604733109474,1.020918369293213,,,
,,,,,,,39000.0,20000.0,90.0
246.434,-4.476482391357422,-1.599788784980774,-0.6827417016029358,0.05788498744368553,0.0033211407717317343,1.0061997175216675,,,
,,,,,,,39000.0,20000.0,90.0
246.444,11.65798568725586,-2.4808380603790283,-2.622771739959717,0.06815189123153687,0.006929758470505476,0.9983627796173096,,,
,,,,,,,39000.0,20000.0,90.0
246.454,5.707210063934326,1.372706651687622,1.7610929012298584,0.06994953006505966,0.05151541158556938,0.9839549660682678,,,
,,,,,,,39000.0,20000.0,90.0
246.464,0.42054933309555054,0.49903157353401184,-0.005607849918305874,0.06993421167135239,0.05723755061626434,0.9946075081825256,,,
,,,,,,,39000.0,20000.0,90.0
246.474,-6.900765895843506,0.5410740971565247,-1.4555511474609375,0.06256622821092606,0.029851756989955902,1.0049940347671509,,,
,,,,,,,39000.0,20000.0,90.0
246.484,-3.202526569366455,-0.21151605248451233,0.1659967601299286,0.06312771886587143,0.027574138715863228,1.022073745727539,,,
,,,,,,,39000.0,20000.0,90.0
246.494,1.1908314228057861,-0.8376269340515137,0.707618772983551,0.06542173773050308,0.023211300373077393,1.004891276359558,,,
,,,,,,,39000.0,20000.0,90.0
246.504,2.7054948806762695,-0.5969531536102295,-0.18620961904525757,0.06694961339235306,0.029648704454302788,0.9923335313796997,,,
,,,,,,,39000.0,11000.0,90.0
246.514,0.25887516140937805,0.39385586977005005,-0.9743775725364685,0.06702446937561035,0.04495513066649437,0.9939569234848022,,,
,,,,,,,44000.0,11000.0,90.0
246.524,-0.5246884226799011,0.38549908995628357,-0.3149712383747101,0.06284034997224808,0.03648662939667702,1.0025461912155151,,,
,,,,,,,44000.0,11000.0,90.0
246.534,2.083385944366455,-0.5513075590133667,-0.24954572319984436,0.06426754593849182,0.02024065889418125,1.0181756019592285,,,
,,,,,,,44000.0,11000.0,90.0
246.544,8.84327507019043,0.8806779384613037,-0.38072603940963745,0.07081355154514313,0.019449135288596153,1.0051512718200684,,,
,,,,,,,44000.0,11000.0,90.0
246.554,-9.894876480102539,-2.4345462322235107,0.1068079024553299,0.06893587857484818,0.06205067038536072,0.9912945032119751,,,
,,,,,,,44000.0,11000.0,90.0
246.564,-6.813227653503418,1.1001503467559814,0.576374351978302,0.06579931080341339,0.04742858558893204,0.9912563562393188,,,
,,,,,,,44000.0,11000.0,90.0
246.574,-7.164310932159424,1.6978598833084106,-1.8610471487045288,0.07751265913248062,-0.011756228283047676,1.0025606155395508,,,
,,,,,,,44000.0,11000.0,90.0
246.584,9.855612754821777,0.2659617066383362,-2.2179360389709473,0.06602302193641663,0.005006168968975544,1.0289651155471802,,,
,,,,,,,44000.0,7000.0,90.0
246.594,8.707032203674316,-1.0123523473739624,0.39039522409439087,0.044277772307395935,0.05311807990074158,1.0208247900009155,,,
,,,,,,,46000.0,7000.0,90.0
246.604,-4.923396110534668,-1.9736027717590332,-0.4604460597038269,0.07378136366605759,0.04366208612918854,0.9944149255752563,,,
,,,,,,,46000.0,7000.0,90.0
246.614,-1.8505247831344604,-0.3300762474536896,-0.03683752194046974,0.06785988807678223,0.03636517748236656,0.9811140894889832,,,
,,,,,,,46000.0,7000.0,90.0
246.624,3.8512275218963623,1.0567039251327515,0.8104783892631531,0.06873513013124466,0.03985957056283951,0.9911474585533142,,,
,,,,,,,46000.0,7000.0,90.0
246.634,-8.377890586853027,-0.45952466130256653,0.48456457257270813,0.07000032812356949,0.04512978345155716,1.0147608518600464,,,
,,,,,,,46000.0,7000.0,90.0
246.644,1.3897449970245361,-0.7653095722198486,-0.23463928699493408,0.056627776473760605,0.015360881574451923,1.0118824243545532,,,
,,,,,,,46000.0,7000.0,90.0
246.654,-0.44757676124572754,0.20400702953338623,-1.5316017866134644,0.07216533273458481,0.02284279465675354,1.0013339519500732,,,
,,,,,,,46000.0,7000.0,90.0
246.664,2.7674598693847656,-0.05691787227988243,-0.07448945939540863,0.06233355030417442,0.044753748923540115,0.9984325766563416,,,
,,,,,,,46000.0,7000.0,90.0
246.674,2.937129259109497,-0.6769622564315796,-0.10548941045999527,0.06718382239341736,0.032964300364255905,0.9934404492378235,,,
,,,,,,,46000.0,4000.0,90.0
246.684,0.39264950156211853,0.1796484887599945,0.14589421451091766,0.06833229213953018,0.029433313757181168,1.0024782419204712,,,
,,,,,,,47000.0,4000.0,90.0
246.694,-1.2026727199554443,0.04834743216633797,0.1648288369178772,0.06491636484861374,0.03891909867525101,1.0102347135543823,,,
,,,,,,,47000.0,4000.0,90.0
246.704,-0.9733129143714905,0.12144320458173752,-0.4260384738445282,0.06618079543113708,0.025085337460041046,0.9990504384040833,,,
,,,,,,,47000.0,4000.0,90.0
246.714,-3.659680128097534,0.05280691385269165,-0.4565345346927643,0.06968826800584793,0.031111398711800575,1.0001195669174194,,,
,,,,,,,47000.0,4000.0,90.0
246.724,-2.0821375846862793,0.20002569258213043,-0.03943699970841408,0.06094508618116379,0.0353815071284771,1.008700966835022,,,
,,,,,,,47000.0,4000.0,90.0
246.734,3.0002009868621826,-0.9559469819068909,0.10497070103883743,0.06404072046279907,0.01996288076043129,1.005312204360962,,,
,,,,,,,47000.0,4000.0,90.0
246.744,3.9919748306274414,0.09302010387182236,-0.3804856538772583,0.0666341483592987,0.025755582377314568,0.9976037740707397,,,
,,,,,,,47000.0,4000.0,90.0
246.754,1.1539502143859863,0.16028285026550293,0.030455440282821655,0.06505950540304184,0.04093921557068825,1.0005786418914795,,,
,,,,,,,47000.0,3000.0,90.0
246.764,-2.5859856605529785,0.30030763149261475,-0.2021569460630417,0.06464717537164688,0.03571929782629013,0.9970250725746155,,,
,,,,,,,47000.0,3000.0,90.0
246.774,-2.75364351272583,0.1381807029247284,-0.18977907299995422,0.06502900272607803,0.030550364404916763,1.0045677423477173,,,
,,,,,,,47000.0,3000.0,90.0
246.784,-0.01596873439848423,-0.19342829287052155,0.16224338114261627,0.06411269307136536,0.02960014156997204,1.0078245401382446,,,
,,,,,,,47000.0,3000.0,90.0
246.794,0.455035001039505,-0.08324160426855087,0.01799042336642742,0.06651070713996887,0.027704767882823944,1.0016344785690308,,,
,,,,,,,47000.0,3000.0,90.0
246.804,1.2453162670135498,-0.2941131591796875,-0.263187050819397,0.06687888503074646,0.033883288502693176,0.9982496500015259,,,
,,,,,,,47000.0,3000.0,90.0
246.814,0.6846234798431396,-0.014620369300246239,0.03685862943530083,0.06395837664604187,0.03743831068277359,1.0003687143325806,,,
,,,,,,,47000.0,3000.0,90.0
246.824,0.3898397982120514,0.039090871810913086,0.175069198012352,0.06546971201896667,0.03211205080151558,1.0023311376571655,,,
,,,,,,,47000.0,3000.0,90.0
246.834,-0.3938254714012146,0.3637703061103821,-0.1417565643787384,0.06441271305084229,0.03437373414635658,1.0065823793411255,,,
,,,,,,,47000.0,3000.0,90.0
246.844,-2.150097370147705,-0.20221126079559326,-0.23330284655094147,0.06524211913347244,0.03685738146305084,1.0057461261749268,,,
,,,,,,,47000.0,6000.0,90.0
246.854,-0.2358863353729248,0.36086559295654297,-0.11932095885276794,0.06681134551763535,0.025798674672842026,1.0018640756607056,,,
,,,,,,,47000.0,6000.0,90.0
246.864,-0.10537771135568619,-0.3903406858444214,-0.2693088948726654,0.07154852896928787,0.02663567289710045,0.9983304738998413,,,
,,,,,,,47000.0,6000.0,90.0
246.874,1.1044946908950806,-0.4534892439842224,0.2582015097141266,0.06746307015419006,0.03158760443329811,1.0026265382766724,,,
,,,,,,,47000.0,6000.0,90.0
246.884,-0.8723104596138,0.12239847332239151,-0.32693547010421753,0.068209208548069,0.031889908015728,1.0126762390136719,,,
,,,,,,,47000.0,6000.0,90.0
246.894,3.374903917312622,-0.7480635643005371,0.04103470966219902,0.06648150086402893,0.0219266340136528,0.9991319179534912,,,
,,,,,,,47000.0,6000.0,90.0
246.904,-1.7471389770507812,0.11294810473918915,-0.3238001763820648,0.06421270221471786,0.04073792323470116,0.9969997406005859,,,
,,,,,,,47000.0,6000.0,90.0
246.914,-1.7875069379806519,-0.15772168338298798,0.40535515546798706,0.06362863630056381,0.04048897698521614,1.003482699394226,,,
,,,,,,,47000.0,6000.0,90.0
246.924,-2.0058975219726562,0.39823758602142334,-0.2560446858406067,0.06281126290559769,0.023536240682005882,1.0005743503570557,,,
,,,,,,,47000.0,13000.0,90.0
246.934,1.0759778022766113,-0.3286745548248291,0.019228581339120865,0.06320326030254364,0.028619740158319473,1.009261131286621,,,
,,,,,,,46000.0,13000.0,90.0
246.944,1.6485841274261475,-0.4344097077846527,0.06038607656955719,0.06831013411283493,0.031072262674570084,1.002354621887207,,,
,,,,,,,46000.0,13000.0,90.0
246.954,0.923642635345459,-0.01436101458966732,-0.10695192962884903,0.06881671398878098,0.030374713242053986,0.9919794797897339,,,
,,,,,,,46000.0,13000.0,90.0
246.964,-6.246971130371094,0.3303595185279846,0.149185910820961,0.06898313015699387,0.04810505360364914,1.0044938325881958,,,
,,,,,,,46000.0,13000.0,90.0
246.974,3.4507083892822266,-0.6621254682540894,0.19231872260570526,0.0649913027882576,0.018708771094679832,1.014492392539978,,,
,,,,,,,46000.0,13000.0,90.0
246.984,6.14890718460083,0.25003644824028015,-0.7865815758705139,0.06711118668317795,0.013213404454290867,0.9951448440551758,,,
,,,,,,,46000.0,13000.0,90.0
246.994,0.4330452084541321,-0.048493582755327225,-0.09676925837993622,0.06463364511728287,0.056770209223032,0.9988974332809448,,,
,,,,,,,46000.0,13000.0,90.0
247.004,-3.047550678253174,-0.39666610956192017,0.4682820737361908,0.06457056105136871,0.04630517587065697,0.9980770945549011,,,
,,,,,,,46000.0,13000.0,90.0
247.014,-4.706740856170654,1.0551390647888184,-0.1356515735387802,0.0649743303656578,0.018342388793826103,1.0005695819854736,,,
,,,,,,,46000.0,24000.0,90.0
247.024,0.14756929874420166,-0.3821852207183838,-0.039422161877155304,0.06058305501937866,0.029745392501354218,1.0142879486083984,,,
,,,,,,,46000.0,24000.0,90.0
247.034,0.3087516129016876,-0.8908767104148865,0.1126951351761818,0.06671132147312164,0.029232218861579895,1.0003737211227417,,,
,,,,,,,46000.0,24000.0,90.0
247.044,-5.204387187957764,-0.0808551013469696,-0.1823631376028061,0.07408452779054642,0.037998754531145096,1.0016179084777832,,,
,,,,,,,46000.0,24000.0,90.0
247.054,2.841839075088501,-1.0843814611434937,-0.7398725152015686,0.08010952919721603,0.026016827672719955,1.0192023515701294,,,
,,,,,,,46000.0,24000.0,90.0
247.064,12.709260940551758,-0.5604934692382812,-0.4840054214000702,0.06828433275222778,0.004739687778055668,1.0009288787841797,,,
,,,,,,,46000.0,24000.0,90.0
247.074,4.9841108322143555,-0.29797643423080444,-0.6166666150093079,0.06733237206935883,0.04520322382450104,0.9820244312286377,,,
,,,,,,,46000.0,24000.0,90.0
247.084,-4.994665622711182,0.525897741317749,2.145195484161377,0.06635649502277374,0.07468559592962265,1.000239372253418,,,
,,,,,,,46000.0,24000.0,90.0
247.094,-10.320453643798828,0.30828437209129333,-0.22427411377429962,0.06138686090707779,0.026888078078627586,1.0108754634857178,,,
,,,,,,,46000.0,32767.0,90.0
247.104,-4.357817649841309,0.4641329348087311,-0.16104456782341003,0.06262338161468506,0.000854449172038585,1.0280096530914307,,,
,,,,,,,46000.0,32767.0,90.0
247.114,4.8883891105651855,-0.836687445640564,0.2618570327758789,0.06514076888561249,0.023317983373999596,1.0134862661361694,,,
,,,,,,,46000.0,32767.0,90.0
247.124,-5.603524684906006,0.09429463744163513,-1.997029185295105,0.06589894741773605,0.04807499423623085,0.9907712340354919,,,
,,,,,,,46000.0,32767.0,90.0
247.134,-0.11855573207139969,-1.281630039215088,-1.7319833040237427,0.07467500120401382,0.031993914395570755,1.0179929733276367,,,
,,,,,,,46000.0,32767.0,90.0
247.144,28.04622459411621,-1.5757941007614136,0.7023774981498718,0.06823720037937164,-0.002291807672008872,0.9789712429046631,,,
,,,,,,,46000.0,32767.0,90.0
247.154,-1.341978669166565,2.668036460876465,1.2396756410598755,0.0821400061249733,0.07361625880002975,0.9617206454277039,,,
,,,,,,,46000.0,32767.0,90.0
247.164,-10.066659927368164,0.25824224948883057,0.6819502711296082,0.06701727956533432,0.0872875526547432,1.0102001428604126,,,
,,,,,,,46000.0,32767.0,90.0
247.174,-12.633329391479492,1.0833351612091064,0.6502642631530762,0.060119327157735825,0.007269130554050207,1.0256707668304443,,,
,,,,,,,46000.0,32767.0,90.0
247.184,0.7820366024971008,-0.5595213770866394,0.11254452913999557,0.06204954907298088,-0.02370273880660534,1.0358967781066895,,,
,,,,,,,46000.0,32767.0,90.0
247.194,5.494028568267822,-1.7947335243225098,-0.4466077983379364,0.06435782462358475,0.03285195678472519,1.013057827949524,,,
,,,,,,,46000.0,32767.0,90.0
247.204,0.9349968433380127,-0.8996859192848206,-0.6535780429840088,0.06513775885105133,0.06256813555955887,0.9801225662231445,,,
,,,,,,,46000.0,32767.0,90.0
247.214,1.8546578884124756,0.29942941665649414,-0.3412492573261261,0.07488278299570084,0.0429142564535141,0.9740555882453918,,,
,,,,,,,46000.0,32767.0,90.0
247.224,0.9598321914672852,1.2476592063903809,-0.04677433520555496,0.06682608276605606,0.028155449777841568,0.9950944781303406,,,
,,,,,,,46000.0,32767.0,90.0
247.234,-2.22035551071167,0.09535067528486252,0.5267093777656555,0.06421472877264023,0.03226830065250397,1.0265891551971436,,,
,,,,,,,46000.0,32767.0,90.0
247.244,-2.3324897289276123,-0.42554154992103577,0.3321777582168579,0.06351743638515472,0.017726078629493713,1.0177861452102661,,,
,,,,,,,46000.0,32767.0,90.0
247.254,-2.7009599208831787,-0.39713427424430847,-0.5312886834144592,0.06588642299175262,0.028059976175427437,0.9996020197868347,,,
,,,,,,,46000.0,32767.0,90.0
247.264,1.050853967666626,-0.03786124661564827,0.05351749807596207,0.06717222929000854,0.03897375613451004,0.9892991185188293,,,
,,,,,,,46000.0,41000.0,90.0
247.274,2.985416889190674,0.1139126718044281,0.23821347951889038,0.06606527417898178,0.026644235476851463,0.9923056960105896,,,
,,,,,,,46000.0,41000.0,90.0
247.284,2.850710153579712,0.06331834942102432,-0.35597068071365356,0.06462647020816803,0.028383705765008926,1.0106916427612305,,,
,,,,,,,46000.0,41000.0,90.0
247.294,-1.2792471647262573,-0.5748888254165649,-0.4447936415672302,0.06538484245538712,0.0390605553984642,1.0088306665420532,,,
,,,,,,,46000.0,41000.0,90.0
247.304,-11.430983543395996,1.9859189987182617,0.12455994635820389,0.06806809455156326,0.05060688406229019,0.9941677451133728,,,
,,,,,,,46000.0,41000.0,90.0
247.314,-8.252059936523438,-1.3299453258514404,-2.6631526947021484,0.06621886044740677,0.030513472855091095,1.035935640335083,,,
,,,,,,,46000.0,41000.0,90.0
247.324,21.40029525756836,-1.9891788959503174,0.7395071387290955,0.05875789746642113,-0.02023300901055336,0.9987740516662598,,,
,,,,,,,46000.0,41000.0,90.0
247.334,21.376358032226562,-0.37067079544067383,-0.3285178244113922,0.08000067621469498,0.038850996643304825,0.9534332156181335,,,
,,,,,,,46000.0,41000.0,90.0
247.344,-18.398042678833008,2.5585880279541016,-0.8612186312675476,0.07786931842565536,0.12422571331262589,0.9879010319709778,,,
,,,,,,,46000.0,41000.0,90.0
247.354,-5.314603328704834,0.32501208782196045,2.123746633529663,0.05526271462440491,0.04833545163273811,1.0308319330215454,,,
,,,,,,,46000.0,41000.0,90.0
247.364,-5.776040077209473,0.7034934759140015,-0.44717952609062195,0.06225448474287987,-0.03431239351630211,1.0140963792800903,,,
,,,,,,,46000.0,48000.0,90.0
247.374,-1.2066199779510498,-0.0821341797709465,-0.8600228428840637,0.06370136886835098,0.011977935209870338,1.0312680006027222,,,
,,,,,,,46000.0,48000.0,90.0
247.384,5.529327392578125,-1.8875114917755127,-0.29023584723472595,0.05538465082645416,0.05380416661500931,0.9981538653373718,,,
,,,,,,,46000.0,48000.0,90.0
247.394,2.4077742099761963,-0.633121132850647,-0.5317060947418213,0.07616641372442245,0.03433685004711151,0.9732062816619873,,,
,,,,,,,46000.0,48000.0,90.0
247.404,-3.4147772789001465,2.465928554534912,0.2600434124469757,0.07477866858243942,0.046754609793424606,0.9784178733825684,,,
,,,,,,,46000.0,48000.0,90.0
247.414,-12.238996505737305,0.8668655753135681,0.5012580156326294,0.06986876577138901,0.05154285207390785,1.0319597721099854,,,
,,,,,,,46000.0,48000.0,90.0
247.424,7.824711322784424,-2.6579673290252686,0.20006418228149414,0.05214690789580345,-0.005903131794184446,1.0379717350006104,,,
,,,,,,,46000.0,48000.0,90.0
247.434,22.087068557739258,-2.591203451156616,-1.636495590209961,0.06269162893295288,-0.009496865794062614,0.9859384894371033,,,
,,,,,,,46000.0,48000.0,90.0
247.444,8.479791641235352,1.9754724502563477,3.6233675479888916,0.07121704518795013,0.08914268761873245,0.9579945802688599,,,
,,,,,,,46000.0,48000.0,90.0
247.454,-6.905055522918701,2.024085521697998,4.3959221839904785,0.08877690881490707,0.11198121309280396,0.9905113577842712,,,
,,,,,,,46000.0,55000.0,90.0
247.464,-26.237524032592773,2.687441349029541,-2.1651413440704346,0.05888497084379196,0.027167120948433876,1.0027413368225098,,,
,,,,,,,46000.0,55000.0,90.0
247.474,-0.914897620677948,-0.33502063155174255,0.5922499299049377,0.05649983510375023,-0.03127523139119148,1.0586968660354614,,,
,,,,,,,46000.0,55000.0,90.0
247.484,8.170169830322266,-0.7076776623725891,0.31035885214805603,0.05734921619296074,-0.0062018646858632565,1.0196577310562134,,,
,,,,,,,46000.0,55000.0,90.0
247.494,-4.767760753631592,-1.6439743041992188,-5.807662487030029,0.06700814515352249,0.05199876427650452,0.9960001707077026,,,
,,,,,,,46000.0,55000.0,90.0
247.504,1.7569268941879272,-0.9759071469306946,-1.6416147947311401,0.07165084034204483,0.057117074728012085,0.9917148351669312,,,
,,,,,,,46000.0,55000.0,90.0
247.514,10.277610778808594,-0.4814939498901367,0.6965527534484863,0.06784319132566452,0.033205296844244,0.9845898151397705,,,
,,,,,,,46000.0,55000.0,90.0
247.524,-0.43519431352615356,0.6353656649589539,-0.5737097859382629,0.0695430114865303,0.041316401213407516,0.9866405725479126,,,
,,,,,,,46000.0,55000.0,90.0
247.534,2.994990348815918,-0.7487553954124451,0.23488549888134003,0.07307847589254379,0.04827539622783661,0.9958417415618896,,,
,,,,,,,46000.0,55000.0,90.0
247.544,1.2436270713806152,2.571122646331787,4.6085968017578125,0.0625152736902237,0.04152682423591614,0.9937511086463928,,,
,,,,,,,46000.0,62000.0,90.0
247.554,-5.342905044555664,0.7891345620155334,-1.8072556257247925,0.061295993626117706,0.027553653344511986,1.0123132467269897,,,
,,,,,,,48000.0,62000.0,90.0
247.564,-8.055908203125,2.3196661472320557,0.03712084889411926,0.06454326212406158,0.024342462420463562,1.0296868085861206,,,
,,,,,,,48000.0,62000.0,90.0
247.574,1.8908053636550903,-1.1559219360351562,0.4761126935482025,0.05959444120526314,0.019993582740426064,1.0248867273330688,,,
,,,,,,,48000.0,62000.0,90.0
247.584,0.0463842898607254,-0.998268187046051,-1.0914467573165894,0.06126263737678528,0.02515319176018238,1.001751184463501,,,
,,,,,,,48000.0,62000.0,90.0
247.594,2.9477033615112305,-1.7912496328353882,-0.6152134537696838,0.07066239416599274,0.040490906685590744,0.9900104999542236,,,
,,,,,,,48000.0,62000.0,90.0
247.604,4.330416202545166,0.3040772080421448,-0.289581835269928,0.07276325672864914,0.04356430470943451,0.9743300676345825,,,
,,,,,,,48000.0,62000.0,90.0
247.614,-2.1607069969177246,1.5470359325408936,-0.3151130974292755,0.06738929450511932,0.04086089879274368,0.9960336089134216,,,
,,,,,,,48000.0,62000.0,90.0
247.624,2.2848854064941406,-0.107764333486557,0.32188504934310913,0.05914296954870224,0.02877037040889263,1.0199384689331055,,,
,,,,,,,48000.0,65535.0,90.0
247.634,-0.39755773544311523,-0.2824403941631317,-0.2924482822418213,0.06339691579341888,0.027425330132246017,1.0156093835830688,,,
,,,,,,,48000.0,65535.0,90.0
247.644,0.5760527849197388,-0.8884560465812683,0.1930403709411621,0.06607665866613388,0.036622293293476105,1.0040411949157715,,,
,,,,,,,48000.0,65535.0,90.0
247.654,-0.41504791378974915,0.18123221397399902,-0.31996628642082214,0.06961410492658615,0.03612159192562103,0.9879313111305237,,,
,,,,,,,48000.0,65535.0,90.0
247.664,-2.6146771907806396,1.0099438428878784,-0.017214441671967506,0.06780687719583511,0.03859011083841324,0.9953685402870178,,,
,,,,,,,48000.0,65535.0,90.0
247.674,-0.8984490633010864,-0.0175872053951025,0.1611776351928711,0.06396089494228363,0.0337764136493206,1.0106226205825806,,,
,,,,,,,48000.0,65535.0,90.0
247.684,-0.8085669279098511,-0.28351306915283203,0.07609275728464127,0.06374053657054901,0.023053983226418495,1.0116217136383057,,,
,,,,,,,48000.0,65535.0,90.0
247.694,1.2373768091201782,-0.4344792664051056,-0.2516641616821289,0.06783613562583923,0.029142368584871292,1.0023335218429565,,,
,,,,,,,48000.0,65535.0,90.0
247.704,0.1451042741537094,0.0968947485089302,0.14395733177661896,0.06628305464982986,0.03639000654220581,0.991537868976593,,,
,,,,,,,48000.0,65535.0,90.0
247.714,0.3806319534778595,-0.19056513905525208,-0.017360704019665718,0.06311295926570892,0.03366958722472191,0.9992713332176208,,,
,,,,,,,48000.0,65535.0,90.0
247.724,0.8140885829925537,-0.07499244809150696,-0.03699350729584694,0.060126859694719315,0.029249487444758415,1.0079102516174316,,,
,,,,,,,48000.0,65535.0,90.0
247.734,0.02163095213472843,-0.33422237634658813,-0.3420606255531311,0.06338505446910858,0.029506472870707512,1.0095595121383667,,,
,,,,,,,48000.0,65535.0,90.0
247.744,0.033984437584877014,-0.3907049596309662,-0.25294554233551025,0.06492700427770615,0.03292487934231758,1.0008865594863892,,,
,,,,,,,48000.0,65535.0,90.0
247.754,0.3710269033908844,-0.004586675204336643,-0.17372369766235352,0.06452754884958267,0.035972025245428085,0.9980599284172058,,,
,,,,,,,48000.0,65535.0,90.0
247.764,0.6664845943450928,-0.14096678793430328,-0.10988563299179077,0.06384623050689697,0.03525537997484207,1.000557541847229,,,
,,,,,,,48000.0,65535.0,90.0
247.774,-0.4105338454246521,-0.01572597399353981,-0.06346900761127472,0.06382977217435837,0.03283127769827843,1.0063101053237915,,,
,,,,,,,48000.0,65535.0,90.0
247.784,-1.0604496002197266,-0.2369045615196228,0.1576821655035019,0.0650259479880333,0.033110812306404114,1.0047366619110107,,,
,,,,,,,48000.0,65535.0,90.0
247.794,-0.8602989315986633,-0.2255573868751526,-0.24893450736999512,0.06581077724695206,0.033114973455667496,1.0010498762130737,,,
,,,,,,,48000.0,65535.0,90.0
247.804,-0.4065810739994049,-0.24172213673591614,-0.1576218456029892,0.06737711280584335,0.03453141823410988,0.99920254945755,,,
,,,,,,,48000.0,65535.0,90.0
247.814,-0.18704797327518463,-0.25177425146102905,0.2726084887981415,0.06629682332277298,0.0365910679101944,1.0046237707138062,,,
,,,,,,,48000.0,65535.0,90.0
247.824,-0.2604798674583435,-0.02064506709575653,0.11365794390439987,0.06476353853940964,0.030914276838302612,1.0069305896759033,,,
,,,,,,,48000.0,65535.0,90.0
247.834,0.7585726380348206,-0.2902320325374603,0.08412238210439682,0.06577177345752716,0.02877657115459442,1.0048067569732666,,,
,,,,,,,48000.0,65535.0,90.0
247.844,0.20889131724834442,-0.23418225347995758,-0.09424218535423279,0.0654798224568367,0.035759832710027695,1.0023852586746216,,,
,,,,,,,48000.0,65535.0,90.0
247.854,0.308124303817749,-0.3637045621871948,0.1133723184466362,0.06698665022850037,0.03282982110977173,1.0010050535202026,,,
,,,,,,,48000.0,65535.0,90.0
247.864,0.37064656615257263,-0.15673281252384186,0.04613930732011795,0.06470640748739243,0.031234011054039,1.0029189586639404,,,
,,,,,,,48000.0,65535.0,90.0
247.874,0.31669607758522034,-0.2680729329586029,0.15644779801368713,0.06426525861024857,0.034197550266981125,1.0060055255889893,,,
,,,,,,,48000.0,65535.0,90.0
247.884,-0.27893292903900146,-0.105736143887043,-0.20682638883590698,0.06513189524412155,0.03486419841647148,1.0039938688278198,,,
,,,,,,,48000.0,65535.0,90.0
247.894,-0.25627660751342773,0.14219257235527039,0.07000800967216492,0.06509996950626373,0.034641820937395096,1.003396987915039,,,
,,,,,,,48000.0,65535.0,90.0
247.904,-0.5231125354766846,-0.2722688317298889,0.11801790446043015,0.06535153836011887,0.03343751281499863,1.0051435232162476,,,
,,,,,,,48000.0,65535.0,90.0
247.914,-0.3487435579299927,-0.23941539227962494,0.01794864982366562,0.06407910585403442,0.028261583298444748,1.003376841545105,,,
,,,,,,,48000.0,65535.0,90.0
247.924,0.006010666489601135,0.05350162461400032,-0.022815249860286713,0.06382549554109573,0.029389560222625732,1.003396987915039,,,
,,,,,,,48000.0,65535.0,90.0
247.934,-0.2601669132709503,0.19708064198493958,-0.18837331235408783,0.06218340992927551,0.034819312393665314,1.002455711364746,,,
,,,,,,,48000.0,65535.0,90.0
247.944,-0.1292732059955597,-0.17321547865867615,0.12840431928634644,0.06501121819019318,0.03296443447470665,1.0025458335876465,,,
,,,,,,,48000.0,65535.0,90.0
247.954,-0.15251898765563965,-0.21192075312137604,-0.13825279474258423,0.06628984957933426,0.03162606433033943,1.003301739692688,,,
,,,,,,,48000.0,65535.0,90.0
247.964,0.12742501497268677,-0.512900710105896,0.22091442346572876,0.0638468936085701,0.03359513357281685,1.0047160387039185,,,
,,,,,,,48000.0,65535.0,90.0
247.974,0.5414186120033264,-0.017766166478395462,0.10361765325069427,0.06502700597047806,0.029999352991580963,1.0017633438110352,,,
,,,,,,,48000.0,65535.0,90.0
247.984,0.562269926071167,-0.3280988037586212,-0.1874556988477707,0.06593417376279831,0.03402785211801529,0.9992765188217163,,,
,,,,,,,48000.0,65535.0,90.0
247.994,-0.013085948303341866,-0.12589262425899506,0.04889747127890587,0.06657840311527252,0.035031527280807495,1.0016950368881226,,,
,,,,,,,48000.0,65535.0,90.0
248.004,-0.010811884887516499,0.11341331899166107,-0.07485270500183105,0.06334030628204346,0.03113790787756443,1.0009037256240845,,,
,,,,,,,48000.0,65535.0,90.0
248.014,-0.001252909074537456,-0.15657849609851837,-0.1611856073141098,0.06246105581521988,0.032589495182037354,1.005418062210083,,,
,,,,,,,48000.0,65535.0,90.0
248.024,-0.43397870659828186,-0.008742347359657288,0.20896360278129578,0.06276219338178635,0.03454609587788582,1.0050764083862305,,,
,,,,,,,48000.0,65535.0,90.0
248.034,-0.2682538330554962,0.17092488706111908,0.1542886644601822,0.06520576030015945,0.03273439407348633,1.0025534629821777,,,
,,,,,,,48000.0,65535.0,90.0
248.044,-0.2231365144252777,0.015578909777104855,-0.005501944571733475,0.06535541266202927,0.03336605057120323,1.0047192573547363,,,
,,,,,,,48000.0,65535.0,90.0
248.054,-0.4670504033565521,-0.13183529675006866,-0.09169426560401917,0.06554292887449265,0.03570982813835144,1.005098819732666,,,
,,,,,,,48000.0,65535.0,90.0
248.064,0.0439579077064991,0.08185449987649918,-0.016995232552289963,0.06424026936292648,0.02993912063539028,1.0031474828720093,,,
,,,,,,,48000.0,65535.0,90.0
248.074,0.3011639416217804,-0.21170973777770996,-0.11481665074825287,0.06568361818790436,0.03335662558674812,1.0016976594924927,,,
,,,,,,,48000.0,65535.0,90.0
248.084,0.17413148283958435,-0.2282230406999588,0.08326417952775955,0.06500981748104095,0.035037096589803696,1.0024304389953613,,,
,,,,,,,48000.0,65535.0,90.0
248.094,0.34363046288490295,-0.03081510402262211,-0.0029090552125126123,0.06538952887058258,0.03075265698134899,1.0007996559143066,,,
,,,,,,,48000.0,65535.0,90.0
248.104,0.006853214465081692,0.13015702366828918,-0.24242043495178223,0.06481114029884338,0.031072834506630898,1.003607153892517,,,
,,,,,,,48000.0,65535.0,90.0
248.114,-0.24701640009880066,-0.15689454972743988,0.007371078711003065,0.06589606404304504,0.03177592158317566,1.002995252609253,,,
,,,,,,,48000.0,65535.0,90.0
248.124,-0.08413618057966232,0.21272173523902893,0.07634846121072769,0.06654620915651321,0.028776254504919052,1.0018341541290283,,,
,,,,,,,48000.0,65535.0,90.0
248.134,0.10041837394237518,-0.07445475459098816,-0.05233566835522652,0.06256717443466187,0.030858516693115234,1.0006608963012695,,,
,,,,,,,48000.0,65535.0,90.0
248.144,0.040605366230010986,-0.23279990255832672,0.04715101048350334,0.06493908911943436,0.03262140601873398,1.0037081241607666,,,
,,,,,,,48000.0,65535.0,90.0
248.154,-0.2946043610572815,0.13603416085243225,-0.11154989153146744,0.06502562016248703,0.030153892934322357,1.0005766153335571,,,
,,,,,,,48000.0,65535.0,90.0
248.164,-0.13075029850006104,0.11346014589071274,0.04574969783425331,0.06556984037160873,0.034175824373960495,1.002903699874878,,,
,,,,,,,48000.0,65535.0,90.0
248.174,-0.28227001428604126,-0.1613752543926239,0.06651348620653152,0.06583268940448761,0.03469642624258995,1.0035572052001953,,,
,,,,,,,48000.0,65535.0,90.0
248.184,-0.0558999702334404,-0.04855344817042351,0.17184367775917053,0.06561998277902603,0.02960459515452385,1.0009164810180664,,,
,,,,,,,48000.0,65535.0,90.0
248.194,0.2595682740211487,-0.20665663480758667,-0.2051447033882141,0.06428541988134384,0.032976433634757996,1.000874638557434,,,
,,,,,,,48000.0,65535.0,90.0
248.204,0.0850716084241867,-0.4357706606388092,0.2697868347167969,0.0635320395231247,0.034492772072553635,1.0018901824951172,,,
,,,,,,,48000.0,65535.0,90.0
248.214,0.29296621680259705,-0.2710629999637604,-0.08125710487365723,0.06454803049564362,0.033080972731113434,1.0016380548477173,,,
,,,,,,,48000.0,65535.0,90.0
248.224,0.25662896037101746,-0.2851400077342987,-0.16585887968540192,0.06393809616565704,0.03464284911751747,1.004677414894104,,,
,,,,,,,48000.0,59000.0,90.0
248.234,-0.512697696685791,0.1741877645254135,-0.020290909335017204,0.06856738030910492,0.033984843641519547,1.0017205476760864,,,
,,,,,,,48000.0,59000.0,90.0
248.244,0.9394544959068298,0.29451876878738403,-0.13325171172618866,0.07420182228088379,0.03465782105922699,1.0028438568115234,,,
,,,,,,,48000.0,59000.0,90.0
248.254,0.3080299496650696,-0.9258460998535156,-0.10994462668895721,0.07130476832389832,0.030893972143530846,1.009453535079956,,,
,,,,,,,48000.0,59000.0,90.0
248.264,0.9975329041481018,-0.6569902896881104,-0.19309210777282715,0.06619485467672348,0.027040673419833183,0.9962051510810852,,,
,,,,,,,48000.0,59000.0,90.0
248.274,-0.469241738319397,0.9964761734008789,-0.13138586282730103,0.06724651157855988,0.03821144625544548,0.9880310297012329,,,
,,,,,,,48000.0,59000.0,90.0
248.284,-3.9815237522125244,0.5745874643325806,0.32505708932876587,0.06512429565191269,0.039293114095926285,1.00747549533844,,,
,,,,,,,48000.0,59000.0,90.0
248.294,-1.4232653379440308,-0.3133857846260071,0.012501958757638931,0.06250979751348495,0.019071700051426888,1.0159168243408203,,,
,,,,,,,48000.0,59000.0,90.0
248.304,1.1200982332229614,-0.34131887555122375,-0.21665716171264648,0.06363466382026672,0.028069915249943733,1.007867455482483,,,
,,,,,,,48000.0,54000.0,90.0
248.314,2.379908800125122,-0.3611530363559723,0.09442084282636642,0.06615213304758072,0.038794055581092834,0.9960643649101257,,,
,,,,,,,48000.0,54000.0,90.0
248.324,1.0142282247543335,0.37686392664909363,-0.3069201111793518,0.06843307614326477,0.03714238852262497,0.9903584122657776,,,
,,,,,,,48000.0,54000.0,90.0
248.334,0.3877187669277191,-0.11094185709953308,0.09864071756601334,0.06641930341720581,0.03402193263173103,1.0067180395126343,,,
,,,,,,,48000.0,54000.0,90.0
248.344,1.1941859722137451,-1.159153938293457,-0.19342389702796936,0.06358104199171066,0.030171746388077736,1.0213011503219604,,,
,,,,,,,48000.0,54000.0,90.0
248.354,1.930990219116211,-1.8011109828948975,-0.692786693572998,0.06539399921894073,0.026339363306760788,0.9997095465660095,,,
,,,,,,,48000.0,54000.0,90.0
248.364,1.1970998048782349,0.7556049823760986,0.32823383808135986,0.06484784930944443,0.041500478982925415,0.9811860918998718,,,
,,,,,,,48000.0,54000.0,90.0
248.374,-6.600541114807129,1.9443259239196777,0.6930320858955383,0.07464557886123657,0.05139000713825226,0.9975647926330566,,,
,,,,,,,48000.0,54000.0,90.0
248.384,-7.906907081604004,1.004893183708191,-0.3917753994464874,0.05459125339984894,0.024566859006881714,1.020448088645935,,,
,,,,,,,48000.0,48000.0,90.0
248.394,-2.673377513885498,-1.059826374053955,-0.6458760499954224,0.057356491684913635,0.008447964675724506,1.0307660102844238,,,
,,,,,,,48000.0,48000.0,90.0
248.404,4.3715128898620605,-2.3063626289367676,-0.6174331307411194,0.05901410058140755,0.018728407099843025,1.0033730268478394,,,
,,,,,,,48000.0,48000.0,90.0
248.414,8.04603099822998,-1.612320065498352,0.2956773042678833,0.08065586537122726,0.042132943868637085,0.984536349773407,,,
,,,,,,,48000.0,48000.0,90.0
248.424,6.247391223907471,-2.2448911666870117,-0.32262709736824036,0.07234755158424377,0.0458320789039135,0.9948198199272156,,,
,,,,,,,48000.0,48000.0,90.0
248.434,8.259697914123535,-0.5616379976272583,0.7480510473251343,0.06736316531896591,0.03449220210313797,0.9735071659088135,,,
,,,,,,,48000.0,48000.0,90.0
248.444,1.8715842962265015,4.386209964752197,7.015779495239258,0.07647909224033356,0.0639902800321579,0.9746111035346985,,,
,,,,,,,48000.0,48000.0,90.0
248.454,-22.488182067871094,3.223381280899048,-3.0741655826568604,0.07977546751499176,0.06392247974872589,1.0038268566131592,,,
,,,,,,,48000.0,48000.0,90.0
248.464,-25.831079483032227,2.6602632999420166,0.49522706866264343,0.043801240622997284,0.009636755101382732,1.06922447681427,,,
,,,,,,,48000.0,48000.0,90.0
248.474,17.242511749267578,-6.081905841827393,-1.8970232009887695,0.030346408486366272,-0.052743177860975266,1.0613833665847778,,,
,,,,,,,48000.0,45000.0,90.0
248.484,13.745896339416504,-2.8571484088897705,-1.2721247673034668,0.06639271974563599,-0.005606963764876127,0.9858464002609253,,,
,,,,,,,48000.0,45000.0,90.0
248.494,12.952649116516113,-3.0174670219421387,-1.1749608516693115,0.0883379578590393,0.09484538435935974,0.9564133882522583,,,
,,,,,,,48000.0,45000.0,90.0
248.504,-1.3986181020736694,0.1467210054397583,0.12420602887868881,0.08198792487382889,0.1039792150259018,0.9462997913360596,,,
,,,,,,,48000.0,45000.0,90.0
248.514,-3.6278421878814697,3.656411647796631,3.6354832649230957,0.07772570848464966,0.03483990207314491,0.9669182896614075,,,
,,,,,,,48000.0,45000.0,90.0
248.524,3.371579170227051,4.303184509277344,2.7850396633148193,0.06279502063989639,0.013321480713784695,1.0066187381744385,,,
,,,,,,,48000.0,45000.0,90.0
248.534,-26.191619873046875,2.7558016777038574,-1.5564424991607666,0.04867130517959595,0.04586203768849373,1.0474679470062256,,,
,,,,,,,48000.0,45000.0,90.0
248.544,-5.963107585906982,-3.898632764816284,-2.366847276687622,0.04118534177541733,0.0015516800340265036,1.0921615362167358,,,
,,,,,,,48000.0,45000.0,90.0
248.554,12.304604530334473,-4.428779125213623,-3.0086328983306885,0.042883552610874176,-0.03996674343943596,1.0070024728775024,,,
,,,,,,,48000.0,43000.0,90.0
248.564,19.586645126342773,-3.224743604660034,-0.5034922957420349,0.0912368893623352,0.033352721482515335,0.9677312970161438,,,
,,,,,,,48000.0,43000.0,90.0
248.574,4.6983747482299805,0.9125006198883057,-0.1099376305937767,0.08257388323545456,0.11629734933376312,0.9424434900283813,,,
,,,,,,,48000.0,43000.0,90.0
248.584,-15.076087951660156,2.8071630001068115,-0.7777868509292603,0.068109892308712,0.0902988389134407,0.9759222269058228,,,
,,,,,,,48000.0,43000.0,90.0
248.594,1.6444770097732544,1.8159223794937134,2.1014745235443115,0.07957639545202255,-0.0005991782527416945,1.010106086730957,,,
,,,,,,,48000.0,43000.0,90.0
248.604,-5.474977970123291,1.7864067554473877,-0.09442148357629776,0.04882557690143585,0.00583087420091033,1.0231374502182007,,,
,,,,,,,48000.0,43000.0,90.0
248.614,-6.473917007446289,-1.482146978378296,-2.074941396713257,0.055623266845941544,0.029218554496765137,1.0667492151260376,,,
,,,,,,,48000.0,43000.0,90.0
248.624,7.814423084259033,-2.598428249359131,-2.0878028869628906,0.04976033419370651,-0.001899793860502541,1.0002682209014893,,,
,,,,,,,48000.0,43000.0,90.0
248.634,7.63424825668335,-1.1743662357330322,-0.6309930086135864,0.0848735049366951,0.04309740662574768,0.9773855209350586,,,
,,,,,,,48000.0,43000.0,90.0
248.644,-5.231927871704102,0.9593774676322937,0.037275563925504684,0.06706392765045166,0.08182574063539505,0.9795305132865906,,,
,,,,,,,48000.0,43000.0,90.0
248.654,-1.1414837837219238,0.5755648016929626,-0.04609034210443497,0.06809774041175842,0.030424391850829124,0.9858351349830627,,,
,,,,,,,48000.0,43000.0,90.0
248.664,-0.06108928099274635,0.6413507461547852,-0.33738085627555847,0.06410730630159378,0.009602813981473446,1.0145390033721924,,,
,,,,,,,48000.0,43000.0,90.0
248.674,-0.24376046657562256,-0.6649813055992126,0.5331305861473083,0.05659986287355423,0.03258553147315979,1.0344936847686768,,,
,,,,,,,48000.0,43000.0,90.0
248.684,1.6700727939605713,-1.1306613683700562,0.3718564808368683,0.06581251323223114,0.026789633557200432,0.998740017414093,,,
,,,,,,,48000.0,43000.0,90.0
248.694,-2.9036169052124023,0.5363231301307678,-0.8647034764289856,0.07009340077638626,0.0395955815911293,0.9781814813613892,,,
,,,,,,,48000.0,43000.0,90.0
248.704,0.3479848802089691,0.3642357587814331,0.45324471592903137,0.06368117034435272,0.04607924818992615,1.000098466873169,,,
,,,,,,,48000.0,43000.0,90.0
248.714,2.760183095932007,-0.011920759454369545,0.008883019909262657,0.06401307135820389,0.017962045967578888,1.0101155042648315,,,
,,,,,,,48000.0,43000.0,90.0
248.724,-0.44441530108451843,-0.5043424963951111,-0.44766324758529663,0.06370847672224045,0.028479741886258125,1.0172090530395508,,,
,,,,,,,48000.0,42000.0,90.0
248.734,-0.6888751983642578,-0.6868720650672913,0.21511349081993103,0.06572810560464859,0.04025428369641304,1.0045382976531982,,,
,,,,,,,48000.0,42000.0,90.0
248.744,-0.8033362627029419,0.5756087899208069,-0.40947598218917847,0.06837037950754166,0.031528376042842865,0.9820500016212463,,,
,,,,,,,48000.0,42000.0,90.0
248.754,-0.8795384168624878,0.5427428483963013,0.3577767014503479,0.06459761410951614,0.03853820636868477,1.0014759302139282,,,
,,,,,,,48000.0,42000.0,90.0
248.764,1.9316953420639038,-0.803808867931366,0.15421372652053833,0.06145855039358139,0.026171045377850533,1.0168542861938477,,,
,,,,,,,48000.0,42000.0,90.0
248.774,1.5105050802230835,0.10318730026483536,-0.7108120322227478,0.06630829721689224,0.020633580163121223,0.9963827729225159,,,
,,,,,,,48000.0,42000.0,90.0
248.784,-3.498058319091797,0.11793213337659836,-0.17893855273723602,0.06405007839202881,0.04799911379814148,1.0028986930847168,,,
,,,,,,,48000.0,42000.0,90.0
248.794,-0.5690362453460693,0.027326777577400208,0.24473963677883148,0.06339412927627563,0.03457263857126236,1.0019367933273315,,,
,,,,,,,48000.0,42000.0,90.0
248.804,2.1197869777679443,0.25103992223739624,-0.46005550026893616,0.06550078094005585,0.018511734902858734,0.995389997959137,,,
,,,,,,,48000.0,42000.0,90.0
248.814,-0.2591852843761444,-0.04835214838385582,0.12888692319393158,0.06395168602466583,0.044563911855220795,1.0126855373382568,,,
,,,,,,,48000.0,45000.0,90.0
248.824,0.7136435508728027,-0.37751156091690063,0.10872386395931244,0.0662519633769989,0.030804555863142014,1.004798173904419,,,
,,,,,,,48000.0,45000.0,90.0
248.834,0.3782581090927124,0.1044958308339119,-0.444985032081604,0.06852477043867111,0.026288870722055435,0.9938753247261047,,,
,,,,,,,48000.0,45000.0,90.0
248.844,-3.1466569900512695,0.35024574398994446,-0.11320549994707108,0.06738216429948807,0.04823465272784233,1.0038756132125854,,,
,,,,,,,48000.0,45000.0,90.0
248.854,-3.4024219512939453,-0.01047190185636282,0.36400529742240906,0.0703783631324768,0.03484327718615532,1.0054352283477783,,,
,,,,,,,48000.0,45000.0,90.0
248.864,-1.831831693649292,-0.20283180475234985,-0.12438773363828659,0.0644908919930458,0.01862434856593609,1.0214852094650269,,,
,,,,,,,48000.0,45000.0,90.0
248.874,11.909476280212402,-2.264286756515503,-0.12060590088367462,0.06508983671665192,0.012274866923689842,1.0102137327194214,,,
,,,,,,,48000.0,45000.0,90.0
248.884,7.624162673950195,0.3964691758155823,-0.8298259377479553,0.06807228922843933,0.03825705125927925,0.9676367044448853,,,
,,,,,,,48000.0,45000.0,90.0
248.894,-7.616758346557617,1.7937825918197632,0.4079819619655609,0.0733485147356987,0.0750027671456337,0.9917874336242676,,,
,,,,,,,48000.0,49000.0,90.0
248.904,-6.116248607635498,-0.22695554792881012,1.1161268949508667,0.05739423260092735,0.0310312882065773,1.025172472000122,,,
,,,,,,,48000.0,49000.0,90.0
248.914,-0.06616276502609253,-0.09403859078884125,-0.3148949146270752,0.06548603624105453,-0.008709357120096684,1.0102955102920532,,,
,,,,,,,48000.0,49000.0,90.0
248.924,-6.0272417068481445,0.7424373030662537,-0.6928509473800659,0.06516056507825851,0.04490163177251816,1.00284743309021,,,
,,,,,,,48000.0,49000.0,90.0
248.934,-8.063304901123047,-1.3709501028060913,-3.3167383670806885,0.06277944892644882,0.04818706214427948,1.0224486589431763,,,
,,,,,,,48000.0,49000.0,90.0
248.944,9.054741859436035,-1.8418118953704834,1.1648002862930298,0.06272029876708984,-0.006949807517230511,1.0190818309783936,,,
,,,,,,,48000.0,49000.0,90.0
248.954,23.41621208190918,-3.0820155143737793,-1.8280797004699707,0.0707615464925766,0.013978961855173111,0.9708740711212158,,,
,,,,,,,48000.0,49000.0,90.0
248.964,-0.301040917634964,2.4667038917541504,1.1112397909164429,0.06892086565494537,0.0995291993021965,0.9437199831008911,,,
,,,,,,,48000.0,49000.0,90.0
248.974,-6.102198600769043,2.575871229171753,4.537604331970215,0.08270060271024704,0.0934876799583435,1.0022706985473633,,,
,,,,,,,48000.0,49000.0,90.0
248.984,-17.79820442199707,2.5036087036132812,-1.4471360445022583,0.057801928371191025,0.0034256947692483664,1.0144526958465576,,,
,,,,,,,48000.0,53000.0,90.0
248.994,-1.9828745126724243,-0.17359742522239685,-0.11643479764461517,0.05259568989276886,-0.022605741396546364,1.0611121654510498,,,
,,,,,,,48000.0,53000.0,90.0
249.004,11.079084396362305,-2.62530255317688,0.9099056124687195,0.05567573755979538,0.009904734790325165,1.0297834873199463,,,
,,,,,,,48000.0,53000.0,90.0
249.014,-2.153640031814575,-0.6910991668701172,-1.901840090751648,0.059485651552677155,0.04991991072893143,0.979659378528595,,,
,,,,,,,48000.0,53000.0,90.0
249.024,-2.9294588565826416,-0.24739225208759308,-0.4111129343509674,0.09054698795080185,0.060903239995241165,0.9737443327903748,,,
,,,,,,,48000.0,53000.0,90.0
249.034,-2.7991220951080322,1.3361618518829346,-0.010264633223414421,0.07178285717964172,0.036181867122650146,0.9856521487236023,,,
,,,,,,,48000.0,53000.0,90.0
249.044,5.4274678230285645,-0.32200634479522705,0.3075724244117737,0.060002077370882034,0.01305727194994688,1.015944004058838,,,
,,,,,,,48000.0,53000.0,90.0
249.054,10.679826736450195,-2.0572474002838135,-0.24384088814258575,0.06228610500693321,0.01895410753786564,1.0172111988067627,,,
,,,,,,,48000.0,53000.0,90.0
249.064,1.460785150527954,0.4540531635284424,-0.6860639452934265,0.0685928612947464,0.04714153707027435,0.9859406352043152,,,
,,,,,,,48000.0,54000.0,90.0
249.074,-5.072800636291504,1.8649990558624268,2.1596057415008545,0.06852933764457703,0.06974570453166962,0.9919452667236328,,,
,,,,,,,48000.0,54000.0,90.0
249.084,-9.222451210021973,1.2701575756072998,-0.09306143969297409,0.060163676738739014,0.03022746369242668,1.0064191818237305,,,
,,,,,,,48000.0,54000.0,90.0
249.094,-3.8702030181884766,-0.021473102271556854,-0.29242074489593506,0.05867438390851021,0.005245922598987818,1.0329599380493164,,,
,,,,,,,48000.0,54000.0,90.0
249.104,3.8428192138671875,-1.454777717590332,0.3838082551956177,0.061171770095825195,0.023051057010889053,1.0137808322906494,,,
,,,,,,,48000.0,54000.0,90.0
249.114,-0.4207444190979004,-0.20850451290607452,-0.37805142998695374,0.06426665931940079,0.04648496210575104,0.9809855222702026,,,
,,,,,,,48000.0,54000.0,90.0
249.124,2.589434862136841,-0.1460578888654709,0.2145518809556961,0.07059168815612793,0.04291088506579399,0.9884569644927979,,,
,,,,,,,48000.0,54000.0,90.0
249.134,1.4834187030792236,0.1767517328262329,-0.11841018497943878,0.0639980360865593,0.02794606424868107,1.004451036453247,,,
,,,,,,,48000.0,54000.0,90.0
249.144,2.5559027194976807,-0.3991039991378784,-0.041291579604148865,0.06318222731351852,0.027771376073360443,1.01582932472229,,,
,,,,,,,48000.0,54000.0,90.0
249.154,1.0322095155715942,-0.3813169002532959,-0.05789001286029816,0.06339386850595474,0.033122915774583817,1.0035053491592407,,,
,,,,,,,48000.0,55000.0,90.0
249.164,-2.513709545135498,0.15086629986763,-0.08511276543140411,0.06519271433353424,0.0428057536482811,0.9920003414154053,,,
,,,,,,,48000.0,55000.0,90.0
249.174,-2.425509452819824,0.9263912439346313,0.09921453893184662,0.06617742776870728,0.03820488601922989,0.9953741431236267,,,
,,,,,,,48000.0,55000.0,90.0
249.184,-3.8711090087890625,0.4141441881656647,0.376260906457901,0.06157437339425087,0.029605640098452568,1.0055164098739624,,,
,,,,,,,48000.0,55000.0,90.0
249.194,-0.3033178150653839,-0.6222479939460754,0.1793065369129181,0.06156744062900543,0.029484683647751808,1.0173999071121216,,,
,,,,,,,48000.0,55000.0,90.0
249.204,1.3073428869247437,-0.04188242182135582,-0.045786771923303604,0.06403004378080368,0.02820211835205555,1.0068434476852417,,,
,,,,,,,48000.0,55000.0,90.0
249.214,3.0490353107452393,-0.5646575093269348,-0.6058834791183472,0.06351248174905777,0.03669608384370804,0.9953424334526062,,,
,,,,,,,48000.0,55000.0,90.0
249.224,2.1600024700164795,-0.4046590030193329,0.11121419072151184,0.061693042516708374,0.038306280970573425,0.9964510202407837,,,
,,,,,,,48000.0,55000.0,90.0
249.234,-0.6518491506576538,0.17192448675632477,-0.12798449397087097,0.06612300872802734,0.03261279687285423,1.0021638870239258,,,
,,,,,,,48000.0,56000.0,90.0
249.244,-0.23996958136558533,0.10739636421203613,0.17110347747802734,0.06340786069631577,0.026446528732776642,1.0123430490493774,,,
,,,,,,,48000.0,56000.0,90.0
249.254,-1.267503023147583,-0.382572203874588,-0.19669364392757416,0.06637415289878845,0.032311394810676575,1.0059260129928589,,,
,,,,,,,48000.0,56000.0,90.0
249.264,-1.7051305770874023,0.8837668299674988,0.1443808376789093,0.06762577593326569,0.03872282803058624,0.9950662851333618,,,
,,,,,,,48000.0,56000.0,90.0
249.274,-2.088296413421631,0.45609912276268005,0.027163950726389885,0.0634087398648262,0.03603058680891991,1.0009095668792725,,,
,,,,,,,48000.0,56000.0,90.0
249.284,-0.40135204792022705,-0.07629090547561646,-0.04771986976265907,0.06435219943523407,0.027513554319739342,1.0128802061080933,,,
,,,,,,,48000.0,56000.0,90.0
249.294,2.6869277954101562,-0.5690975785255432,-0.04894493892788887,0.06629497557878494,0.02380591630935669,1.0088478326797485,,,
,,,,,,,48000.0,56000.0,90.0
249.304,1.5774177312850952,-0.36511626839637756,-0.016937335953116417,0.06545430421829224,0.038038868457078934,1.000125765800476,,,
,,,,,,,48000.0,56000.0,90.0
249.314,0.4854111671447754,-0.15134070813655853,-0.06255116313695908,0.06702612340450287,0.03885548561811447,0.9952325224876404,,,
,,,,,,,48000.0,56000.0,90.0
249.324,-0.5903520584106445,0.15271343290805817,-0.10953319072723389,0.06621052324771881,0.031134488061070442,1.0005812644958496,,,
,,,,,,,48000.0,57000.0,90.0
249.334,-0.4843128025531769,-0.11372163891792297,-0.2114887833595276,0.06740350276231766,0.032295163720846176,1.0088392496109009,,,
,,,,,,,48000.0,57000.0,90.0
249.344,-0.6607365608215332,0.038250233978033066,-0.20376871526241302,0.06581351161003113,0.030198751017451286,1.0042670965194702,,,
,,,,,,,48000.0,57000.0,90.0
249.354,-0.6289064884185791,0.07904462516307831,-0.09332191199064255,0.06497512012720108,0.03206828236579895,0.9990501999855042,,,
,,,,,,,48000.0,57000.0,90.0
249.364,-0.3953005075454712,0.6598266363143921,0.06997610628604889,0.06660018861293793,0.03651447594165802,1.0017035007476807,,,
,,,,,,,48000.0,57000.0,90.0
249.374,-0.9701788425445557,0.23077337443828583,-0.027924440801143646,0.06433609873056412,0.03392966836690903,1.0059173107147217,,,
,,,,,,,48000.0,57000.0,90.0
249.384,1.1360838413238525,-0.49407652020454407,0.11887289583683014,0.0633937418460846,0.0291490126401186,1.0072916746139526,,,
,,,,,,,48000.0,57000.0,90.0
249.394,1.4756860733032227,-0.40020301938056946,-0.017922502011060715,0.06467745453119278,0.029843591153621674,1.0057592391967773,,,
,,,,,,,48000.0,57000.0,90.0
249.404,1.188072681427002,-0.057140741497278214,-0.13429610431194305,0.06367214769124985,0.03401606157422066,0.9994447231292725,,,
,,,,,,,48000.0,59000.0,90.0
249.414,0.09277026355266571,-0.22944863140583038,-0.08066936582326889,0.062711700797081,0.035326115787029266,0.9973728656768799,,,
,,,,,,,48000.0,59000.0,90.0
249.424,-1.1965452432632446,0.19007040560245514,0.028194844722747803,0.06445116549730301,0.031834058463573456,1.0024759769439697,,,
,,,,,,,48000.0,59000.0,90.0
249.434,-0.6832379698753357,0.01627218909561634,-0.09777729213237762,0.0638514906167984,0.029682740569114685,1.0056681632995605,,,
,,,,,,,48000.0,59000.0,90.0
249.444,-1.4237834215164185,0.6134651303291321,-0.3486503064632416,0.06668003648519516,0.03491973876953125,1.0020627975463867,,,
,,,,,,,48000.0,59000.0,90.0
249.454,-0.46762728691101074,-0.06272749602794647,-0.12564659118652344,0.06645096838474274,0.033728521317243576,1.0043694972991943,,,
,,,,,,,48000.0,59000.0,90.0
249.464,0.6767926216125488,0.07074980437755585,0.08247207850217819,0.0636306181550026,0.027432220056653023,1.0040637254714966,,,
,,,,,,,48000.0,59000.0,90.0
249.474,1.746770977973938,-0.13095363974571228,-0.26504194736480713,0.06514568626880646,0.03125368803739548,1.0035102367401123,,,
,,,,,,,48000.0,59000.0,90.0
249.484,0.42640581727027893,-0.40497955679893494,-0.04238418862223625,0.06527676433324814,0.03496026620268822,1.002639889717102,,,
,,,,,,,48000.0,59000.0,90.0
249.494,-0.556162416934967,-0.10935989767313004,0.18671201169490814,0.06485937535762787,0.033131957054138184,0.9999071359634399,,,
,,,,,,,48000.0,62000.0,90.0
249.504,-0.06069782376289368,0.0714171752333641,-0.004502543248236179,0.06698053330183029,0.03229658305644989,1.0010854005813599,,,
,,,,,,,48000.0,62000.0,90.0
249.514,-0.6599116921424866,-0.3231717646121979,-0.42524752020835876,0.06453238427639008,0.031367138028144836,1.0032066106796265,,,
,,,,,,,48000.0,62000.0,90.0
249.524,-0.9337266683578491,0.18497654795646667,-0.024824080988764763,0.06785044074058533,0.032091591507196426,0.9983998537063599,,,
,,,,,,,48000.0,62000.0,90.0
249.534,-1.1469061374664307,0.2926180362701416,-0.15402135252952576,0.06749510020017624,0.0375332348048687,1.002471923828125,,,
,,,,,,,48000.0,62000.0,90.0
249.544,0.056403860449790955,-0.41319113969802856,-0.11590166389942169,0.06361112743616104,0.03261127322912216,1.0081920623779297,,,
,,,,,,,48000.0,62000.0,90.0
249.554,0.7879613041877747,-0.28203997015953064,-0.1428663432598114,0.0668560191988945,0.02613956481218338,1.0038272142410278,,,
,,,,,,,48000.0,62000.0,90.0
249.564,0.607217013835907,-0.019775500521063805,0.19262942671775818,0.0655515119433403,0.034155841916799545,1.0016435384750366,,,
,,,,,,,48000.0,62000.0,90.0
249.574,-0.5442466735839844,0.34695932269096375,0.09197098016738892,0.06494589895009995,0.03521163389086723,1.0016893148422241,,,
,,,,,,,48000.0,62000.0,90.0
249.584,-0.029420889914035797,-0.3261331617832184,0.12046012282371521,0.06279993057250977,0.028425512835383415,1.0034598112106323,,,
,,,,,,,48000.0,63000.0,90.0
249.594,-0.003916442394256592,0.009270497597754002,-0.15882989764213562,0.0633414089679718,0.03318559378385544,1.0048247575759888,,,
,,,,,,,48000.0,63000.0,90.0
249.604,-0.5994457602500916,-0.05709339305758476,0.08733008801937103,0.0648229792714119,0.032286230474710464,1.0018311738967896,,,
,,,,,,,48000.0,63000.0,90.0
249.614,0.4167763292789459,-0.40392541885375977,0.11022074520587921,0.0645732656121254,0.030346611514687538,0.9987768530845642,,,
,,,,,,,48000.0,63000.0,90.0
249.624,-0.199590802192688,-0.5233154892921448,0.14585991203784943,0.06443776935338974,0.033850546926259995,1.0030843019485474,,,
,,,,,,,48000.0,63000.0,90.0
249.634,0.07521474361419678,-0.09737129509449005,0.001359243644401431,0.06341905891895294,0.031631454825401306,1.0015994310379028,,,
,,,,,,,48000.0,63000.0,90.0
249.644,-0.6438034772872925,0.3307238817214966,-0.19368542730808258,0.063919298350811,0.03305767476558685,1.0000264644622803,,,
,,,,,,,48000.0,63000.0,90.0
249.654,-0.00441554794088006,-0.29292720556259155,0.12943479418754578,0.06501268595457077,0.03688548877835274,1.0042434930801392,,,
,,,,,,,48000.0,63000.0,90.0
249.664,0.3809378743171692,-0.2297346293926239,-0.13450519740581512,0.06410133093595505,0.03248579800128937,1.0029776096343994,,,
,,,,,,,48000.0,65000.0,90.0
249.674,0.44236475229263306,0.1419714242219925,0.13078369200229645,0.0650116354227066,0.03165386989712715,1.003623127937317,,,
,,,,,,,48000.0,65000.0,90.0
249.684,-0.195200115442276,0.05978238210082054,-0.07731891423463821,0.06321271508932114,0.035015493631362915,1.002562403678894,,,
,,,,,,,48000.0,65000.0,90.0
249.694,-0.2226208746433258,0.006522295065224171,0.059107452630996704,0.06333524733781815,0.03231075033545494,1.0034724473953247,,,
,,,,,,,48000.0,65000.0,90.0
249.704,-0.39216163754463196,-0.01389754842966795,-0.11510877311229706,0.066556915640831,0.03198663517832756,0.9984170794487,,,
,,,,,,,48000.0,65000.0,90.0
249.714,0.1969410926103592,0.19045911729335785,0.048069603741168976,0.0643782764673233,0.03320974484086037,1.0050437450408936,,,
,,,,,,,48000.0,65000.0,90.0
249.724,-0.0704130008816719,-0.12306511402130127,0.11531281471252441,0.0625140592455864,0.032821156084537506,1.0037403106689453,,,
,,,,,,,48000.0,65000.0,90.0
249.734,0.6937294602394104,-0.3723486065864563,-0.2581496834754944,0.06581870466470718,0.031953152269124985,1.004568099975586,,,
,,,,,,,48000.0,65000.0,90.0
249.744,0.08921120315790176,0.024438010528683662,0.010076664388179779,0.06616763770580292,0.03749128058552742,1.0013808012008667,,,
,,,,,,,48000.0,65535.0,90.0
249.754,-0.41228076815605164,0.1264825016260147,0.0068124630488455296,0.0652170404791832,0.03522089496254921,0.9993299841880798,,,
,,,,,,,48000.0,65535.0,90.0
249.764,-0.10336411744356155,-0.07186801731586456,0.05666988715529442,0.06390587985515594,0.03006342612206936,1.0061376094818115,,,
,,,,,,,48000.0,65535.0,90.0
249.774,-0.538314163684845,-0.3045957684516907,0.1359180510044098,0.06447115540504456,0.032398875802755356,1.0055686235427856,,,
,,,,,,,48000.0,65535.0,90.0
249.784,0.44275540113449097,-0.3329819142818451,-0.10108420252799988,0.06525930017232895,0.033264730125665665,1.0034600496292114,,,
,,,,,,,48000.0,65535.0,90.0
249.794,0.22624650597572327,0.0184976477175951,-0.048558756709098816,0.06644600629806519,0.034238070249557495,1.0018960237503052,,,
,,,,,,,48000.0,65535.0,90.0
249.804,-0.45177268981933594,-0.23889325559139252,0.13270676136016846,0.06565830111503601,0.03481343388557434,1.000581979751587,,,
,,,,,,,48000.0,65535.0,90.0
249.814,-0.021462472155690193,-0.17300215363502502,-0.19333983957767487,0.06519880145788193,0.02942003309726715,0.9987248182296753,,,
,,,,,,,48000.0,65535.0,90.0
249.824,-0.09642443060874939,0.10145239531993866,-0.040007587522268295,0.06420508027076721,0.03191646561026573,1.002318263053894,,,
,,,,,,,48000.0,65535.0,90.0
249.834,0.037752531468868256,0.0015937855932861567,0.07704407721757889,0.06553314626216888,0.03122996911406517,1.0036976337432861,,,
,,,,,,,48000.0,65535.0,90.0
249.844,0.011439654976129532,0.11382926255464554,-0.31652310490608215,0.06502053141593933,0.028647534549236298,1.0022141933441162,,,
,,,,,,,48000.0,65535.0,90.0
249.854,-0.024444585666060448,0.2514077126979828,0.16337831318378448,0.0641893669962883,0.03570081293582916,1.002419352531433,,,
,,,,,,,48000.0,65535.0,90.0
249.864,-0.2462913990020752,-0.04873433709144592,0.31479379534721375,0.06419529020786285,0.03681672364473343,1.006139874458313,,,
,,,,,,,48000.0,65535.0,90.0
249.874,-0.18397079408168793,0.032082173973321915,-0.10731106996536255,0.06604795157909393,0.030948424711823463,1.0018796920776367,,,
,,,,,,,48000.0,65535.0,90.0
249.884,0.3442332446575165,0.011845523491501808,-0.09334388375282288,0.06557933241128922,0.03364323452115059,1.0034260749816895,,,
,,,,,,,48000.0,65535.0,90.0
249.894,-0.0866081491112709,-0.13419999182224274,0.13929085433483124,0.06365722417831421,0.03579513728618622,1.0000497102737427,,,
,,,,,,,48000.0,65535.0,90.0
249.904,-0.014391494914889336,0.2089998424053192,-0.1666312962770462,0.06435514986515045,0.030499925836920738,1.0005159378051758,,,
,,,,,,,48000.0,65535.0,90.0
249.914,-0.05665403977036476,-0.20719073712825775,0.00947419460862875,0.06351583451032639,0.03314725682139397,1.0030666589736938,,,
,,,,,,,48000.0,65535.0,90.0
249.924,-0.20583000779151917,-0.05959496647119522,-0.10798469930887222,0.0638447105884552,0.03680303692817688,1.0048108100891113,,,
,,,,,,,48000.0,65535.0,90.0
249.934,-0.03440168872475624,-0.08894917368888855,0.050750236958265305,0.06412521749734879,0.03241865709424019,1.0033645629882812,,,
,,,,,,,48000.0,65535.0,90.0
249.944,0.20984676480293274,-0.01767699606716633,-0.10841669887304306,0.06527493894100189,0.02876932919025421,1.001965880393982,,,
,,,,,,,48000.0,65535.0,90.0
249.954,0.0785023421049118,-0.06486129015684128,0.08839324116706848,0.06460946798324585,0.0319850854575634,1.0016175508499146,,,
,,,,,,,48000.0,65535.0,90.0
249.964,-0.23234286904335022,-0.06213373318314552,-0.16848953068256378,0.06504037231206894,0.02894577756524086,1.0044445991516113,,,
,,,,,,,48000.0,65535.0,90.0
249.974,-0.12868215143680573,-0.12920747697353363,0.02549673616886139,0.06570121645927429,0.031063394621014595,1.0021048784255981,,,
,,,,,,,48000.0,65535.0,90.0
249.984,-0.280737042427063,0.015385213308036327,-0.14704327285289764,0.06532087177038193,0.03433821350336075,1.003311276435852,,,
,,,,,,,48000.0,65535.0,90.0
249.994,-0.012016842141747475,-0.48127326369285583,-0.22753289341926575,0.0640118345618248,0.033895380795001984,1.0027086734771729,,,
,,,,,,,48000.0,65535.0,90.0
250.004,0.2903863787651062,0.10379242151975632,-0.05244623124599457,0.06474196165800095,0.033401891589164734,1.0046002864837646,,,
,,,,,,,48000.0,65535.0,90.0
250.014,-0.13251836597919464,-0.33551105856895447,-0.06362251937389374,0.06488451361656189,0.03253781795501709,1.0045719146728516,,,
,,,,,,,48000.0,65535.0,90.0
250.024,-0.10479116439819336,-0.16115732491016388,-0.05694793537259102,0.06793807446956635,0.031416572630405426,1.0013861656188965,,,
,,,,,,,48000.0,65535.0,90.0
250.034,-0.1227032020688057,0.0589742511510849,-0.08946701884269714,0.06792327016592026,0.031094171106815338,1.0028190612792969,,,
,,,,,,,48000.0,65535.0,90.0
250.044,0.0154617540538311,-0.10789895802736282,-0.09878437221050262,0.06467097997665405,0.033711984753608704,1.0038173198699951,,,
,,,,,,,48000.0,65535.0,90.0
250.054,-0.030803408473730087,-0.44561126828193665,0.021212847903370857,0.06533828377723694,0.03529313951730728,1.0038938522338867,,,
,,,,,,,48000.0,65535.0,90.0
250.064,0.023537851870059967,0.05266887694597244,-0.2644912898540497,0.06464957445859909,0.03255346789956093,1.0016840696334839,,,
,,,,,,,48000.0,65535.0,90.0
250.074,-0.20881366729736328,-0.1592567414045334,-0.149775892496109,0.0670575499534607,0.03316812217235565,1.0008399486541748,,,
,,,,,,,48000.0,65535.0,90.0
250.084,-0.18559391796588898,-0.008554985746741295,0.028728382661938667,0.06641746312379837,0.03347095847129822,1.003557801246643,,,
,,,,,,,48000.0,65535.0,90.0
250.094,0.25043007731437683,0.34903770685195923,0.26377326250076294,0.06445062160491943,0.03102334588766098,1.0016169548034668,,,
,,,,,,,48000.0,65535.0,90.0
250.104,0.029471807181835175,-0.26660558581352234,-0.21072007715702057,0.063968226313591,0.03228389844298363,1.0044329166412354,,,
,,,,,,,48000.0,65535.0,90.0
250.114,-0.09419438242912292,-0.048142723739147186,-0.23959630727767944,0.06424807757139206,0.0354841873049736,1.0026155710220337,,,
,,,,,,,48000.0,65535.0,90.0
250.124,0.11940067261457443,-0.2515878975391388,-0.012464890256524086,0.06463579833507538,0.03301141783595085,0.9997305274009705,,,
,,,,,,,48000.0,65535.0,90.0
250.134,0.028872735798358917,-0.17657892405986786,-0.13632239401340485,0.06300634890794754,0.033532172441482544,1.0019084215164185,,,
,,,,,,,48000.0,65535.0,90.0
250.144,-0.27049553394317627,-0.2346562147140503,0.08700236678123474,0.06378047913312912,0.03490427881479263,1.0033061504364014,,,
,,,,,,,48000.0,65535.0,90.0
250.154,0.13714280724525452,-0.45492929220199585,0.0757015272974968,0.06598498672246933,0.03211098164319992,1.0034536123275757,,,
,,,,,,,48000.0,65535.0,90.0
250.164,0.15283672511577606,0.08534400910139084,-0.11871598660945892,0.06813667714595795,0.034786734730005264,1.0019433498382568,,,
,,,,,,,48000.0,65535.0,90.0
250.174,-0.2488662600517273,-0.16368146240711212,0.021503327414393425,0.0659182071685791,0.03643364831805229,1.0023101568222046,,,
,,,,,,,48000.0,65535.0,90.0
250.184,-0.2040298581123352,-0.35465702414512634,-0.21890252828598022,0.06291184574365616,0.03258511796593666,1.0023640394210815,,,
,,,,,,,48000.0,65535.0,90.0
250.194,0.07771946489810944,0.05884615704417229,-0.17642691731452942,0.06242842599749565,0.03250742703676224,1.0027928352355957,,,
,,,,,,,48000.0,65535.0,90.0
250.204,-0.25538182258605957,-0.17116527259349823,-0.12781043350696564,0.06509558111429214,0.03358858451247215,1.002941608428955,,,
,,,,,,,48000.0,65535.0,90.0
250.214,0.011746495962142944,0.052195630967617035,0.04408116266131401,0.06684573739767075,0.033553969115018845,1.0015487670898438,,,
,,,,,,,48000.0,65535.0,90.0
250.224,-0.0357561856508255,-0.09620533138513565,0.06477802246809006,0.0661814957857132,0.034094177186489105,1.0001583099365234,,,
,,,,,,,48000.0,65535.0,90.0
250.234,-0.1756361573934555,-0.07791813462972641,0.10903017967939377,0.06529528647661209,0.032603658735752106,1.0021858215332031,,,
,,,,,,,48000.0,65535.0,90.0
250.244,-0.07538767158985138,-0.2275732159614563,-0.15288271009922028,0.06500863283872604,0.030958566814661026,1.0017284154891968,,,
,,,,,,,48000.0,65535.0,90.0
250.254,0.19195158779621124,-0.09602804481983185,-0.103766068816185,0.06528744846582413,0.03499830514192581,1.003440499305725,,,
,,,,,,,48000.0,65535.0,90.0
250.264,0.011360527947545052,-0.3845415711402893,-0.044356077909469604,0.06512103974819183,0.033685777336359024,1.004071593284607,,,
,,,,,,,48000.0,65535.0,90.0
250.274,-0.0322306789457798,-0.22305752336978912,-0.049389611929655075,0.06556858867406845,0.029707811772823334,1.0022450685501099,,,
,,,,,,,48000.0,65535.0,90.0
250.284,0.09228403866291046,0.00719583872705698,-0.18753734230995178,0.06541456282138824,0.03152745962142944,1.0035816431045532,,,
,,,,,,,48000.0,65535.0,90.0
250.294,-0.10229392349720001,-0.1871868222951889,-0.2935373783111572,0.06571903079748154,0.03196212649345398,1.0051345825195312,,,
,,,,,,,48000.0,65535.0,90.0
250.304,-0.10512734949588776,-0.10185764729976654,-0.07438862323760986,0.06559928506612778,0.02919423207640648,1.001678705215454,,,
,,,,,,,48000.0,65535.0,90.0
250.314,0.210001602768898,-0.24411709606647491,-0.3446190357208252,0.06466396152973175,0.03143145889043808,1.0027976036071777,,,
,,,,,,,48000.0,65535.0,90.0
250.324,-0.08505693823099136,-0.3118860423564911,-0.16582989692687988,0.06496889144182205,0.03334168717265129,1.0025506019592285,,,
,,,,,,,48000.0,65535.0,90.0
250.334,0.0974053218960762,-0.20850920677185059,-0.02054264210164547,0.0637362077832222,0.03326428309082985,1.0030878782272339,,,
,,,,,,,48000.0,65535.0,90.0
250.344,-0.07058624178171158,0.10687889903783798,-0.35002410411834717,0.06329571455717087,0.035757482051849365,1.0011972188949585,,,
,,,,,,,48000.0,65535.0,90.0
250.354,-0.28880736231803894,-0.10973595827817917,-0.07240677624940872,0.06478221714496613,0.03639330342411995,1.0033396482467651,,,
,,,,,,,48000.0,65535.0,90.0
250.364,-0.017221467569470406,-0.22052235901355743,0.04618357494473457,0.06384579092264175,0.03239469602704048,1.0016283988952637,,,
,,,,,,,48000.0,65535.0,90.0
250.374,0.05997974053025246,0.09145447611808777,-0.016142496839165688,0.06704635173082352,0.034671153873205185,1.0033793449401855,,,
,,,,,,,48000.0,65535.0,90.0
250.384,-0.05639262869954109,-0.29480862617492676,0.33324727416038513,0.06574902683496475,0.03419575095176697,1.0021443367004395,,,
,,,,,,,48000.0,65535.0,90.0
250.394,0.13859471678733826,-0.33722659945487976,-0.040739867836236954,0.06421636790037155,0.028100386261940002,1.0013349056243896,,,
,,,,,,,48000.0,65535.0,90.0
250.404,0.13212110102176666,0.09482843428850174,0.09649411588907242,0.06425948441028595,0.03317451849579811,1.0052485466003418,,,
,,,,,,,48000.0,65535.0,90.0
250.414,-0.13200198113918304,-0.10049339383840561,0.026469256728887558,0.0631556510925293,0.033457834273576736,1.005746603012085,,,
,,,,,,,48000.0,65535.0,90.0
250.424,0.2003033608198166,0.03784099221229553,0.12237713485956192,0.06496614962816238,0.028140414506196976,1.0033397674560547,,,
,,,,,,,48000.0,65535.0,90.0
250.434,-0.0320977047085762,0.06689086556434631,-0.03464478999376297,0.06713596731424332,0.03127427399158478,1.0031017065048218,,,
,,,,,,,48000.0,65535.0,90.0
250.444,-0.01137523539364338,0.11500877141952515,0.07676856964826584,0.06747522950172424,0.03588343411684036,1.0028420686721802,,,
,,,,,,,48000.0,65535.0,90.0
250.454,-0.02335226535797119,-0.314827561378479,0.09883110225200653,0.06528328359127045,0.03379696607589722,1.0023201704025269,,,
,,,,,,,48000.0,65535.0,90.0
250.464,-0.02999890223145485,0.04963637515902519,-0.13909848034381866,0.06470177322626114,0.03223297744989395,1.003427505493164,,,
,,,,,,,48000.0,65535.0,90.0
250.474,-0.1457040160894394,-0.036647260189056396,0.13810481131076813,0.0653020367026329,0.03336002305150032,1.0068800449371338,,,
,,,,,,,48000.0,65535.0,90.0
250.484,0.029727734625339508,0.1402917057275772,-0.10874924063682556,0.06500780582427979,0.03207700699567795,1.0010769367218018,,,
,,,,,,,48000.0,65535.0,90.0
250.494,-0.04330760985612869,-0.020034760236740112,0.106576107442379,0.06566349416971207,0.03286145254969597,1.0007071495056152,,,
,,,,,,,48000.0,65535.0,90.0
250.504,-0.0650031641125679,-0.07761779427528381,0.06311531364917755,0.06669054925441742,0.032286692410707474,1.0017913579940796,,,
,,,,,,,48000.0,65535.0,90.0
250.514,0.03554182127118111,-0.01953466795384884,0.10681506246328354,0.0630844309926033,0.03277986869215965,1.003404140472412,,,
,,,,,,,48000.0,65535.0,90.0
250.524,-0.04025762900710106,0.1468493491411209,0.011567379347980022,0.06294829398393631,0.032935403287410736,1.0048847198486328,,,
,,,,,,,48000.0,65535.0,90.0
250.534,-0.03095942549407482,0.15649674832820892,0.11760956794023514,0.062136370688676834,0.030296863988041878,1.0021592378616333,,,
,,,,,,,48000.0,65535.0,90.0
250.544,0.17963312566280365,-0.25627467036247253,-0.08760958909988403,0.0634002685546875,0.031547911465168,1.001797080039978,,,
,,,,,,,48000.0,65535.0,90.0
250.554,-0.19884033501148224,0.02661295048892498,-0.09530768543481827,0.06521669030189514,0.03579326346516609,1.0025054216384888,,,
,,,,,,,48000.0,65535.0,90.0
250.564,-0.15399374067783356,0.08257243037223816,0.037427496165037155,0.06482172757387161,0.03415936604142189,0.9995302557945251,,,
,,,,,,,48000.0,65535.0,90.0
250.574,0.11638001352548599,-0.03834635391831398,0.09589917957782745,0.06523819267749786,0.03525065630674362,1.0015124082565308,,,
,,,,,,,48000.0,65535.0,90.0
250.584,-0.1458851397037506,-0.13458503782749176,0.19906103610992432,0.06491786241531372,0.034446731209754944,1.003557562828064,,,
,,,,,,,48000.0,65535.0,90.0
250.594,0.032706499099731445,-0.15449361503124237,-0.2805696427822113,0.0702437311410904,0.027283061295747757,0.9981132745742798,,,
,,,,,,,48000.0,65535.0,90.0
250.604,0.2582812011241913,0.7082169651985168,-0.07630874961614609,0.06323594599962234,0.04036058858036995,1.009318470954895,,,
,,,,,,,48000.0,65535.0,90.0
250.614,-0.7983245849609375,-0.5801487565040588,0.014792651869356632,0.06011495739221573,0.030411839485168457,1.008518099784851,,,
,,,,,,,48000.0,65535.0,90.0
250.624,0.8698750734329224,0.3243100047111511,-0.28810036182403564,0.06303554028272629,0.021799707785248756,0.9962603449821472,,,
,,,,,,,48000.0,65535.0,90.0
250.634,-0.3539855480194092,-0.02478048764169216,0.12397970259189606,0.06308241188526154,0.04790845140814781,1.0043034553527832,,,
,,,,,,,48000.0,65535.0,90.0
250.644,-0.8724738955497742,-0.06325551867485046,0.15640121698379517,0.066347636282444,0.03747161105275154,1.0035851001739502,,,
,,,,,,,48000.0,65535.0,90.0
250.654,1.0132743120193481,0.026570040732622147,-0.33867788314819336,0.06617014110088348,0.02187577821314335,0.997706413269043,,,
,,,,,,,48000.0,65535.0,90.0
250.664,-0.14728175103664398,-0.09234701097011566,-0.04500078409910202,0.061770908534526825,0.044458623975515366,1.0084682703018188,,,
,,,,,,,48000.0,65535.0,90.0
250.674,-0.9309855103492737,-0.5470166802406311,0.10418149828910828,0.06447041779756546,0.03709255903959274,1.0049837827682495,,,
,,,,,,,49000.0,65535.0,90.0
250.684,0.7019148468971252,0.303669273853302,-0.3198283910751343,0.06666266918182373,0.02269013226032257,0.9959134459495544,,,
,,,,,,,49000.0,65535.0,90.0
250.694,-0.009887471795082092,-0.24118997156620026,0.01900634728372097,0.0662584975361824,0.03847477212548256,1.0059114694595337,,,
,,,,,,,49000.0,65535.0,90.0
250.704,-0.9786965847015381,-0.35123488306999207,0.32589074969291687,0.06513618677854538,0.030586587265133858,1.007418155670166,,,
,,,,,,,49000.0,65535.0,90.0
250.714,0.9360484480857849,-0.5680662989616394,-0.2844628095626831,0.0635109469294548,0.0197139885276556,1.0003451108932495,,,
,,,,,,,49000.0,65535.0,90.0
250.724,-0.13058435916900635,0.25237563252449036,0.01658611372113228,0.06447465717792511,0.04059894010424614,1.0016825199127197,,,
,,,,,,,49000.0,65535.0,90.0
250.734,-0.5684967041015625,-0.2618284523487091,0.22583627700805664,0.06511659920215607,0.03864181041717529,1.0026613473892212,,,
,,,,,,,49000.0,65535.0,90.0
250.744,0.48043206334114075,-0.02077951468527317,-0.25524914264678955,0.06316886842250824,0.026149848476052284,1.0001784563064575,,,
,,,,,,,49000.0,65535.0,90.0
250.754,0.20243671536445618,-0.021842362359166145,-0.26131609082221985,0.06452671438455582,0.038413528352975845,1.0045101642608643,,,
,,,,,,,49000.0,65535.0,90.0
250.764,-0.33369460701942444,-0.324154794216156,0.01804676651954651,0.06378216296434402,0.03509727120399475,1.0025666952133179,,,
,,,,,,,49000.0,65535.0,90.0
250.774,-0.2429676651954651,0.21291488409042358,-0.1274799257516861,0.06554518640041351,0.026493890210986137,0.998312771320343,,,
,,,,,,,49000.0,65535.0,90.0
250.784,0.12943823635578156,0.1911773830652237,-0.21117238700389862,0.06467024236917496,0.037074968218803406,1.0049195289611816,,,
,,,,,,,49000.0,65535.0,90.0
250.794,-0.23563051223754883,-0.2635151743888855,0.07737962156534195,0.06518209725618362,0.03236010670661926,1.0048573017120361,,,
,,,,,,,49000.0,65535.0,90.0
250.804,0.34432777762413025,-0.15176509320735931,-0.1723489761352539,0.06613665819168091,0.024663299322128296,1.0010240077972412,,,
,,,,,,,49000.0,65535.0,90.0
250.814,-0.26745834946632385,-0.08583319187164307,-0.10384668409824371,0.06605897098779678,0.03147771582007408,1.004714012145996,,,
,,,,,,,49000.0,65535.0,90.0
250.824,-0.40912771224975586,0.15808627009391785,-0.11112785339355469,0.063454270362854,0.033470991998910904,1.0021287202835083,,,
,,,,,,,49000.0,65535.0,90.0
250.834,0.33038827776908875,-0.7913222312927246,0.11587752401828766,0.0634722039103508,0.02835642173886299,1.0020570755004883,,,
,,,,,,,49000.0,65535.0,90.0
250.844,-0.036992669105529785,-0.18480543792247772,-0.22893981635570526,0.06730468571186066,0.035803839564323425,1.0035775899887085,,,
,,,,,,,49000.0,65535.0,90.0
250.854,-0.32252824306488037,-0.15742576122283936,0.06194397807121277,0.06757554411888123,0.0365019291639328,1.0042043924331665,,,
,,,,,,,49000.0,65535.0,90.0
250.864,0.4185595214366913,-0.044233288615942,0.004384349100291729,0.06643374264240265,0.030452072620391846,0.9970704317092896,,,
,,,,,,,49000.0,65535.0,90.0
250.874,0.08103469014167786,-0.1043851226568222,-0.21511834859848022,0.06463740766048431,0.03909336030483246,1.0027656555175781,,,
,,,,,,,49000.0,65535.0,90.0
250.884,-0.2886281907558441,-0.08023104816675186,-0.013888165354728699,0.0630999282002449,0.034384533762931824,1.0008612871170044,,,
,,,,,,,49000.0,65535.0,90.0
250.894,0.014665772207081318,-0.0817122608423233,0.3004196882247925,0.06435547769069672,0.0294074397534132,1.0023514032363892,,,
,,,,,,,49000.0,65535.0,90.0
250.904,0.05520878732204437,0.013200840912759304,-0.30676305294036865,0.06378784775733948,0.03355465084314346,1.0048820972442627,,,
,,,,,,,49000.0,65535.0,90.0
250.914,-0.2467171996831894,-0.06750522553920746,0.11191625893115997,0.06434541940689087,0.03394543379545212,1.0032793283462524,,,
,,,,,,,49000.0,65535.0,90.0
250.924,-0.2012188881635666,-0.15937282145023346,-0.15810321271419525,0.06713409721851349,0.032021310180425644,1.000985860824585,,,
,,,,,,,49000.0,65535.0,90.0
250.934,-0.21468804776668549,-0.013343202881515026,0.11001724749803543,0.06607016921043396,0.034835949540138245,1.002478837966919,,,
,,,,,,,49000.0,65535.0,90.0
250.944,-0.0455254428088665,0.01605813018977642,0.107178695499897,0.062327951192855835,0.03377601504325867,1.003072738647461,,,
,,,,,,,49000.0,65535.0,90.0
250.954,-0.02639433555305004,-0.0913282036781311,-0.09368326514959335,0.06353317946195602,0.03322646766901016,1.0020281076431274,,,
,,,,,,,49000.0,65535.0,90.0
250.964,-0.07245242595672607,0.1594989001750946,0.07307182997465134,0.06596966832876205,0.03390887752175331,1.0032883882522583,,,
,,,,,,,49000.0,65535.0,90.0
250.974,-0.09868617355823517,0.2552856206893921,-0.1961103081703186,0.06555398553609848,0.03203877806663513,1.0034652948379517,,,
,,,,,,,49000.0,65535.0,90.0
250.984,0.12115438282489777,0.2601264715194702,-0.12474636733531952,0.06551933288574219,0.030195416882634163,1.0020058155059814,,,
,,,,,,,49000.0,65535.0,90.0
250.994,-0.09808243811130524,-0.11802434176206589,-0.07905766367912292,0.06587907671928406,0.03314659371972084,1.0024778842926025,,,
,,,,,,,49000.0,65535.0,90.0
251.004,0.18827025592327118,-0.14977401494979858,-0.1618349850177765,0.06618325412273407,0.031836118549108505,1.0031784772872925,,,
,,,,,,,49000.0,65535.0,90.0
251.014,0.1268620640039444,0.10514839738607407,0.17664940655231476,0.06337515264749527,0.03332628309726715,1.0008741617202759,,,
,,,,,,,49000.0,65535.0,90.0
251.024,0.03147438168525696,-0.24845227599143982,-0.08398706465959549,0.06354658305644989,0.03411458060145378,1.0051140785217285,,,
,,,,,,,49000.0,65535.0,90.0
251.034,0.023243023082613945,-0.23689499497413635,-0.13781456649303436,0.06421805173158646,0.033086635172367096,1.0016753673553467,,,
,,,,,,,49000.0,65535.0,90.0
251.044,-0.06979422271251678,-0.11439359933137894,0.20859180390834808,0.06544949114322662,0.03316519781947136,1.001118779182434,,,
,,,,,,,49000.0,65535.0,90.0
251.054,-0.18497292697429657,0.05147656053304672,0.12832574546337128,0.06364931911230087,0.034660033881664276,1.0022703409194946,,,
,,,,,,,49000.0,65535.0,90.0
251.064,0.03737720474600792,-0.13942483067512512,-0.08184553682804108,0.06329517811536789,0.03163861855864525,1.004132628440857,,,
,,,,,,,49000.0,65535.0,90.0
251.074,0.13296912610530853,0.14382070302963257,-0.20146703720092773,0.06536534428596497,0.033988311886787415,1.0046570301055908,,,
,,,,,,,49000.0,65535.0,90.0
251.084,-0.17140823602676392,0.053946200758218765,0.009853480383753777,0.06573844701051712,0.03414558991789818,1.0041561126708984,,,
,,,,,,,49000.0,65535.0,90.0
251.094,-0.10673671215772629,-0.1363695114850998,-0.21463824808597565,0.06361842155456543,0.03130229935050011,1.0026824474334717,,,
,,,,,,,49000.0,65535.0,90.0
251.104,0.030900420621037483,-0.1433066427707672,-0.19775354862213135,0.06572850793600082,0.03254970535635948,1.004787564277649,,,
,,,,,,,49000.0,65535.0,90.0
251.114,-0.34123724699020386,-0.3493568003177643,-0.04431402310729027,0.06523853540420532,0.03269919380545616,1.00392746925354,,,
,,,,,,,49000.0,65535.0,90.0
251.124,-0.16314709186553955,0.30541589856147766,-0.06690222024917603,0.06538920849561691,0.031117068603634834,0.9997395873069763,,,
,,,,,,,49000.0,65535.0,90.0
251.134,0.035766053944826126,-0.021825546398758888,-0.08485213667154312,0.0653223916888237,0.030782748013734818,1.0011956691741943,,,
,,,,,,,49000.0,65535.0,90.0
251.144,-0.08906268328428268,-0.22494979202747345,0.01835385151207447,0.06503178924322128,0.03234725818037987,1.0006916522979736,,,
,,,,,,,49000.0,65535.0,90.0
251.154,0.0820017009973526,-0.270219624042511,0.0010689967311918736,0.06443919986486435,0.03319506347179413,1.002259612083435,,,
,,,,,,,49000.0,65535.0,90.0
251.164,-0.15118509531021118,-0.1402134746313095,-0.005898157134652138,0.06634521484375,0.03363429009914398,1.0035436153411865,,,
,,,,,,,49000.0,65535.0,90.0
251.174,-0.0005231110262684524,-0.14961513876914978,-0.0462089478969574,0.06506884098052979,0.03234903886914253,1.0023748874664307,,,
,,,,,,,49000.0,65535.0,90.0
251.184,-0.05201341584324837,-0.03797994926571846,-0.20876985788345337,0.06235375255346298,0.031805768609046936,1.0026929378509521,,,
,,,,,,,49000.0,65535.0,90.0
251.194,0.039388641715049744,-0.18579426407814026,0.08356326818466187,0.06261446326971054,0.03500920161604881,1.0024093389511108,,,
,,,,,,,49000.0,65535.0,90.0
251.204,-0.11332214623689651,0.047578565776348114,0.08394993841648102,0.06516453623771667,0.031599998474121094,1.005125880241394,,,
,,,,,,,49000.0,65535.0,90.0
251.214,-0.18074461817741394,0.08156145364046097,0.1479349285364151,0.06406830996274948,0.03223232179880142,1.00442636013031,,,
,,,,,,,49000.0,65535.0,90.0
251.224,0.05453179031610489,-0.37283968925476074,0.11174959689378738,0.06480368971824646,0.030436383560299873,1.0043302774429321,,,
,,,,,,,49000.0,65535.0,90.0
251.234,0.19806933403015137,-0.11979828029870987,0.20781898498535156,0.06402728706598282,0.03164534643292427,1.0023670196533203,,,
,,,,,,,49000.0,65535.0,90.0
251.244,-0.18248756229877472,-0.32330089807510376,-0.15826545655727386,0.06337399035692215,0.03589678183197975,1.0048919916152954,,,
,,,,,,,49000.0,65535.0,90.0
251.254,-0.19739748537540436,-0.3666858971118927,-0.14632056653499603,0.06155776232481003,0.03514854237437248,1.0038982629776,,,
,,,,,,,49000.0,65535.0,90.0
251.264,-0.017706284299492836,-0.31867271661758423,-0.027811070904135704,0.06449659168720245,0.03320099785923958,1.0035455226898193,,,
,,,,,,,49000.0,65535.0,90.0
251.274,-0.006098800804466009,-0.03485094755887985,-0.019378867000341415,0.06541255861520767,0.0343068428337574,1.0018932819366455,,,
,,,,,,,49000.0,65535.0,90.0
251.284,-0.2570481598377228,-0.45845019817352295,0.07571986317634583,0.06543458998203278,0.03403336927294731,1.001928687095642,,,
,,,,,,,49000.0,65535.0,90.0
251.294,-0.3197290003299713,-0.14316245913505554,-0.1536969393491745,0.06445258110761642,0.03319064900279045,1.0045664310455322,,,
,,,,,,,49000.0,65535.0,90.0
251.304,-0.13935598731040955,-0.144588440656662,-0.23562362790107727,0.06371203809976578,0.03290455788373947,1.0047410726547241,,,
,,,,,,,49000.0,65535.0,90.0
251.314,-0.04798077791929245,-0.2405375987291336,0.1867191344499588,0.0631416067481041,0.029903650283813477,1.0026168823242188,,,
,,,,,,,49000.0,65535.0,90.0
251.324,0.04691784083843231,-0.02232535555958748,0.011686346493661404,0.06559044122695923,0.03205590322613716,1.0010100603103638,,,
,,,,,,,49000.0,65535.0,90.0
251.334,-0.028724079951643944,-0.18041417002677917,-0.054229989647865295,0.06498769670724869,0.03356587886810303,1.002390742301941,,,
,,,,,,,49000.0,65535.0,90.0
251.344,0.0038129871245473623,-0.19943249225616455,-0.1370832324028015,0.06370379030704498,0.033290207386016846,1.0025691986083984,,,
,,,,,,,49000.0,65535.0,90.0
251.354,0.00024592739646323025,0.1255459487438202,-0.04486836865544319,0.06629256159067154,0.03497983515262604,1.0027128458023071,,,
,,,,,,,49000.0,65535.0,90.0
251.364,-0.08933475613594055,-0.16366693377494812,0.11487548053264618,0.06356887519359589,0.036024343222379684,1.003967046737671,,,
,,,,,,,49000.0,65535.0,90.0
251.374,-0.09159886837005615,-0.07120261341333389,-0.06450270861387253,0.06486375629901886,0.03236957639455795,1.0014662742614746,,,
,,,,,,,49000.0,65535.0,90.0
251.384,-0.09848834574222565,-0.13597717881202698,-0.1370842456817627,0.060958366841077805,0.03258688002824783,1.0047258138656616,,,
,,,,,,,49000.0,65535.0,90.0
251.394,-0.06006370484828949,-0.4065294563770294,0.11517694592475891,0.06390001624822617,0.032608408480882645,1.0051301717758179,,,
,,,,,,,49000.0,65535.0,90.0
251.404,0.14695608615875244,-0.299536794424057,-0.03249407187104225,0.06582473963499069,0.031448982656002045,1.0052298307418823,,,
,,,,,,,49000.0,65535.0,90.0
251.414,-0.03333589807152748,-0.024659518152475357,0.04220687970519066,0.06459032744169235,0.03341884911060333,1.005153775215149,,,
,,,,,,,49000.0,65535.0,90.0
251.424,0.0055418964475393295,-0.12214630097150803,0.043922871351242065,0.0640440285205841,0.035074859857559204,1.0029464960098267,,,
,,,,,,,48000.0,65535.0,90.0
251.434,-0.11578814685344696,0.3197091519832611,-0.02378360740840435,0.0631907656788826,0.033337321132421494,1.0016887187957764,,,
,,,,,,,48000.0,65535.0,90.0
251.444,0.0036133485846221447,-0.16621746122837067,-0.0026342920027673244,0.06361126154661179,0.03630547225475311,1.003232479095459,,,
,,,,,,,48000.0,65535.0,90.0
251.454,-0.17328107357025146,-0.1357298195362091,-0.08055391162633896,0.06354480236768723,0.033499713987112045,1.0018571615219116,,,
,,,,,,,48000.0,65535.0,90.0
251.464,0.03876170143485069,-0.23815187811851501,-0.1688358634710312,0.06541349738836288,0.028322366997599602,1.0046119689941406,,,
,,,,,,,48000.0,65535.0,90.0
251.474,0.002767648547887802,-0.3640485107898712,-0.15760506689548492,0.06377983838319778,0.03230120614171028,1.0055882930755615,,,
,,,,,,,48000.0,65535.0,90.0
251.484,-0.07647763937711716,-0.23410987854003906,0.030898164957761765,0.06460840255022049,0.034582991153001785,1.0068126916885376,,,
,,,,,,,48000.0,65535.0,90.0
251.494,-0.037863701581954956,-0.15179379284381866,-0.23359547555446625,0.064344622194767,0.03250904381275177,1.0041708946228027,,,
,,,,,,,48000.0,65535.0,90.0
251.504,-0.016536807641386986,-0.15066362917423248,0.15051957964897156,0.06451299786567688,0.032152459025382996,1.0039361715316772,,,
,,,,,,,48000.0,65535.0,90.0
251.514,-0.012402147054672241,-0.05551954358816147,-0.028286708518862724,0.06407231837511063,0.0310361310839653,1.0015946626663208,,,
,,,,,,,48000.0,65535.0,90.0
251.524,0.018898891285061836,-0.3122759759426117,0.0693323016166687,0.06578271090984344,0.031193215399980545,1.0000638961791992,,,
,,,,,,,48000.0,65535.0,90.0
251.534,-0.05730403959751129,-0.0580345056951046,-0.1629101186990738,0.06610194593667984,0.03514911234378815,1.0022844076156616,,,
,,,,,,,48000.0,65535.0,90.0
251.544,-0.1426297277212143,-0.04154546931385994,-0.023686183616518974,0.06275112181901932,0.03336567059159279,1.003333568572998,,,
,,,,,,,48000.0,65535.0,90.0
251.554,-0.0739927664399147,-0.25226885080337524,-0.048122379928827286,0.06212145462632179,0.031509120017290115,1.0020447969436646,,,
,,,,,,,48000.0,65535.0,90.0
251.564,-0.06369095295667648,-0.31374889612197876,-0.2359648197889328,0.06346481293439865,0.03248786926269531,1.0014572143554688,,,
,,,,,,,48000.0,65535.0,90.0
251.574,-0.05542737990617752,-0.18748407065868378,-0.21984700858592987,0.06577847898006439,0.03246884420514107,1.002060055732727,,,
,,,,,,,48000.0,65000.0,90.0
251.584,-0.11412852257490158,-0.109730564057827,-0.18410563468933105,0.06417781114578247,0.03224155306816101,1.0045130252838135,,,
,,,,,,,48000.0,65000.0,90.0
251.594,0.06643950194120407,-0.10447471588850021,0.009238100610673428,0.0640406385064125,0.03328566253185272,1.003511667251587,,,
,,,,,,,48000.0,65000.0,90.0
251.604,0.1291668713092804,0.18363326787948608,-0.009892521426081657,0.06544335186481476,0.03394398093223572,1.0025126934051514,,,
,,,,,,,48000.0,65000.0,90.0
251.614,-0.20924392342567444,-0.17066717147827148,-0.109296053647995,0.06543057411909103,0.0341404490172863,1.0017815828323364,,,
,,,,,,,48000.0,65000.0,90.0
251.624,-0.15363290905952454,0.12000041455030441,0.11765031516551971,0.06548035889863968,0.03137806057929993,1.0013667345046997,,,
,,,,,,,48000.0,65000.0,90.0
251.634,0.1080142930150032,-0.10042884945869446,-0.07011909037828445,0.06662903726100922,0.032638829201459885,1.003727912902832,,,
,,,,,,,48000.0,65000.0,90.0
251.644,-0.1530066281557083,0.055051226168870926,0.01565593108534813,0.06424758583307266,0.034826356917619705,1.0039323568344116,,,
,,,,,,,48000.0,65000.0,90.0
251.654,-0.08638425171375275,-0.13791407644748688,-0.23022454977035522,0.06272053718566895,0.03142358362674713,1.0045558214187622,,,
,,,,,,,48000.0,63000.0,90.0
251.664,-0.113083615899086,-0.15658652782440186,0.10218122601509094,0.06403106451034546,0.0320165678858757,1.0061894655227661,,,
,,,,,,,48000.0,63000.0,90.0
251.674,-0.037488676607608795,-0.1081143245100975,0.13298146426677704,0.06735296547412872,0.03467486426234245,1.0031168460845947,,,
,,,,,,,48000.0,63000.0,90.0
251.684,0.16829554736614227,0.05102445185184479,-0.25934669375419617,0.06762579083442688,0.032465629279613495,1.005286455154419,,,
,,,,,,,48000.0,63000.0,90.0
251.694,0.18884846568107605,-0.04176431521773338,-0.18412645161151886,0.06615592539310455,0.03286008909344673,1.003692626953125,,,
,,,,,,,48000.0,63000.0,90.0
251.704,0.29879337549209595,-0.23702272772789001,-0.2776696979999542,0.0662931501865387,0.035897012799978256,1.003352403640747,,,
,,,,,,,48000.0,63000.0,90.0
251.714,0.3741415739059448,0.052747149020433426,-0.16366252303123474,0.0667254850268364,0.03626459464430809,0.9985666871070862,,,
,,,,,,,48000.0,63000.0,90.0
251.724,-1.0534636974334717,-0.06845588982105255,-0.04879949241876602,0.06581255793571472,0.036085449159145355,1.0000553131103516,,,
,,,,,,,48000.0,63000.0,90.0
251.734,-0.3511374592781067,0.03149981424212456,0.08922804892063141,0.06397632509469986,0.03292648494243622,1.0074169635772705,,,
,,,,,,,48000.0,62000.0,90.0
251.744,-0.06329762935638428,-0.44746294617652893,-0.24282795190811157,0.06392143666744232,0.030134262517094612,1.0056482553482056,,,
,,,,,,,48000.0,62000.0,90.0
251.754,0.6670142412185669,-0.17870262265205383,0.01815662905573845,0.06579025834798813,0.03282954543828964,1.001895785331726,,,
,,,,,,,48000.0,62000.0,90.0
251.764,-0.1031532883644104,-0.27390965819358826,-0.020443476736545563,0.0680173709988594,0.03455722704529762,0.9978542923927307,,,
,,,,,,,48000.0,62000.0,90.0
251.774,0.6399487853050232,-0.21961291134357452,0.29710653424263,0.06419890373945236,0.0336265005171299,1.0034674406051636,,,
,,,,,,,48000.0,62000.0,90.0
251.784,-0.5061365962028503,-0.08025579154491425,-0.24669425189495087,0.06690975278615952,0.032425858080387115,1.0017330646514893,,,
,,,,,,,48000.0,62000.0,90.0
251.794,0.005538893397897482,-0.11495698243379593,-0.21515604853630066,0.06580305099487305,0.0331210233271122,0.9986486434936523,,,
,,,,,,,48000.0,62000.0,90.0
251.804,-0.22461232542991638,0.16947616636753082,0.06450631469488144,0.06863553822040558,0.034138090908527374,0.9982583522796631,,,
,,,,,,,48000.0,62000.0,90.0
251.814,-0.08904767036437988,-0.05251443386077881,0.1806296855211258,0.06484531611204147,0.0328519232571125,1.002623438835144,,,
,,,,,,,48000.0,62000.0,90.0
251.824,0.05636153742671013,-0.36007261276245117,0.1379813849925995,0.062466733157634735,0.03149384632706642,1.003517746925354,,,
,,,,,,,48000.0,62000.0,90.0
251.834,-0.2529359757900238,-0.28322333097457886,-0.12234863638877869,0.0652986541390419,0.03326403349637985,1.0029410123825073,,,
,,,,,,,48000.0,62000.0,90.0
251.844,0.09299314767122269,-0.27123185992240906,-0.129097580909729,0.06514621526002884,0.035090863704681396,1.0008333921432495,,,
,,,,,,,48000.0,62000.0,90.0
251.854,0.2893313467502594,0.02951493114233017,-0.20983964204788208,0.06344613432884216,0.03182929754257202,0.9986987709999084,,,
,,,,,,,48000.0,62000.0,90.0
251.864,0.17696431279182434,-0.04357811436057091,-0.13312096893787384,0.0661754384636879,0.03211724013090134,1.0023308992385864,,,
,,,,,,,48000.0,62000.0,90.0
251.874,-0.26465746760368347,-0.16959215700626373,-0.0697685033082962,0.06550940126180649,0.03454671800136566,1.0043498277664185,,,
,,,,,,,48000.0,62000.0,90.0
251.884,0.011776869185268879,0.06833022087812424,-0.0762975811958313,0.06559576094150543,0.03445209562778473,1.0032331943511963,,,
,,,,,,,48000.0,62000.0,90.0
251.894,-0.014045371674001217,0.10664549469947815,-0.012263183481991291,0.06604567170143127,0.03206181153655052,1.0028386116027832,,,
,,,,,,,48000.0,62000.0,90.0
251.904,0.06927458196878433,-0.27786785364151,-0.17342932522296906,0.06653390824794769,0.03345400094985962,1.0034006834030151,,,
,,,,,,,48000.0,61000.0,90.0
251.914,0.016187893226742744,-0.05326516926288605,0.3408587872982025,0.06338577717542648,0.03187156841158867,1.0019047260284424,,,
,,,,,,,48000.0,61000.0,90.0
251.924,-0.26058724522590637,0.14231029152870178,-0.1358652412891388,0.0645950436592102,0.0350629948079586,1.0020394325256348,,,
,,,,,,,48000.0,61000.0,90.0
251.934,-0.3172059655189514,-0.3223268687725067,-0.022951997816562653,0.06537050753831863,0.035076308995485306,1.0010757446289062,,,
,,,,,,,48000.0,61000.0,90.0
251.944,0.7547887563705444,0.08703398704528809,0.06065885350108147,0.0638350173830986,0.032677844166755676,1.0038658380508423,,,
,,,,,,,48000.0,61000.0,90.0
251.954,0.7066788077354431,-0.278310090303421,-0.07255002856254578,0.06455879658460617,0.03257264569401741,1.0040538311004639,,,
,,,,,,,48000.0,61000.0,90.0
251.964,0.5277374982833862,0.011045292019844055,-0.13107216358184814,0.06386204808950424,0.03611269220709801,1.0047626495361328,,,
,,,,,,,48000.0,61000.0,90.0
251.974,-0.7771238684654236,0.05771895498037338,0.08611947298049927,0.06522722542285919,0.03667694330215454,1.00261390209198,,,
,,,,,,,48000.0,61000.0,90.0
251.984,-0.4686677157878876,-0.4338548183441162,-0.06437998265028,0.0642276182770729,0.0306574497371912,0.9995037317276001,,,
,,,,,,,48000.0,61000.0,90.0
251.994,-0.3356153666973114,-0.3452984690666199,-0.028863657265901566,0.06575976312160492,0.031638842076063156,1.0037543773651123,,,
,,,,,,,48000.0,62000.0,90.0
252.004,0.2787157893180847,-0.009071232751011848,0.15343385934829712,0.06616566330194473,0.03130970895290375,1.0034401416778564,,,
,,,,,,,48000.0,62000.0,90.0
252.014,0.6029457449913025,0.09938538819551468,0.1315852403640747,0.06399860978126526,0.029468627646565437,1.0035467147827148,,,
,,,,,,,48000.0,62000.0,90.0
252.024,-0.5022203326225281,-0.09909766912460327,0.00844493042677641,0.064202681183815,0.03266284242272377,1.0005271434783936,,,
,,,,,,,48000.0,62000.0,90.0
252.034,0.06857552379369736,-0.29478785395622253,0.09927491843700409,0.06427892297506332,0.03439563885331154,1.0011968612670898,,,
,,,,,,,48000.0,62000.0,90.0
252.044,0.26177939772605896,-0.3121090531349182,0.07940450310707092,0.06464853882789612,0.03326699137687683,1.0053386688232422,,,
,,,,,,,48000.0,62000.0,90.0
252.054,0.4691756069660187,0.4556604027748108,-0.49731868505477905,0.06658194214105606,0.032214388251304626,1.004239559173584,,,
,,,,,,,48000.0,62000.0,90.0
252.064,-0.13560159504413605,0.014793772250413895,-0.08600392937660217,0.06653986871242523,0.03405085206031799,1.0015997886657715,,,
,,,,,,,48000.0,62000.0,90.0
252.074,-0.07440412789583206,-0.0059736063703894615,0.25493085384368896,0.06713473051786423,0.03345821425318718,1.003598690032959,,,
,,,,,,,48000.0,62000.0,90.0
252.084,-0.6189938187599182,-0.01700412668287754,-0.004753868095576763,0.06413059681653976,0.03091767244040966,1.00430428981781,,,
,,,,,,,48000.0,62000.0,90.0
252.094,-0.26525944471359253,-0.27950653433799744,-0.4145844280719757,0.06288707256317139,0.029351504519581795,1.0043277740478516,,,
,,,,,,,48000.0,62000.0,90.0
252.104,0.2072955071926117,-0.1154145896434784,-0.07553396373987198,0.06312233209609985,0.03334256634116173,1.001695156097412,,,
,,,,,,,48000.0,62000.0,90.0
252.114,0.12169100344181061,0.2868395745754242,-0.04221595823764801,0.06373179703950882,0.031867727637290955,1.0046415328979492,,,
,,,,,,,48000.0,62000.0,90.0
252.124,0.19836701452732086,-0.01265715155750513,-0.15703344345092773,0.06324280798435211,0.03232681378722191,1.0025526285171509,,,
,,,,,,,48000.0,62000.0,90.0
252.134,-0.1924242526292801,0.04248400032520294,-0.22200553119182587,0.063277468085289,0.03394819423556328,1.0038247108459473,,,
,,,,,,,48000.0,62000.0,90.0
252.144,-0.06729038804769516,-0.21075086295604706,-0.2391611933708191,0.06496202200651169,0.032273221760988235,1.0023505687713623,,,
,,,,,,,48000.0,62000.0,90.0
252.154,-0.13656949996948242,0.21605244278907776,-0.08799717575311661,0.06662055104970932,0.03266911953687668,1.0028492212295532,,,
,,,,,,,48000.0,63000.0,90.0
252.164,0.10897967964410782,-0.40408238768577576,-0.03880296275019646,0.06362490355968475,0.0328008234500885,1.004226565361023,,,
,,,,,,,48000.0,63000.0,90.0
252.174,-0.03692213073372841,-0.15948624908924103,-0.0986102968454361,0.06601835042238235,0.030437281355261803,1.004577875137329,,,
,,,,,,,48000.0,63000.0,90.0
252.184,-0.9772592782974243,-0.1085946187376976,-0.05623073875904083,0.06478047370910645,0.03292672336101532,1.0001070499420166,,,
,,,,,,,48000.0,63000.0,90.0
252.194,-0.8782849907875061,-0.3709353804588318,0.14517223834991455,0.06320217251777649,0.034931883215904236,1.0012203454971313,,,
,,,,,,,48000.0,63000.0,90.0
252.204,-0.5969775319099426,0.11545063555240631,-0.020463503897190094,0.06305032968521118,0.03277164325118065,1.0030078887939453,,,
,,,,,,,48000.0,63000.0,90.0
252.214,0.891612708568573,-0.09629695862531662,-0.12414342164993286,0.06465607136487961,0.0296271163970232,1.0074071884155273,,,
,,,,,,,48000.0,63000.0,90.0
252.224,0.6573001146316528,-0.1658969223499298,-0.1945277452468872,0.06606297194957733,0.03352101892232895,1.002325177192688,,,
,,,,,,,48000.0,63000.0,90.0
252.234,0.23761582374572754,0.3557358682155609,0.00990535132586956,0.06638866662979126,0.0364820621907711,1.002328872680664,,,
,,,,,,,48000.0,64000.0,90.0
252.244,-0.4844360053539276,0.009455179795622826,0.03677396848797798,0.06478520482778549,0.03465912491083145,1.002494215965271,,,
,,,,,,,48000.0,64000.0,90.0
252.254,-0.6900784373283386,-0.3636874854564667,-0.23164524137973785,0.06346907466650009,0.03345854952931404,1.0071622133255005,,,
,,,,,,,48000.0,64000.0,90.0
252.264,-0.4512530267238617,-0.3527444005012512,0.1212233230471611,0.06343207508325577,0.033435363322496414,1.0024899244308472,,,
,,,,,,,48000.0,64000.0,90.0
252.274,0.3499643802642822,0.08112321048974991,0.05321964621543884,0.0640210434794426,0.03283626213669777,1.0004189014434814,,,
,,,,,,,48000.0,64000.0,90.0
252.284,0.5769352316856384,-8.402616003877483e-06,-0.21486784517765045,0.06390339881181717,0.034083444625139236,1.0037404298782349,,,
,,,,,,,48000.0,64000.0,90.0
252.294,-0.1961372047662735,-0.3312378525733948,-0.0739394873380661,0.06629818677902222,0.030943745747208595,1.0042270421981812,,,
,,,,,,,48000.0,64000.0,90.0
252.304,-0.01010469626635313,-0.018320046365261078,-0.03102421574294567,0.06856491416692734,0.030881742015480995,1.003377079963684,,,
,,,,,,,48000.0,64000.0,90.0
252.314,-0.7352333664894104,0.06529490649700165,-0.26053255796432495,0.0645291656255722,0.03423020616173744,1.002628207206726,,,
,,,,,,,48000.0,64000.0,90.0
252.324,0.20802238583564758,-0.08257068693637848,-0.062343351542949677,0.06467255204916,0.0322725735604763,1.0023140907287598,,,
,,,,,,,48000.0,65535.0,90.0
252.334,0.36686959862709045,0.12874636054039001,-0.024343935772776604,0.06429388374090195,0.033443011343479156,1.0027283430099487,,,
,,,,,,,48000.0,65535.0,90.0
252.344,0.059185996651649475,-0.06943707913160324,-0.03842712566256523,0.06438998132944107,0.03394116088747978,1.0046474933624268,,,
,,,,,,,48000.0,65535.0,90.0
252.354,-0.05859505757689476,-0.08867056667804718,-0.35803452134132385,0.06285423785448074,0.0321708507835865,1.0037275552749634,,,
,,,,,,,48000.0,65535.0,90.0
252.364,-0.18535858392715454,0.04592898115515709,-0.11745158582925797,0.06364509463310242,0.032241303473711014,1.0000226497650146,,,
,,,,,,,48000.0,65535.0,90.0
252.374,-0.2623489797115326,0.43882623314857483,-0.38644033670425415,0.0659027174115181,0.03391324356198311,1.0023245811462402,,,
,,,,,,,48000.0,65535.0,90.0
252.384,-0.016920175403356552,-0.2504737079143524,-0.1942049264907837,0.06762941181659698,0.03099658712744713,1.0051519870758057,,,
,,,,,,,48000.0,65535.0,90.0
252.394,0.37413033843040466,-0.36124828457832336,0.058644577860832214,0.0661449208855629,0.0326845683157444,1.0057891607284546,,,
,,,,,,,48000.0,65535.0,90.0
252.404,0.20133931934833527,-0.09261935204267502,0.0644722431898117,0.06576332449913025,0.0363045334815979,1.0026373863220215,,,
,,,,,,,48000.0,65535.0,90.0
252.414,-0.5115947127342224,0.23347017168998718,-0.12228080630302429,0.067145437002182,0.03933781385421753,0.9973418712615967,,,
,,,,,,,48000.0,65535.0,90.0
252.424,-0.050047289580106735,-0.13358590006828308,-0.0250994972884655,0.06443113833665848,0.034764472395181656,1.0018006563186646,,,
,,,,,,,48000.0,65535.0,90.0
252.434,-0.16092972457408905,-0.06973350793123245,-0.08331292867660522,0.06602135300636292,0.031411029398441315,1.0050575733184814,,,
,,,,,,,48000.0,65535.0,90.0
252.444,0.4068536162376404,-0.14158956706523895,-0.043594472110271454,0.06609972566366196,0.033259548246860504,1.003881573677063,,,
,,,,,,,48000.0,65535.0,90.0
252.454,0.09944262355566025,-0.2062780112028122,-0.06590964645147324,0.06372368335723877,0.031636495143175125,0.9998170137405396,,,
,,,,,,,48000.0,65535.0,90.0
252.464,0.06073286756873131,0.05145807936787605,0.2934781014919281,0.06148475408554077,0.031333811581134796,0.9996744990348816,,,
,,,,,,,48000.0,65535.0,90.0
252.474,-0.29425349831581116,0.39549559354782104,0.19711600244045258,0.06253212690353394,0.03533980995416641,1.0050543546676636,,,
,,,,,,,48000.0,65535.0,90.0
252.484,-0.3615538775920868,-0.11002150177955627,-0.04934675246477127,0.06397201865911484,0.031870245933532715,1.0061508417129517,,,
,,,,,,,48000.0,65535.0,90.0
252.494,0.08641418814659119,-0.0007255251985043287,0.009942558594048023,0.06454358249902725,0.030032441020011902,1.0035417079925537,,,
,,,,,,,48000.0,65535.0,90.0
252.504,0.16921155154705048,-0.0282825268805027,-0.07916893810033798,0.06331665813922882,0.03525843098759651,1.0007286071777344,,,
,,,,,,,48000.0,65535.0,90.0
252.514,0.061570655554533005,-0.004251107107847929,-0.048202160745859146,0.06458578258752823,0.03300999104976654,1.0029919147491455,,,
,,,,,,,48000.0,65535.0,90.0
252.524,0.005889351945370436,-0.4788641929626465,-0.18134108185768127,0.06536363810300827,0.035416074097156525,1.002817988395691,,,
,,,,,,,48000.0,65535.0,90.0
252.534,-0.17840833961963654,-0.07431431114673615,0.07794074714183807,0.06489642709493637,0.03485625982284546,1.0026979446411133,,,
,,,,,,,48000.0,65535.0,90.0
252.544,0.197853222489357,-0.048313550651073456,0.09774237126111984,0.06459729373455048,0.032355889678001404,1.0055723190307617,,,
,,,,,,,48000.0,65535.0,90.0
252.554,0.15943685173988342,-0.4332478642463684,-0.07109102606773376,0.06452611833810806,0.030986923724412918,1.002803921699524,,,
,,,,,,,48000.0,65535.0,90.0
252.564,-0.04167262464761734,0.03454625606536865,-0.20240354537963867,0.0660499632358551,0.03254226595163345,1.0046170949935913,,,
,,,,,,,48000.0,65535.0,90.0
252.574,-0.32765448093414307,0.06325015425682068,-0.288128525018692,0.06583074480295181,0.03117796778678894,1.0065711736679077,,,
,,,,,,,48000.0,65535.0,90.0
252.584,-0.19840890169143677,0.16734875738620758,-0.12487237900495529,0.06325516849756241,0.03231198713183403,1.0036036968231201,,,
,,,,,,,48000.0,65535.0,90.0
252.594,0.005820656195282936,-0.23955605924129486,-0.184614896774292,0.062679223716259,0.0345086045563221,1.0029634237289429,,,
,,,,,,,48000.0,65535.0,90.0
252.604,-0.023134421557188034,0.08372076600790024,0.00981077179312706,0.06558513641357422,0.034136585891246796,1.0017911195755005,,,
,,,,,,,48000.0,65535.0,90.0
252.614,0.010497050359845161,-0.3646481931209564,0.1370946764945984,0.0636412724852562,0.03236336633563042,1.0037275552749634,,,
,,,,,,,48000.0,65535.0,90.0
252.624,0.1127866730093956,-0.07222866266965866,0.03684145212173462,0.06462414562702179,0.03235799819231033,1.0028499364852905,,,
,,,,,,,48000.0,65535.0,90.0
252.634,-0.1035693883895874,-0.05310642719268799,-0.24476611614227295,0.06336040049791336,0.03444330766797066,1.0015852451324463,,,
,,,,,,,48000.0,65535.0,90.0
252.644,-0.10242970287799835,-0.40561261773109436,-0.19500604271888733,0.06538502126932144,0.032075196504592896,1.004021167755127,,,
,,,,,,,48000.0,65535.0,90.0
252.654,0.18148212134838104,-0.027441320940852165,-0.11925003677606583,0.0674881711602211,0.030823444947600365,1.0048162937164307,,,
,,,,,,,48000.0,65535.0,90.0
252.664,0.13444222509860992,-0.06513916701078415,-0.2081410437822342,0.06511987000703812,0.031009113416075706,1.004284381866455,,,
,,,,,,,48000.0,65535.0,90.0
252.674,-0.08588651567697525,-0.32731693983078003,-0.026019321754574776,0.06502298265695572,0.03126560524106026,1.002146601676941,,,
,,,,,,,48000.0,65535.0,90.0
252.684,-0.07861561328172684,-0.19825796782970428,-0.11802156269550323,0.06622137874364853,0.03153900429606438,1.00327467918396,,,
,,,,,,,48000.0,65535.0,90.0
252.694,-0.06894051283597946,0.12040755897760391,-0.12665720283985138,0.06687431782484055,0.03268364444375038,1.003372311592102,,,
,,,,,,,48000.0,65535.0,90.0
252.704,-0.11537162214517593,-0.24765771627426147,0.06747261434793472,0.06657275557518005,0.034892600029706955,1.0036364793777466,,,
,,,,,,,48000.0,65535.0,90.0
252.714,0.07330286502838135,-0.08464131504297256,-0.09910920262336731,0.06580489128828049,0.031957898288965225,1.0028355121612549,,,
,,,,,,,48000.0,65535.0,90.0
252.724,0.10663291811943054,-0.16979952156543732,-0.00797852873802185,0.06527005881071091,0.034634049981832504,1.0034867525100708,,,
,,,,,,,48000.0,65535.0,90.0
252.734,0.010328016243875027,0.0036546187475323677,0.029940668493509293,0.06416328996419907,0.03531622886657715,1.000977873802185,,,
,,,,,,,48000.0,65535.0,90.0
252.744,0.037880789488554,-0.13316281139850616,-0.22204121947288513,0.06603644043207169,0.03096441738307476,1.0020052194595337,,,
,,,,,,,48000.0,65535.0,90.0
252.754,-0.011744985356926918,0.003364323638379574,-0.03555691987276077,0.0668441653251648,0.033253200352191925,1.0041580200195312,,,
,,,,,,,48000.0,65535.0,90.0
252.764,-0.050205860286951065,-0.45059385895729065,-0.03860209882259369,0.0654599666595459,0.03340504691004753,1.0047742128372192,,,
,,,,,,,48000.0,65535.0,90.0
252.774,-0.0398254431784153,-0.004278718028217554,0.11901286244392395,0.06472104042768478,0.03103458695113659,1.002120852470398,,,
,,,,,,,48000.0,65535.0,90.0
252.784,0.07083595544099808,0.03214552253484726,0.03122284635901451,0.06445753574371338,0.03067067451775074,1.0029520988464355,,,
,,,,,,,48000.0,65535.0,90.0
252.794,0.01589423604309559,0.3419642746448517,-0.018531769514083862,0.06452816724777222,0.030732663348317146,1.0042195320129395,,,
,,,,,,,48000.0,65535.0,90.0
252.804,-0.08016830682754517,-0.3283059895038605,-0.030565017834305763,0.06497617810964584,0.031140562146902084,1.0048960447311401,,,
,,,,,,,48000.0,65535.0,90.0
252.814,0.07647524029016495,-0.08162892609834671,0.10755433142185211,0.06505971401929855,0.03528645634651184,1.0020473003387451,,,
,,,,,,,48000.0,65535.0,90.0
252.824,0.14612625539302826,-0.12689031660556793,-0.021326707676053047,0.06452561169862747,0.03521624207496643,1.002360463142395,,,
,,,,,,,48000.0,65535.0,90.0
252.834,0.01754576899111271,-0.21791811287403107,-0.025158798322081566,0.06562520563602448,0.03522292897105217,1.0025544166564941,,,
,,,,,,,48000.0,65535.0,90.0
252.844,-0.22793181240558624,0.15434806048870087,0.0053014494478702545,0.06572415679693222,0.033751506358385086,1.0026956796646118,,,
,,,,,,,48000.0,65535.0,90.0
252.854,0.03182109817862511,-0.19171714782714844,0.020969578996300697,0.06458253413438797,0.0318751335144043,1.0021696090698242,,,
,,,,,,,48000.0,65535.0,90.0
252.864,-0.052509408444166183,-0.24253779649734497,-0.03593158349394798,0.06283777952194214,0.031837087124586105,1.0010846853256226,,,
,,,,,,,48000.0,65535.0,90.0
252.874,0.13320235908031464,0.02302592433989048,-0.1322019249200821,0.06432419270277023,0.0332714281976223,1.0028350353240967,,,
,,,,,,,48000.0,65535.0,90.0
252.884,-0.16736020147800446,-0.11977757513523102,0.02116398885846138,0.06649216264486313,0.03369883820414543,1.0042941570281982,,,
,,,,,,,48000.0,65535.0,90.0
252.894,-0.03601561859250069,-0.12216474115848541,-0.033690888434648514,0.06590431928634644,0.032895371317863464,1.0015496015548706,,,
,,,,,,,48000.0,65535.0,90.0
252.904,0.026867367327213287,-0.04200633987784386,0.12250151485204697,0.06433912366628647,0.03440440818667412,1.0033119916915894,,,
,,,,,,,48000.0,65535.0,90.0
252.914,-0.229039266705513,-0.11638157814741135,0.02360597252845764,0.06484384089708328,0.03624501824378967,1.0037931203842163,,,
,,,,,,,48000.0,65535.0,90.0
252.924,-0.2525956332683563,0.24028174579143524,-0.0008722636848688126,0.06541958451271057,0.03201912343502045,1.0034735202789307,,,
,,,,,,,48000.0,65535.0,90.0
252.934,0.03935033082962036,-0.13714148104190826,-0.12184982746839523,0.06484179943799973,0.03058108128607273,1.0018471479415894,,,
,,,,,,,48000.0,65535.0,90.0
252.944,0.005833088420331478,0.14889487624168396,0.2815200984477997,0.06511729955673218,0.035514723509550095,1.0048534870147705,,,
,,,,,,,48000.0,65535.0,90.0
252.954,-0.13026466965675354,0.07311300933361053,0.07603061199188232,0.06427362561225891,0.029218867421150208,1.0023274421691895,,,
,,,,,,,48000.0,65535.0,90.0
252.964,0.07888838648796082,0.10379375517368317,-0.04895012080669403,0.06647936254739761,0.028587961569428444,1.0041205883026123,,,
,,,,,,,48000.0,65535.0,90.0
252.974,-0.1092587262392044,0.09522281587123871,-0.12012695521116257,0.06416067481040955,0.03333446383476257,1.004801630973816,,,
,,,,,,,48000.0,65535.0,90.0
252.984,-0.0539543442428112,0.155209019780159,0.08579163253307343,0.06409359723329544,0.030447326600551605,1.0015088319778442,,,
,,,,,,,48000.0,65535.0,90.0
252.994,-0.011648410931229591,0.026471327990293503,-0.2375667691230774,0.06455294787883759,0.02967560850083828,0.9996987581253052,,,
,,,,,,,48000.0,65535.0,90.0
253.004,-0.174027219414711,-0.09754875302314758,0.04703740030527115,0.06350351870059967,0.03358301892876625,1.0027827024459839,,,
,,,,,,,48000.0,65535.0,90.0
253.014,-0.10281205177307129,-0.02995278127491474,0.10146704316139221,0.06458476930856705,0.029220374301075935,1.001832365989685,,,
,,,,,,,48000.0,65535.0,90.0
253.024,-0.004595555830746889,-0.19884167611598969,-0.2663486897945404,0.06373268365859985,0.03434714302420616,1.0045539140701294,,,
,,,,,,,48000.0,65535.0,90.0
253.034,-0.13416898250579834,-0.28577008843421936,-0.05527341365814209,0.06408527493476868,0.034541524946689606,1.0032014846801758,,,
,,,,,,,48000.0,65535.0,90.0
253.044,0.06430518627166748,-0.1993139088153839,-0.17504623532295227,0.06499777734279633,0.033593107014894485,1.003199815750122,,,
,,,,,,,48000.0,65535.0,90.0
253.054,-0.041729580610990524,-0.5617944002151489,0.004706283565610647,0.06374941021203995,0.03283194079995155,1.002004623413086,,,
,,,,,,,48000.0,65535.0,90.0
253.064,-0.0733695924282074,0.1569613516330719,-0.12182273715734482,0.06310062110424042,0.03169314190745354,1.001665472984314,,,
,,,,,,,48000.0,65535.0,90.0
253.074,0.08560647815465927,0.1757679432630539,-0.1580883264541626,0.06098891794681549,0.03413349762558937,1.001566767692566,,,
,,,,,,,48000.0,65535.0,90.0
253.084,-0.0456840917468071,0.08377423137426376,0.1832934319972992,0.06299647688865662,0.034594498574733734,1.0053733587265015,,,
,,,,,,,48000.0,65535.0,90.0
253.094,0.022746508941054344,0.024897189810872078,0.03517577797174454,0.06305002421140671,0.03246770054101944,1.0042946338653564,,,
,,,,,,,48000.0,65535.0,90.0
253.104,0.07564346492290497,-0.20252424478530884,0.08066865801811218,0.06304473429918289,0.034028444439172745,1.0036096572875977,,,
,,,,,,,48000.0,65535.0,90.0
253.114,-0.3341558575630188,0.0071800947189331055,0.15330864489078522,0.06396892666816711,0.03299203887581825,1.0059924125671387,,,
,,,,,,,48000.0,65535.0,90.0
253.124,-0.14398746192455292,-0.35164937376976013,-0.13070553541183472,0.06350895017385483,0.02785014733672142,1.0060577392578125,,,
,,,,,,,48000.0,64000.0,90.0
253.134,0.25388234853744507,-0.14478595554828644,-0.0787746012210846,0.06532453745603561,0.031847964972257614,1.002952218055725,,,
,,,,,,,48000.0,64000.0,90.0
253.144,-0.3683665692806244,-0.3117060959339142,0.05487237870693207,0.06274646520614624,0.03392423316836357,1.0037933588027954,,,
,,,,,,,48000.0,64000.0,90.0
253.154,0.039141945540905,-0.2589881718158722,-0.38093671202659607,0.06236379221081734,0.03042941354215145,1.0035613775253296,,,
,,,,,,,48000.0,64000.0,90.0
253.164,0.6178776621818542,0.3242054879665375,0.08003539592027664,0.06376159936189651,0.032728973776102066,1.001707911491394,,,
,,,,,,,48000.0,64000.0,90.0
253.174,0.030923061072826385,-0.28229135274887085,-0.12909471988677979,0.06597857177257538,0.032423440366983414,1.0043342113494873,,,
,,,,,,,48000.0,64000.0,90.0
253.184,0.482925683259964,-0.25497981905937195,-0.12587496638298035,0.06307271867990494,0.029201364144682884,1.0027823448181152,,,
,,,,,,,48000.0,64000.0,90.0
253.194,0.07447022944688797,0.5980815887451172,-0.18204206228256226,0.06409598886966705,0.036137655377388,1.0017554759979248,,,
,,,,,,,48000.0,64000.0,90.0
253.204,-0.12393954396247864,-0.18462613224983215,-0.1729951798915863,0.06492843478918076,0.038028474897146225,1.0033693313598633,,,
,,,,,,,48000.0,62000.0,90.0
253.214,-0.5160897374153137,-0.09238194674253464,-0.29302510619163513,0.06405703723430634,0.03395583853125572,1.005828857421875,,,
,,,,,,,48000.0,62000.0,90.0
253.224,-0.0711648017168045,-0.16532014310359955,0.012230717577040195,0.06329530477523804,0.0328759104013443,1.0078308582305908,,,
,,,,,,,48000.0,62000.0,90.0
253.234,-0.2229655236005783,-0.14134950935840607,-0.06117117032408714,0.0671381801366806,0.03371014818549156,1.004810094833374,,,
,,,,,,,48000.0,62000.0,90.0
253.244,0.965876579284668,-0.25946229696273804,-0.11137846857309341,0.06798207759857178,0.032739587128162384,1.0046054124832153,,,
,,,,,,,48000.0,62000.0,90.0
253.254,0.10715538263320923,0.2045632153749466,-0.27555689215660095,0.06705809384584427,0.03277159482240677,1.0020438432693481,,,
,,,,,,,48000.0,62000.0,90.0
253.264,-0.1259278953075409,-0.14423710107803345,-0.2622276544570923,0.06419551372528076,0.034008387476205826,1.0024811029434204,,,
,,,,,,,48000.0,62000.0,90.0
253.274,-0.946986198425293,-0.07903284579515457,-0.37031713128089905,0.06653324514627457,0.030989432707428932,1.0024064779281616,,,
,,,,,,,48000.0,62000.0,90.0
253.284,-0.2718406617641449,-0.02201605960726738,-0.11884568631649017,0.06793274730443954,0.030574794858694077,1.005265474319458,,,
,,,,,,,48000.0,62000.0,90.0
253.294,-0.17663221061229706,-0.44998401403427124,-0.012964673340320587,0.06430807709693909,0.02936236374080181,1.0056027173995972,,,
,,,,,,,48000.0,62000.0,90.0
253.304,0.28671085834503174,-0.07525527477264404,0.051126353442668915,0.06342007964849472,0.030844401568174362,1.0027577877044678,,,
,,,,,,,48000.0,62000.0,90.0
253.314,-0.024396775290369987,0.005827540531754494,0.020134158432483673,0.0653136745095253,0.0352669283747673,1.0005818605422974,,,
,,,,,,,48000.0,62000.0,90.0
253.324,-0.12097293138504028,-0.020534032955765724,-0.08508532494306564,0.06282289326190948,0.03586609289050102,1.0032724142074585,,,
,,,,,,,48000.0,62000.0,90.0
253.334,0.2467203438282013,0.02410084195435047,-0.08378301560878754,0.06352700293064117,0.0320102721452713,1.0037599802017212,,,
,,,,,,,48000.0,62000.0,90.0
253.344,0.19486233592033386,-0.11234219372272491,-0.37719255685806274,0.06444355100393295,0.033966775983572006,1.001656413078308,,,
,,,,,,,48000.0,62000.0,90.0
253.354,0.19620567560195923,-0.2555360496044159,-0.026578858494758606,0.06568125635385513,0.03293260559439659,0.9997678399085999,,,
,,,,,,,48000.0,62000.0,90.0
253.364,-0.16121530532836914,-0.10952285677194595,0.08315561711788177,0.06455867737531662,0.03366284444928169,0.9988000392913818,,,
,,,,,,,48000.0,62000.0,90.0
253.374,-0.2218952178955078,-0.2359118014574051,-0.2507704198360443,0.06443481147289276,0.03518035262823105,1.0033982992172241,,,
,,,,,,,48000.0,62000.0,90.0
253.384,-0.3181424140930176,-0.056828033179044724,-0.17509029805660248,0.06570512801408768,0.03298010304570198,1.0060958862304688,,,
,,,,,,,48000.0,62000.0,90.0
253.394,0.15663224458694458,-0.03409095108509064,-0.1469111293554306,0.06453801691532135,0.03343701362609863,1.003659725189209,,,
,,,,,,,48000.0,62000.0,90.0
253.404,0.0003808526380453259,0.05211544409394264,-0.2277408093214035,0.06526722013950348,0.035611700266599655,1.002528190612793,,,
,,,,,,,48000.0,62000.0,90.0
253.414,-0.009970679879188538,-0.048710960894823074,-0.14351944625377655,0.06488895416259766,0.033357925713062286,1.0025242567062378,,,
,,,,,,,48000.0,62000.0,90.0
253.424,0.025578031316399574,0.003103680908679962,-0.07005797326564789,0.06451994180679321,0.03250385448336601,1.0057214498519897,,,
,,,,,,,48000.0,62000.0,90.0
253.434,0.2798493504524231,-0.4474327266216278,0.0032588846515864134,0.0630178228020668,0.03323982656002045,1.0038775205612183,,,
,,,,,,,48000.0,62000.0,90.0
253.444,0.24083422124385834,0.11806618422269821,-0.08838626742362976,0.06269735097885132,0.03200238570570946,1.0017951726913452,,,
,,,,,,,48000.0,62000.0,90.0
253.454,-0.11816588789224625,-0.24936658143997192,-0.06589265167713165,0.06388214975595474,0.03119170479476452,1.0009632110595703,,,
,,,,,,,48000.0,62000.0,90.0
253.464,-0.3303157091140747,-0.14313915371894836,-0.08727309852838516,0.06617233157157898,0.0323280394077301,1.0053154230117798,,,
,,,,,,,48000.0,62000.0,90.0
253.474,-0.16138741374015808,0.15336298942565918,-0.07377922534942627,0.06436505913734436,0.03172577917575836,1.0057839155197144,,,
,,,,,,,48000.0,62000.0,90.0
253.484,-0.27432015538215637,0.07537026703357697,-0.16359660029411316,0.06536565721035004,0.031250614672899246,1.0022060871124268,,,
,,,,,,,48000.0,62000.0,90.0
253.494,-0.13369320333003998,-0.2782284915447235,-0.13783510029315948,0.06794623285531998,0.032693080604076385,1.0011391639709473,,,
,,,,,,,48000.0,62000.0,90.0
253.504,-0.13059186935424805,0.2351839244365692,0.21814976632595062,0.06244426965713501,0.03335519880056381,1.0036940574645996,,,
,,,,,,,48000.0,62000.0,90.0
253.514,-0.04404112696647644,-0.2830980122089386,-0.04259293153882027,0.06180809065699577,0.03279212489724159,1.0047603845596313,,,
,,,,,,,48000.0,62000.0,90.0
253.524,0.30779847502708435,0.28799596428871155,0.07646630704402924,0.06440117210149765,0.032048843801021576,1.0046758651733398,,,
,,,,,,,48000.0,62000.0,90.0
253.534,0.23179854452610016,-0.09257320314645767,0.001297552022151649,0.06571326404809952,0.033494435250759125,1.002266764640808,,,
,,,,,,,48000.0,63000.0,90.0
253.544,-0.08599656075239182,0.09238989651203156,0.017494456842541695,0.06394626945257187,0.03552187606692314,1.0018774271011353,,,
,,,,,,,48000.0,63000.0,90.0
253.554,-0.12760449945926666,-0.11225686222314835,0.1773621290922165,0.06332378834486008,0.032939378172159195,1.0044952630996704,,,
,,,,,,,48000.0,63000.0,90.0
253.564,0.24085181951522827,-0.43747976422309875,-0.08547967672348022,0.06513290852308273,0.03173954784870148,1.0029817819595337,,,
,,,,,,,48000.0,63000.0,90.0
253.574,0.40481340885162354,0.2897321283817291,-0.2111966460943222,0.06643331795930862,0.030410325154662132,1.0039242506027222,,,
,,,,,,,48000.0,63000.0,90.0
253.584,0.6865707635879517,0.6613630652427673,0.10233212262392044,0.06858325749635696,0.033544328063726425,1.0033177137374878,,,
,,,,,,,48000.0,63000.0,90.0
253.594,-0.3300279676914215,0.18387876451015472,-0.16836486756801605,0.0673554465174675,0.029740381985902786,1.0044759511947632,,,
,,,,,,,48000.0,63000.0,90.0
253.604,-0.03781762346625328,-0.638586163520813,0.15654881298542023,0.06520891934633255,0.033310845494270325,1.0068626403808594,,,
,,,,,,,48000.0,63000.0,90.0
253.614,-1.0261110067367554,-0.040478140115737915,0.4137832224369049,0.0639614686369896,0.03223950415849686,1.0021837949752808,,,
,,,,,,,48000.0,64000.0,90.0
253.624,0.5425621867179871,0.2129412591457367,0.05807797238230705,0.06326963007450104,0.0301805529743433,1.001955509185791,,,
,,,,,,,48000.0,64000.0,90.0
253.634,0.08671906590461731,-0.2823030948638916,-0.26965391635894775,0.06575080007314682,0.03138994798064232,1.0018988847732544,,,
,,,,,,,48000.0,64000.0,90.0
253.644,0.1415778398513794,-0.4430670142173767,-0.11578383296728134,0.06501617282629013,0.0318988561630249,0.9989322423934937,,,
,,,,,,,48000.0,64000.0,90.0
253.654,-0.5089311003684998,0.6930984258651733,-0.14052720367908478,0.06547664105892181,0.03380957245826721,1.0030925273895264,,,
,,,,,,,48000.0,64000.0,90.0
253.664,0.13144879043102264,0.04405805841088295,-0.27794867753982544,0.06571506708860397,0.033104199916124344,1.004557728767395,,,
,,,,,,,48000.0,64000.0,90.0
253.674,0.16727417707443237,-0.3233673572540283,0.028773901984095573,0.06434376537799835,0.03226146474480629,1.003868818283081,,,
,,,,,,,48000.0,64000.0,90.0
253.684,0.4960123300552368,0.06044218689203262,-0.3076015114784241,0.06463012844324112,0.032390519976615906,1.0026296377182007,,,
,,,,,,,48000.0,64000.0,90.0
253.694,-0.4253261983394623,0.16887415945529938,0.11921119689941406,0.06745996326208115,0.03495445474982262,1.0020291805267334,,,
,,,,,,,48000.0,64000.0,90.0
253.704,-0.45791903138160706,-0.23877155780792236,0.020006271079182625,0.06743144243955612,0.03407551348209381,1.0008007287979126,,,
,,,,,,,48000.0,65535.0,90.0
253.714,-0.35673871636390686,-0.2876071333885193,-0.23965974152088165,0.06449365615844727,0.031897515058517456,1.0014407634735107,,,
,,,,,,,48000.0,65535.0,90.0
253.724,0.058992836624383926,-0.07986898720264435,-0.10455992817878723,0.0634419247508049,0.035264380276203156,1.002493977546692,,,
,,,,,,,48000.0,65535.0,90.0
253.734,0.8787450790405273,0.1362113058567047,-0.03879915550351143,0.06639467924833298,0.03322918340563774,1.0038528442382812,,,
,,,,,,,48000.0,65535.0,90.0
253.744,0.6986518502235413,-0.16124412417411804,-0.3584463596343994,0.06717145442962646,0.03339041396975517,0.9992437958717346,,,
,,,,,,,48000.0,65535.0,90.0
253.754,-0.09137469530105591,0.19385671615600586,-0.12210659682750702,0.0654749646782875,0.03609064966440201,1.0051193237304688,,,
,,,,,,,48000.0,65535.0,90.0
253.764,-0.7315256595611572,-0.08333603292703629,-0.13722330331802368,0.06313168257474899,0.033129289746284485,1.0072358846664429,,,
,,,,,,,48000.0,65535.0,90.0
253.774,0.20748336613178253,-0.6329969167709351,0.10902616381645203,0.06508325040340424,0.029789233580231667,1.0029441118240356,,,
,,,,,,,48000.0,65535.0,90.0
253.784,0.2859254777431488,0.14762543141841888,0.025855861604213715,0.06428784877061844,0.03518892452120781,1.0024588108062744,,,
,,,,,,,48000.0,65535.0,90.0
253.794,-0.21033772826194763,0.059405986219644547,0.08217614889144897,0.06601732969284058,0.035423025488853455,1.0012441873550415,,,
,,,,,,,48000.0,65535.0,90.0
253.804,-0.0986054465174675,-0.009148748591542244,0.0036083690356463194,0.06545890122652054,0.03205779194831848,1.0027053356170654,,,
,,,,,,,48000.0,65535.0,90.0
253.814,-0.5852532982826233,-0.1651020348072052,-0.2842894494533539,0.06409941613674164,0.036632414907217026,1.0056484937667847,,,
,,,,,,,48000.0,65535.0,90.0
253.824,-0.22366270422935486,0.12970055639743805,0.018590345978736877,0.06414361298084259,0.03451058268547058,1.0036063194274902,,,
,,,,,,,48000.0,65535.0,90.0
253.834,0.23191434144973755,0.011986469849944115,-0.21966922283172607,0.0662531703710556,0.032113417983055115,1.0016462802886963,,,
,,,,,,,48000.0,65535.0,90.0
253.844,0.10528168082237244,-0.3597375154495239,-0.03735477104783058,0.06691183149814606,0.035715509206056595,1.0041271448135376,,,
,,,,,,,48000.0,65535.0,90.0
253.854,-0.17383307218551636,-0.17459319531917572,0.035953670740127563,0.06434869021177292,0.03332826495170593,1.001708745956421,,,
,,,,,,,48000.0,65535.0,90.0
253.864,-0.2983962893486023,0.10272805392742157,-0.02838512510061264,0.06369943916797638,0.032583460211753845,1.0032635927200317,,,
,,,,,,,48000.0,65535.0,90.0
253.874,-0.15498624742031097,0.14576385915279388,-0.04745090752840042,0.06693135201931,0.03191887214779854,1.0017976760864258,,,
,,,,,,,48000.0,65535.0,90.0
253.884,0.13128744065761566,-0.18155038356781006,-0.12645301222801208,0.06548107415437698,0.031251274049282074,1.0019477605819702,,,
,,,,,,,48000.0,65535.0,90.0
253.894,0.4271613359451294,-0.11738271266222,0.3088788092136383,0.06590656191110611,0.03095843829214573,1.0001953840255737,,,
,,,,,,,48000.0,65535.0,90.0
253.904,0.064369797706604,0.15394529700279236,-0.030834635719656944,0.06446828693151474,0.031645793467760086,1.000052571296692,,,
,,,,,,,48000.0,65535.0,90.0
253.914,-0.5571490526199341,-0.15136520564556122,-0.37274369597435,0.06414654105901718,0.0362197570502758,1.00348699092865,,,
,,,,,,,48000.0,65535.0,90.0
253.924,-0.2682367265224457,0.08138725906610489,-0.2984875440597534,0.0633123517036438,0.033822111785411835,1.0031760931015015,,,
,,,,,,,48000.0,65535.0,90.0
253.934,-0.1295086294412613,0.15076948702335358,-0.022590430453419685,0.06400423496961594,0.032626062631607056,1.0030704736709595,,,
,,,,,,,48000.0,65535.0,90.0
253.944,0.15900225937366486,-0.292705237865448,0.12355906516313553,0.06329280883073807,0.03260122612118721,1.0031330585479736,,,
,,,,,,,48000.0,65535.0,90.0
253.954,0.25447919964790344,0.07821007817983627,-0.0832001268863678,0.061213720589876175,0.030718069523572922,1.0034784078598022,,,
,,,,,,,48000.0,65535.0,90.0
253.964,-0.06343567371368408,-0.11688166111707687,-0.030229618772864342,0.06482347846031189,0.0326814129948616,1.0022087097167969,,,
,,,,,,,48000.0,65535.0,90.0
253.974,-0.24076905846595764,-0.09554865211248398,-0.0009277302888222039,0.06474403291940689,0.03282949700951576,1.000159740447998,,,
,,,,,,,48000.0,65535.0,90.0
253.984,-0.12220001220703125,-0.023359503597021103,0.14338582754135132,0.06527350097894669,0.03345010429620743,1.002190113067627,,,
,,,,,,,48000.0,65535.0,90.0
253.994,0.24083025753498077,-0.22608201205730438,0.10486344993114471,0.06573569029569626,0.029505349695682526,1.0043082237243652,,,
,,,,,,,48000.0,65535.0,90.0
254.004,0.2896777391433716,-0.14413440227508545,0.08159178495407104,0.06582064181566238,0.0319344587624073,1.0019794702529907,,,
,,,,,,,48000.0,65535.0,90.0
254.014,-0.18664506077766418,-0.11768274009227753,0.18993642926216125,0.06516765803098679,0.0333324633538723,1.001693844795227,,,
,,,,,,,48000.0,65535.0,90.0
254.024,-0.4107554256916046,-0.011539802886545658,-0.1776636838912964,0.0663023591041565,0.03247847408056259,1.0026201009750366,,,
,,,,,,,48000.0,65535.0,90.0
254.034,-0.06703098863363266,-0.0655989944934845,-0.06717513501644135,0.0645768865942955,0.03279860317707062,1.0059199333190918,,,
,,,,,,,48000.0,65535.0,90.0
254.044,-0.0723033919930458,-0.4180976450443268,0.03557906672358513,0.06588802486658096,0.031117191538214684,1.0058749914169312,,,
,,,,,,,48000.0,65535.0,90.0
254.054,-0.009095794521272182,-0.36833858489990234,-0.37216511368751526,0.0642542839050293,0.033270929008722305,1.0029380321502686,,,
,,,,,,,48000.0,65535.0,90.0
254.064,0.036838285624980927,-0.1280805915594101,0.1401979923248291,0.06338459998369217,0.0327356681227684,1.0019489526748657,,,
,,,,,,,48000.0,65535.0,90.0
254.074,-0.1961624175310135,-0.03314146399497986,-0.14381268620491028,0.0657029077410698,0.03130194917321205,1.002777099609375,,,
,,,,,,,48000.0,65535.0,90.0
254.084,-0.22782406210899353,-0.26063135266304016,0.16373006999492645,0.06453552097082138,0.030637353658676147,1.0036814212799072,,,
,,,,,,,48000.0,65535.0,90.0
254.094,0.18555276095867157,-0.08672390133142471,-0.4075506329536438,0.06324542313814163,0.03193152695894241,1.002726674079895,,,
,,,,,,,48000.0,65535.0,90.0
254.104,-0.041171275079250336,-0.16641934216022491,0.049841683357954025,0.06606706231832504,0.03313031792640686,1.004908800125122,,,
,,,,,,,48000.0,65535.0,90.0
254.114,0.020892838016152382,-0.1404160112142563,-0.13313807547092438,0.06533557176589966,0.0319998525083065,1.0035005807876587,,,
,,,,,,,48000.0,65535.0,90.0
254.124,-0.14471162855625153,0.2561001181602478,0.11651254445314407,0.06482616811990738,0.03053850494325161,1.0018086433410645,,,
,,,,,,,48000.0,65535.0,90.0
254.134,0.18867801129817963,0.20412735641002655,-0.05540870130062103,0.06575243175029755,0.030979149043560028,1.001036524772644,,,
,,,,,,,48000.0,65535.0,90.0
254.144,-0.07541059702634811,-0.07544936239719391,0.09187760204076767,0.06794927269220352,0.035259343683719635,1.0026631355285645,,,
,,,,,,,48000.0,65535.0,90.0
254.154,0.03806142136454582,-0.517688512802124,0.07304295152425766,0.06695198267698288,0.03549085557460785,1.0052109956741333,,,
,,,,,,,48000.0,65535.0,90.0
254.164,0.060692209750413895,0.28835126757621765,0.2014627456665039,0.06517844647169113,0.030397536233067513,1.0053765773773193,,,
,,,,,,,48000.0,65535.0,90.0
254.174,-0.21832425892353058,0.06973113119602203,-0.13002359867095947,0.06674373149871826,0.031032724305987358,1.002779483795166,,,
,,,,,,,48000.0,65535.0,90.0
254.184,-0.09879002720117569,-0.2889634668827057,-0.33540046215057373,0.06711849570274353,0.033208321779966354,1.0005056858062744,,,
,,,,,,,48000.0,65535.0,90.0
254.194,0.17066743969917297,-0.5641329884529114,-0.1910337209701538,0.0666750892996788,0.03574239835143089,1.0021196603775024,,,
,,,,,,,48000.0,65535.0,90.0
254.204,-0.04179568588733673,-0.22071915864944458,-0.229437917470932,0.06539013981819153,0.032758694142103195,1.003937840461731,,,
,,,,,,,48000.0,65535.0,90.0
254.214,-0.11561837792396545,0.21222135424613953,0.059619396924972534,0.06505642831325531,0.0316891148686409,1.0035368204116821,,,
,,,,,,,48000.0,65535.0,90.0
254.224,-0.04579611495137215,-0.11799459159374237,-0.18818366527557373,0.0661938264966011,0.033812783658504486,1.0013058185577393,,,
,,,,,,,48000.0,65535.0,90.0
254.234,0.011447512544691563,-0.13574057817459106,0.11109048128128052,0.06424199044704437,0.03229941800236702,1.001390814781189,,,
,,,,,,,48000.0,65535.0,90.0
254.244,-0.24106062948703766,0.38797542452812195,-0.10128159075975418,0.06301845610141754,0.034039273858070374,1.0008045434951782,,,
,,,,,,,48000.0,65535.0,90.0
254.254,0.015987062826752663,-0.10161630064249039,-0.058372095227241516,0.06446060538291931,0.034646712243556976,1.0044466257095337,,,
,,,,,,,48000.0,65535.0,90.0
254.264,0.043668948113918304,-0.26410046219825745,0.03914492577314377,0.06477627158164978,0.03480729088187218,1.0047024488449097,,,
,,,,,,,48000.0,65535.0,90.0
254.274,-0.24996431171894073,-0.22784046828746796,-0.0991908386349678,0.0640287697315216,0.03339805826544762,1.0022395849227905,,,
,,,,,,,48000.0,65535.0,90.0
254.284,-0.03197246789932251,-0.08598628640174866,-0.3868650794029236,0.0656118243932724,0.03148667886853218,1.0008976459503174,,,
,,,,,,,48000.0,65535.0,90.0
254.294,0.01868908293545246,-0.03889627009630203,-0.12811659276485443,0.06699453294277191,0.03380648419260979,1.0041186809539795,,,
,,,,,,,48000.0,65535.0,90.0
254.304,-0.04942873865365982,-0.18164336681365967,0.0644003301858902,0.06629262864589691,0.02994230017066002,1.0060731172561646,,,
,,,,,,,48000.0,65535.0,90.0
254.314,0.196356862783432,-0.1694202572107315,-0.22193323075771332,0.06266303360462189,0.02997329831123352,1.0018852949142456,,,
,,,,,,,48000.0,65535.0,90.0
254.324,0.049883436411619186,-0.13553652167320251,-0.21593518555164337,0.06551656872034073,0.032174188643693924,1.0025105476379395,,,
,,,,,,,48000.0,65535.0,90.0
254.334,-0.07475589215755463,-0.056573253124952316,-0.12459319084882736,0.06448350846767426,0.03436938673257828,1.0052566528320312,,,
,,,,,,,48000.0,65535.0,90.0
254.344,-0.15875957906246185,0.105039581656456,0.03897659480571747,0.06622102856636047,0.03166135028004646,1.0032939910888672,,,
,,,,,,,48000.0,65535.0,90.0
254.354,-0.006562029477208853,-0.08240748196840286,-0.15925870835781097,0.06765811145305634,0.03357392176985741,1.0014228820800781,,,
,,,,,,,48000.0,65535.0,90.0
254.364,-0.04565589874982834,0.08525023609399796,-0.022693512961268425,0.0655861645936966,0.032054245471954346,0.9996820092201233,,,
,,,,,,,48000.0,65535.0,90.0
254.374,0.08936028182506561,-0.03660939261317253,0.10668153315782547,0.06734936684370041,0.0312725268304348,1.0011669397354126,,,
,,,,,,,48000.0,65535.0,90.0
254.384,-0.12020322680473328,-0.30575037002563477,-0.11083509027957916,0.06479251384735107,0.03084602579474449,1.0021157264709473,,,
,,,,,,,48000.0,65535.0,90.0
254.394,-0.013153228908777237,-0.23868581652641296,0.002876872895285487,0.06473904848098755,0.031718600541353226,1.001942753791809,,,
,,,,,,,48000.0,65535.0,90.0
254.404,-0.2392921894788742,-0.11734598875045776,-0.2905575931072235,0.06704577058553696,0.03262211009860039,1.0022481679916382,,,
,,,,,,,48000.0,65535.0,90.0
254.414,-0.11573753505945206,-0.03338194638490677,-0.06382828205823898,0.06532273441553116,0.035037022083997726,1.0025477409362793,,,
,,,,,,,48000.0,65535.0,90.0
254.424,-0.06248626857995987,-0.1567409634590149,-0.39524462819099426,0.0631171241402626,0.03325796499848366,1.0033470392227173,,,
,,,,,,,48000.0,65535.0,90.0
254.434,0.01335075218230486,-0.22252649068832397,-0.062187425792217255,0.06458692252635956,0.034423355013132095,1.0063574314117432,,,
,,,,,,,48000.0,65535.0,90.0
254.444,-0.06872008740901947,0.03439468517899513,0.077569380402565,0.06483378261327744,0.03306397423148155,1.0056484937667847,,,
,,,,,,,48000.0,65535.0,90.0
254.454,0.03352648764848709,-0.488885760307312,-0.13384731113910675,0.06300535798072815,0.03451898321509361,1.004549264907837,,,
,,,,,,,48000.0,65535.0,90.0
254.464,0.045398470014333725,-0.35216084122657776,-0.34052494168281555,0.06449887901544571,0.03554374724626541,1.002838373184204,,,
,,,,,,,48000.0,65535.0,90.0
254.474,-0.1885547935962677,0.032598789781332016,-0.07063227891921997,0.0672817975282669,0.03240768238902092,1.004327416419983,,,
,,,,,,,48000.0,65535.0,90.0
254.484,0.09320177137851715,-0.1300611048936844,-0.0470510870218277,0.06637916713953018,0.03382869437336922,1.0018268823623657,,,
,,,,,,,48000.0,65535.0,90.0
254.494,-0.22669710218906403,0.08223537355661392,0.018323127180337906,0.065963976085186,0.03513948619365692,1.001091718673706,,,
,,,,,,,48000.0,65535.0,90.0
254.504,-0.027881033718585968,-0.0682932659983635,-0.03546657785773277,0.06796658784151077,0.032226502895355225,1.0026519298553467,,,
,,,,,,,48000.0,65535.0,90.0
254.514,-0.1138015016913414,-0.08081275969743729,-0.14863626658916473,0.0654686987400055,0.031327687203884125,1.0025182962417603,,,
,,,,,,,48000.0,65535.0,90.0
254.524,0.2450067400932312,-0.04795971140265465,0.06014862656593323,0.0641380175948143,0.03295116126537323,1.0038721561431885,,,
,,,,,,,48000.0,65535.0,90.0
254.534,-0.07252040505409241,0.005812184419482946,-0.11620841175317764,0.0635514035820961,0.035237494856119156,1.0049105882644653,,,
,,,,,,,48000.0,65535.0,90.0
254.544,0.11444102972745895,0.07672744989395142,0.2595274746417999,0.0660051479935646,0.03373372182250023,1.0026196241378784,,,
,,,,,,,48000.0,65535.0,90.0
254.554,0.07368174195289612,-0.17155621945858002,0.037592604756355286,0.06644801795482635,0.03282545879483223,1.0016839504241943,,,
,,,,,,,48000.0,65535.0,90.0
254.564,-0.25175046920776367,0.08295667171478271,-0.03393254801630974,0.0657300055027008,0.030522124841809273,1.0017104148864746,,,
,,,,,,,48000.0,65535.0,90.0
254.574,0.12657102942466736,-0.34856465458869934,-0.08472177386283875,0.06629182398319244,0.03233617916703224,1.0015209913253784,,,
,,,,,,,48000.0,65535.0,90.0
254.584,-0.14436258375644684,-0.1541682630777359,-0.07222944498062134,0.0649866983294487,0.029921531677246094,1.004000186920166,,,
,,,,,,,48000.0,65535.0,90.0
254.594,-0.03500079736113548,-0.20117053389549255,-0.3451853394508362,0.06526529043912888,0.031909771263599396,1.002742052078247,,,
,,,,,,,48000.0,65535.0,90.0
254.604,-0.06322333216667175,0.32914772629737854,0.1818290501832962,0.06444021314382553,0.032591190189123154,1.0005357265472412,,,
,,,,,,,48000.0,65535.0,90.0
254.614,0.06204557791352272,-0.14156679809093475,-0.1656758338212967,0.06471556425094604,0.033647969365119934,1.0004327297210693,,,
,,,,,,,48000.0,65535.0,90.0
254.624,-0.020586447790265083,-0.21024931967258453,-0.020083438605070114,0.06534957140684128,0.03304925560951233,1.0044127702713013,,,
,,,,,,,48000.0,65535.0,90.0
254.634,-0.04448860511183739,-0.2092965841293335,-0.4893069565296173,0.06465989351272583,0.033092014491558075,1.0033706426620483,,,
,,,,,,,48000.0,65535.0,90.0
254.644,-0.008404450491070747,-0.13021644949913025,-0.16861304640769958,0.06408216059207916,0.03047962486743927,1.000527024269104,,,
,,,,,,,48000.0,65535.0,90.0
254.654,0.013545374386012554,0.06995593756437302,0.050600793212652206,0.06617701053619385,0.033203206956386566,1.002362608909607,,,
,,,,,,,48000.0,65535.0,90.0
254.664,0.07006202638149261,-0.14614540338516235,-0.18060685694217682,0.06704020500183105,0.032414063811302185,1.0046396255493164,,,
,,,,,,,48000.0,65535.0,90.0
254.674,0.024087775498628616,-0.056203775107860565,-0.27266889810562134,0.06352012604475021,0.03124837577342987,1.0035690069198608,,,
,,,,,,,48000.0,65535.0,90.0
254.684,-0.12802301347255707,-0.39833739399909973,0.021454883739352226,0.06786380708217621,0.03296105936169624,1.002588152885437,,,
,,,,,,,48000.0,65535.0,90.0
254.694,-0.04713302478194237,-0.05604749545454979,-0.041183024644851685,0.06749960035085678,0.034300368279218674,1.000630497932434,,,
,,,,,,,48000.0,65535.0,90.0
254.704,-0.06372510641813278,0.06238360330462456,0.04615612328052521,0.06555243581533432,0.03442146256566048,1.0027416944503784,,,
,,,,,,,48000.0,65535.0,90.0
254.714,-0.16397836804389954,-0.219229057431221,-0.1446126103401184,0.06609166413545609,0.031844500452280045,1.0041334629058838,,,
,,,,,,,48000.0,65535.0,90.0
254.724,-0.09019912034273148,-0.02733498439192772,0.13002878427505493,0.06497938185930252,0.035057585686445236,1.003188133239746,,,
,,,,,,,48000.0,65535.0,90.0
254.734,0.02644297108054161,0.10015976428985596,-0.38031819462776184,0.06230200454592705,0.034479692578315735,1.0037636756896973,,,
,,,,,,,48000.0,65535.0,90.0
254.744,0.07912519574165344,-0.22594481706619263,-0.36984309554100037,0.06588610261678696,0.032666660845279694,1.003689169883728,,,
,,,,,,,48000.0,65535.0,90.0
254.754,-0.004445274360477924,-0.12937606871128082,-0.1056751161813736,0.0646727904677391,0.031662046909332275,1.0044806003570557,,,
,,,,,,,48000.0,65535.0,90.0
254.764,-0.10045580565929413,-0.04315048083662987,-0.12332428991794586,0.06263041496276855,0.03361926227807999,1.0021559000015259,,,
,,,,,,,48000.0,65535.0,90.0
254.774,-0.031294021755456924,-0.2040635049343109,-0.2978396713733673,0.06446322053670883,0.03543366864323616,1.0005176067352295,,,
,,,,,,,48000.0,65535.0,90.0
254.784,0.08287028968334198,-0.38846689462661743,0.006723884958773851,0.06694678962230682,0.034946732223033905,1.0018305778503418,,,
,,,,,,,48000.0,65535.0,90.0
254.794,0.13631480932235718,-0.06651905179023743,-0.025319313630461693,0.06568038463592529,0.030771270394325256,1.002960205078125,,,
,,,,,,,48000.0,65535.0,90.0
254.804,-0.16464778780937195,-0.13809382915496826,0.0233809445053339,0.06384246051311493,0.03215066343545914,1.0021674633026123,,,
,,,,,,,48000.0,65535.0,90.0
254.814,-0.22111451625823975,0.3574012517929077,-0.14455071091651917,0.06332658976316452,0.03609173744916916,1.0030944347381592,,,
,,,,,,,48000.0,65535.0,90.0
254.824,0.05616290122270584,0.05590106546878815,-0.21694844961166382,0.06469104439020157,0.034285519272089005,1.0015816688537598,,,
,,,,,,,48000.0,65535.0,90.0
254.834,-0.0818018913269043,-0.033451177179813385,-0.19323182106018066,0.06593900173902512,0.03400582820177078,1.0006657838821411,,,
,,,,,,,48000.0,65535.0,90.0
254.844,-0.154202401638031,-0.10597517341375351,-0.02794540300965309,0.06541323661804199,0.035630520433187485,1.0007493495941162,,,
,,,,,,,48000.0,65535.0,90.0
254.854,-0.05077541247010231,-0.10386060923337936,0.024556562304496765,0.06390275806188583,0.03430073335766792,1.0037274360656738,,,
,,,,,,,48000.0,65535.0,90.0
254.864,0.0020988541655242443,0.08986140042543411,0.007743480149656534,0.06498228758573532,0.030253082513809204,1.0034825801849365,,,
,,,,,,,48000.0,65535.0,90.0
254.874,0.018859632313251495,-0.10378611832857132,-0.06363837420940399,0.06719836592674255,0.031424980610609055,1.00407075881958,,,
,,,,,,,48000.0,65535.0,90.0
254.884,-0.062420912086963654,-0.308176726102829,-0.15986788272857666,0.06819071620702744,0.03196059539914131,1.0045204162597656,,,
,,,,,,,48000.0,65535.0,90.0
254.894,0.07964703440666199,-0.009961917996406555,-0.0789366066455841,0.0666273981332779,0.030926266685128212,1.0057164430618286,,,
,,,,,,,48000.0,65535.0,90.0
254.904,-0.0006403407896868885,-0.20306237041950226,0.04018545150756836,0.06213359534740448,0.0332254134118557,1.0039252042770386,,,
,,,,,,,48000.0,65535.0,90.0
254.914,-0.08090119063854218,-0.010923752561211586,-0.05752544850111008,0.06419399380683899,0.032612841576337814,1.0023329257965088,,,
,,,,,,,48000.0,65535.0,90.0
254.924,-0.05434960871934891,-0.17088225483894348,0.14896230399608612,0.0634981021285057,0.03207721561193466,1.0021034479141235,,,
,,,,,,,48000.0,65535.0,90.0
254.934,0.06201673299074173,0.05476949363946915,-0.28960371017456055,0.06481365859508514,0.03358599171042442,1.0022178888320923,,,
,,,,,,,48000.0,65535.0,90.0
254.944,-0.1508638560771942,0.08694218844175339,-0.11643722653388977,0.06506863236427307,0.03468513861298561,1.0032273530960083,,,
,,,,,,,48000.0,65535.0,90.0
254.954,0.015121296048164368,-0.17585259675979614,-0.1337130218744278,0.06415615975856781,0.034161608666181564,1.0016800165176392,,,
,,,,,,,48000.0,65535.0,90.0
254.964,-0.10242977738380432,-0.0821988582611084,-0.07816760987043381,0.06648508459329605,0.03401520475745201,1.0018095970153809,,,
,,,,,,,48000.0,65535.0,90.0
254.974,0.04637064412236214,0.24886107444763184,-0.17428605258464813,0.06427187472581863,0.0340140201151371,1.0038599967956543,,,
,,,,,,,48000.0,65535.0,90.0
254.984,-0.06341858208179474,-0.14367865025997162,0.06882171332836151,0.0653732419013977,0.03405805677175522,1.0063092708587646,,,
,,,,,,,48000.0,65535.0,90.0
254.994,-0.13543763756752014,0.21085961163043976,-0.033825408667325974,0.06666582822799683,0.03286873549222946,1.0050890445709229,,,
,,,,,,,48000.0,65535.0,90.0
255.004,0.04989950358867645,-0.527211606502533,0.04773855209350586,0.06520216166973114,0.03165082633495331,1.0026249885559082,,,
,,,,,,,48000.0,63000.0,90.0
255.014,-0.014458773657679558,-0.04120545834302902,0.22557537257671356,0.06453785300254822,0.035580381751060486,1.00164794921875,,,
,,,,,,,48000.0,63000.0,90.0
255.024,0.14032526314258575,-0.3404509127140045,0.1461445540189743,0.06607022136449814,0.03155907616019249,1.0062280893325806,,,
,,,,,,,48000.0,63000.0,90.0
255.034,0.14906033873558044,-0.26646295189857483,0.02486512064933777,0.06713666021823883,0.029018083587288857,1.007930040359497,,,
,,,,,,,48000.0,63000.0,90.0
255.044,0.020808102563023567,-0.10841293632984161,-0.2386084944009781,0.06514735519886017,0.03223295509815216,1.0034325122833252,,,
,,,,,,,48000.0,63000.0,90.0
255.054,0.1956964135169983,0.060668639838695526,0.12293342500925064,0.06493154913187027,0.03553216904401779,0.9976556897163391,,,
,,,,,,,48000.0,63000.0,90.0
255.064,-1.1669389009475708,-0.07358641922473907,-0.1281859129667282,0.06362054497003555,0.03444927930831909,0.9995771050453186,,,
,,,,,,,48000.0,63000.0,90.0
255.074,-0.32642579078674316,-0.14141112565994263,0.20752975344657898,0.06470447778701782,0.029640506953001022,1.005720853805542,,,
,,,,,,,48000.0,63000.0,90.0
255.084,-0.13660654425621033,0.05482500046491623,-0.1114119291305542,0.06619980186223984,0.030887002125382423,1.0074063539505005,,,
,,,,,,,48000.0,63000.0,90.0
255.094,0.6776918172836304,-0.21986070275306702,-0.23921653628349304,0.06661467254161835,0.033062998205423355,1.0024514198303223,,,
,,,,,,,48000.0,62000.0,90.0
255.104,0.13937808573246002,-0.1303427517414093,-0.11122975498437881,0.06444254517555237,0.033775631338357925,0.9997394680976868,,,
,,,,,,,48000.0,62000.0,90.0
255.114,0.18559060990810394,-0.06542683392763138,-0.10260163247585297,0.06638478487730026,0.031796544790267944,1.0024166107177734,,,
,,,,,,,48000.0,62000.0,90.0
255.124,-0.22188700735569,0.03056495636701584,-0.31585222482681274,0.06678497046232224,0.03146743401885033,1.0047324895858765,,,
,,,,,,,48000.0,62000.0,90.0
255.134,0.46532729268074036,-0.37696218490600586,-0.2056356817483902,0.06496420502662659,0.029509149491786957,1.0057713985443115,,,
,,,,,,,48000.0,62000.0,90.0
255.144,-0.2543298006057739,0.07293364405632019,0.17612865567207336,0.06632076948881149,0.034511223435401917,1.0004183053970337,,,
,,,,,,,48000.0,62000.0,90.0
255.154,-0.20164258778095245,-0.15584081411361694,-0.06343406438827515,0.06556708365678787,0.037456221878528595,0.998715877532959,,,
,,,,,,,48000.0,62000.0,90.0
255.164,-0.7368388175964355,0.07505906373262405,-0.05769537389278412,0.06431552022695541,0.029872138053178787,1.0045757293701172,,,
,,,,,,,48000.0,62000.0,90.0
255.174,-0.07024535536766052,-0.4548562169075012,-0.3360632061958313,0.06563569605350494,0.029691986739635468,1.0094642639160156,,,
,,,,,,,48000.0,62000.0,90.0
255.184,0.07587199658155441,0.07699990272521973,-0.058893926441669464,0.0645037591457367,0.03398420289158821,1.0029587745666504,,,
,,,,,,,48000.0,64000.0,90.0
255.194,0.3601970672607422,0.03904363140463829,-0.0463709831237793,0.0640764832496643,0.03195483237504959,1.0005463361740112,,,
,,,,,,,48000.0,64000.0,90.0
255.204,0.25099700689315796,-0.1330963671207428,-0.05438863858580589,0.06214282289147377,0.031467828899621964,1.0025686025619507,,,
,,,,,,,48000.0,64000.0,90.0
255.214,0.14912834763526917,-0.12674278020858765,0.030741499736905098,0.06566862016916275,0.03157242760062218,1.0053966045379639,,,
,,,,,,,48000.0,64000.0,90.0
255.224,-0.34421437978744507,0.18433456122875214,-0.10182656347751617,0.06845547258853912,0.03158845752477646,1.00374174118042,,,
,,,,,,,48000.0,64000.0,90.0
255.234,-0.0508156418800354,0.04678419604897499,-0.14648710191249847,0.06779535859823227,0.03251437097787857,1.0027737617492676,,,
,,,,,,,48000.0,64000.0,90.0
255.244,-0.4790436327457428,-0.1029721200466156,0.04933436959981918,0.06494825333356857,0.034763675183057785,1.0022164583206177,,,
,,,,,,,48000.0,64000.0,90.0
255.254,-0.6473708152770996,0.1455317735671997,0.165780708193779,0.06296238303184509,0.03192347660660744,1.0044461488723755,,,
,,,,,,,48000.0,64000.0,90.0
255.264,0.1650368571281433,-0.4500134587287903,-0.13887622952461243,0.06168396770954132,0.02987641654908657,1.0031057596206665,,,
,,,,,,,48000.0,64000.0,90.0
255.274,0.1496649533510208,-0.4439888596534729,0.011131079867482185,0.06589829921722412,0.03507790341973305,1.0028351545333862,,,
,,,,,,,48000.0,65000.0,90.0
255.284,-0.05167318135499954,0.13405343890190125,-0.07410339266061783,0.06807766854763031,0.03634655103087425,0.9997476935386658,,,
,,,,,,,48000.0,65000.0,90.0
255.294,-0.049295008182525635,0.19504106044769287,0.05567324534058571,0.06544379889965057,0.0317029133439064,1.0018807649612427,,,
,,,,,,,48000.0,65000.0,90.0
255.304,-0.20656295120716095,0.3983508050441742,-0.3649964928627014,0.06486991792917252,0.0332767516374588,1.0049190521240234,,,
,,,,,,,48000.0,65000.0,90.0
255.314,-0.4316973090171814,-0.12080323696136475,-0.14415232837200165,0.06557304412126541,0.03565961867570877,1.0062867403030396,,,
,,,,,,,48000.0,65000.0,90.0
255.324,0.11686204373836517,-0.15562383830547333,0.06523532420396805,0.0637795701622963,0.03230271115899086,1.0051504373550415,,,
,,,,,,,48000.0,65000.0,90.0
255.334,0.5147321820259094,-0.22701220214366913,-0.16775472462177277,0.06480223685503006,0.03318391367793083,1.0023765563964844,,,
,,,,,,,48000.0,65000.0,90.0
255.344,0.01620745100080967,-0.16604574024677277,-0.13207800686359406,0.06635715067386627,0.03614196926355362,1.0035717487335205,,,
,,,,,,,48000.0,65000.0,90.0
255.354,-0.12975041568279266,-0.05593360960483551,-0.297067254781723,0.06550213694572449,0.03258766606450081,1.002825379371643,,,
,,,,,,,48000.0,65000.0,90.0
255.364,-0.5029902458190918,-0.0459032878279686,-0.09483291953802109,0.06450167298316956,0.034392960369586945,1.001983642578125,,,
,,,,,,,48000.0,65535.0,90.0
255.374,0.22304584085941315,0.03478143364191055,-0.025650328025221825,0.06418271362781525,0.03274580463767052,1.0015453100204468,,,
,,,,,,,48000.0,65535.0,90.0
255.384,0.22069434821605682,-0.13628911972045898,-0.32882148027420044,0.06362108141183853,0.028424609452486038,1.0019817352294922,,,
,,,,,,,48000.0,65535.0,90.0
255.394,0.23185290396213531,0.08806902170181274,0.16193126142024994,0.0670214518904686,0.03196730464696884,1.0017857551574707,,,
,,,,,,,48000.0,65535.0,90.0
255.404,-0.033064741641283035,-0.1466711312532425,-0.12264875322580338,0.06772676855325699,0.031574878841638565,1.0011242628097534,,,
,,,,,,,48000.0,65535.0,90.0
255.414,-0.3930945098400116,0.02757210098206997,0.002498817862942815,0.06393885612487793,0.033325307071208954,1.0014735460281372,,,
,,,,,,,48000.0,65535.0,90.0
255.424,-0.2869669497013092,-0.00859101302921772,-0.07027376443147659,0.06287199258804321,0.03442499041557312,1.0038189888000488,,,
,,,,,,,48000.0,65535.0,90.0
255.434,0.22366435825824738,-0.01640729233622551,-0.17660823464393616,0.06482592225074768,0.032646775245666504,1.0034136772155762,,,
,,,,,,,48000.0,65535.0,90.0
255.444,0.1509203016757965,0.232256218791008,0.07147587090730667,0.06436359882354736,0.033725496381521225,1.0039348602294922,,,
,,,,,,,48000.0,65535.0,90.0
255.454,0.30171751976013184,-0.1991032212972641,-0.020249957218766212,0.06451090425252914,0.03339281305670738,1.0034388303756714,,,
,,,,,,,48000.0,65535.0,90.0
255.464,-0.1700383722782135,0.04412563890218735,-0.31314295530319214,0.06619130820035934,0.03346969559788704,1.002549409866333,,,
,,,,,,,48000.0,65535.0,90.0
255.474,-0.06310954689979553,-0.2715911269187927,-0.2409820705652237,0.0663829818367958,0.03491920232772827,1.003515362739563,,,
,,,,,,,48000.0,65535.0,90.0
255.484,-0.115923210978508,-0.04578135535120964,-0.02035776525735855,0.06641595810651779,0.03368572145700455,1.0039952993392944,,,
,,,,,,,48000.0,65535.0,90.0
255.494,0.20738713443279266,-0.11540789157152176,0.07259772717952728,0.06389307230710983,0.033389776945114136,1.004589319229126,,,
,,,,,,,48000.0,65535.0,90.0
255.504,-0.058339595794677734,-0.17032743990421295,0.10819300264120102,0.0637790858745575,0.03259389474987984,1.0025681257247925,,,
,,,,,,,48000.0,65535.0,90.0
255.514,-0.2680601179599762,0.15544839203357697,0.042861875146627426,0.06562326848506927,0.03182145953178406,1.0039114952087402,,,
,,,,,,,48000.0,65535.0,90.0
255.524,-0.48472368717193604,-0.30735382437705994,-0.06723114848136902,0.06406722217798233,0.03153089061379433,1.0041263103485107,,,
,,,,,,,48000.0,65535.0,90.0
255.534,0.08331389725208282,0.1015644520521164,-0.11017534881830215,0.06441210955381393,0.0330294705927372,1.002877116203308,,,
,,,,,,,48000.0,65535.0,90.0
255.544,0.16505275666713715,-0.1917193979024887,-0.10907811671495438,0.06454583257436752,0.03234980255365372,1.0049974918365479,,,
,,,,,,,48000.0,65535.0,90.0
255.554,0.17300395667552948,-0.3952491581439972,-0.312628835439682,0.06563153862953186,0.030452491715550423,1.0041124820709229,,,
,,,,,,,48000.0,65535.0,90.0
255.564,-0.04984484985470772,0.00302065908908844,-0.10177053511142731,0.06616687774658203,0.033700473606586456,1.0011957883834839,,,
,,,,,,,48000.0,65535.0,90.0
255.574,-0.46414831280708313,-0.19844219088554382,-0.15680678188800812,0.06265341490507126,0.03125540167093277,1.0051629543304443,,,
,,,,,,,48000.0,65535.0,90.0
255.584,-0.10538838058710098,-0.006411206908524036,-0.3660847544670105,0.06302382797002792,0.03135040029883385,1.0012729167938232,,,
,,,,,,,48000.0,65535.0,90.0
255.594,0.13443350791931152,-0.0997384786605835,0.03246616944670677,0.0643758475780487,0.03213701769709587,1.0033326148986816,,,
,,,,,,,48000.0,65535.0,90.0
255.604,0.021955858916044235,-0.25459110736846924,-0.059302326291799545,0.06191140040755272,0.03465500846505165,1.0033472776412964,,,
,,,,,,,48000.0,65535.0,90.0
255.614,0.13266952335834503,-0.16734175384044647,-0.13670113682746887,0.06455911695957184,0.032630253583192825,0.9992293119430542,,,
,,,,,,,48000.0,65535.0,90.0
255.624,-0.31580016016960144,-0.47956645488739014,-0.1967325508594513,0.06391345709562302,0.031447894871234894,1.0043094158172607,,,
,,,,,,,48000.0,65535.0,90.0
255.634,-0.14697960019111633,0.05129145458340645,0.020991126075387,0.06293118745088577,0.03235564008355141,1.0023143291473389,,,
,,,,,,,48000.0,65535.0,90.0
255.644,0.00808030553162098,0.03409610316157341,-0.28206244111061096,0.0647401288151741,0.0353967510163784,1.0010665655136108,,,
,,,,,,,48000.0,65535.0,90.0
255.654,0.20133931934833527,-0.03272786736488342,-0.07860472053289413,0.06488538533449173,0.036262791603803635,1.001899003982544,,,
,,,,,,,48000.0,65535.0,90.0
255.664,0.028963670134544373,-0.19727285206317902,0.22114673256874084,0.06470097601413727,0.03313419595360756,1.001387357711792,,,
,,,,,,,48000.0,65535.0,90.0
255.674,-0.024535708129405975,-0.3798019289970398,-0.0661262795329094,0.06491678208112717,0.031163331121206284,1.0022234916687012,,,
,,,,,,,48000.0,65535.0,90.0
255.684,-0.16339290142059326,-0.11357350647449493,-0.061456456780433655,0.06371139734983444,0.034222833812236786,1.0014395713806152,,,
,,,,,,,48000.0,65535.0,90.0
255.694,-0.15001298487186432,-0.3338882625102997,0.1372673511505127,0.06357541680335999,0.03384280949831009,1.0021599531173706,,,
,,,,,,,48000.0,65535.0,90.0
255.704,-0.05114496871829033,-0.1614789515733719,-0.12358567863702774,0.06142234802246094,0.032691244035959244,1.0028135776519775,,,
,,,,,,,48000.0,65535.0,90.0
255.714,-0.11666195839643478,-0.19918577373027802,-0.07350454479455948,0.06440415233373642,0.030410004779696465,1.0011568069458008,,,
,,,,,,,48000.0,65535.0,90.0
255.724,-0.006126726511865854,-0.03681999072432518,0.07231210917234421,0.06496913731098175,0.030455229803919792,1.0014718770980835,,,
,,,,,,,48000.0,65535.0,90.0
255.734,-0.0832807868719101,-0.11532837897539139,0.07338543981313705,0.06558273732662201,0.03150506690144539,1.000949740409851,,,
,,,,,,,48000.0,62000.0,90.0
255.744,-0.07191385328769684,0.1534973829984665,0.02650155872106552,0.06364719569683075,0.032596439123153687,1.0035102367401123,,,
,,,,,,,48000.0,62000.0,90.0
255.754,0.30341821908950806,-0.13565997779369354,-0.07940350472927094,0.0643545538187027,0.03231654688715935,1.0004628896713257,,,
,,,,,,,48000.0,62000.0,90.0
255.764,0.5236907005310059,-0.30958425998687744,-0.3813851475715637,0.06596934795379639,0.03291347995400429,1.0044561624526978,,,
,,,,,,,48000.0,62000.0,90.0
255.774,0.15094320476055145,-0.5414354205131531,-0.013038194738328457,0.0656675174832344,0.033650223165750504,1.0070782899856567,,,
,,,,,,,48000.0,62000.0,90.0
255.784,0.1813821941614151,-0.19147291779518127,0.1667686402797699,0.06882169842720032,0.028231097385287285,0.999937891960144,,,
,,,,,,,48000.0,62000.0,90.0
255.794,-0.2540123164653778,0.28543198108673096,-0.0024142658803611994,0.06703963130712509,0.03645883500576019,0.996187686920166,,,
,,,,,,,48000.0,62000.0,90.0
255.804,-1.311824917793274,-0.005087090656161308,-0.21755844354629517,0.06327899545431137,0.03572040796279907,1.0030014514923096,,,
,,,,,,,48000.0,62000.0,90.0
255.814,-0.3542417585849762,-0.17858336865901947,-0.17684254050254822,0.0626218169927597,0.024939004331827164,1.0065231323242188,,,
,,,,,,,48000.0,62000.0,90.0
255.824,0.600426197052002,0.030092675238847733,-0.2413751184940338,0.06145802140235901,0.031389810144901276,1.004153847694397,,,
,,,,,,,48000.0,57000.0,90.0
255.834,0.2084544450044632,0.11173389106988907,-0.1376866102218628,0.06345286220312119,0.03675464540719986,0.999882698059082,,,
,,,,,,,48000.0,57000.0,90.0
255.844,0.11083584278821945,-0.15969246625900269,-0.08312918990850449,0.06617377698421478,0.03403326869010925,1.0003114938735962,,,
,,,,,,,48000.0,57000.0,90.0
255.854,0.1890486627817154,-0.01443188451230526,-0.1129373237490654,0.06408892571926117,0.031000325456261635,1.0024102926254272,,,
,,,,,,,48000.0,57000.0,90.0
255.864,1.219530701637268,-1.1330058574676514,0.03843860700726509,0.0631101205945015,0.034252144396305084,1.0165801048278809,,,
,,,,,,,48000.0,57000.0,90.0
255.874,0.857158362865448,-1.2177908420562744,0.04968810826539993,0.06821253895759583,0.031148631125688553,1.0032072067260742,,,
,,,,,,,48000.0,57000.0,90.0
255.884,1.147013545036316,0.1416974663734436,-0.23529338836669922,0.06877602636814117,0.03699445351958275,0.982782781124115,,,
,,,,,,,48000.0,57000.0,90.0
255.894,-3.3999252319335938,1.24019193649292,0.14593112468719482,0.06699883192777634,0.0475144237279892,0.9933876395225525,,,
,,,,,,,48000.0,57000.0,90.0
255.904,-3.7589943408966064,0.16458122432231903,0.376171737909317,0.06096118316054344,0.026169823482632637,1.018598198890686,,,
,,,,,,,48000.0,57000.0,90.0
255.914,-0.7888145446777344,-0.459403395652771,-0.008276032283902168,0.0620262585580349,0.014586780220270157,1.0210837125778198,,,
,,,,,,,48000.0,57000.0,90.0
255.924,2.178057909011841,-0.8388633728027344,0.2026328295469284,0.06454121321439743,0.03298967704176903,0.998234212398529,,,
,,,,,,,48000.0,53000.0,90.0
255.934,2.577686309814453,-0.28326475620269775,-0.5284274816513062,0.06920696794986725,0.04479535296559334,0.9870740175247192,,,
,,,,,,,48000.0,53000.0,90.0
255.944,1.1989513635635376,0.217009499669075,-0.40957242250442505,0.06486111879348755,0.03656040132045746,1.0006740093231201,,,
,,,,,,,48000.0,53000.0,90.0
255.954,-0.10201753675937653,-0.16043655574321747,0.052583783864974976,0.06325129419565201,0.028312548995018005,1.016410231590271,,,
,,,,,,,48000.0,53000.0,90.0
255.964,1.6725032329559326,-1.9485740661621094,0.12186358124017715,0.06368044018745422,0.02915833331644535,1.0211715698242188,,,
,,,,,,,48000.0,53000.0,90.0
255.974,3.261598587036133,-1.567470669746399,-0.27079957723617554,0.06728849560022354,0.0329873226583004,0.9879956245422363,,,
,,,,,,,48000.0,53000.0,90.0
255.984,-0.6465084552764893,1.4267278909683228,0.28473398089408875,0.0669000893831253,0.047662779688835144,0.9677287340164185,,,
,,,,,,,48000.0,53000.0,90.0
255.994,-8.163384437561035,2.5693867206573486,0.6120339035987854,0.07845410704612732,0.050903793424367905,1.0005470514297485,,,
,,,,,,,48000.0,53000.0,90.0
256.004,-9.361741065979004,1.4487334489822388,-0.25510373711586,0.05409439280629158,0.02096891589462757,1.030540108680725,,,
,,,,,,,48000.0,53000.0,90.0
256.014,-0.4789920747280121,-1.4139870405197144,-1.6551684141159058,0.0569300539791584,0.003492495743557811,1.036034107208252,,,
,,,,,,,48000.0,49000.0,90.0
256.024,6.762338161468506,-2.9187910556793213,-0.46867620944976807,0.05957837030291557,0.020570944994688034,1.0025179386138916,,,
,,,,,,,47000.0,49000.0,90.0
256.034,7.7314252853393555,-1.4383034706115723,0.36287665367126465,0.07804800570011139,0.05329862982034683,0.9757347702980042,,,
,,,,,,,47000.0,49000.0,90.0
256.044,2.4438395500183105,-1.1107808351516724,-0.25962066650390625,0.06815154105424881,0.05243898555636406,0.9843431115150452,,,
,,,,,,,47000.0,49000.0,90.0
256.054,4.3450703620910645,-0.17873933911323547,-0.00010467846732353792,0.07286301255226135,0.02826649509370327,0.9941943883895874,,,
,,,,,,,47000.0,49000.0,90.0
256.064,3.4389517307281494,3.186274766921997,5.751255512237549,0.06490527093410492,0.04367450252175331,0.987773060798645,,,
,,,,,,,47000.0,49000.0,90.0
256.074,-10.948497772216797,2.3525805473327637,-1.432102918624878,0.0728665366768837,0.05227929726243019,1.0006344318389893,,,
,,,,,,,47000.0,49000.0,90.0
256.084,-24.141971588134766,2.7495357990264893,-0.044884100556373596,0.05434761568903923,0.022882917895913124,1.0447663068771362,,,
,,,,,,,47000.0,49000.0,90.0
256.094,8.297911643981934,-4.033517837524414,-1.356195330619812,0.03861813619732857,-0.024931052699685097,1.0556201934814453,,,
,,,,,,,47000.0,49000.0,90.0
256.104,9.196510314941406,-2.9511187076568604,-1.7705605030059814,0.06168917939066887,-0.004395160358399153,0.9992096424102783,,,
,,,,,,,47000.0,49000.0,90.0
256.114,12.930326461791992,-3.214545249938965,-1.053913950920105,0.08084460347890854,0.07015669345855713,0.9667906761169434,,,
,,,,,,,47000.0,45000.0,90.0
256.124,0.07624637335538864,1.0884714126586914,-0.29729974269866943,0.08162752538919449,0.08633514493703842,0.9446528553962708,,,
,,,,,,,45000.0,45000.0,90.0
256.134,-9.086133003234863,3.5604772567749023,0.4381777346134186,0.08085901290178299,0.04445556178689003,0.9910699725151062,,,
,,,,,,,45000.0,45000.0,90.0
256.144,6.168961524963379,-1.1290909051895142,0.5505311489105225,0.04811035096645355,0.0006375887314788997,1.0465604066848755,,,
,,,,,,,45000.0,45000.0,90.0
256.154,6.919554233551025,-0.578807532787323,-0.029435884207487106,0.05630343034863472,0.00573531910777092,1.0120234489440918,,,
,,,,,,,45000.0,45000.0,90.0
256.164,-4.310081958770752,2.019473075866699,1.4994053840637207,0.08189066499471664,0.06902143359184265,0.9849116802215576,,,
,,,,,,,45000.0,45000.0,90.0
256.174,-30.2846622467041,2.734988212585449,-5.142174243927002,0.07710467278957367,0.07263899594545364,1.0058177709579468,,,
,,,,,,,45000.0,45000.0,90.0
256.184,-16.60894012451172,-0.35585707426071167,-5.315089702606201,0.03788699582219124,-0.013625403866171837,1.0640193223953247,,,
,,,,,,,45000.0,45000.0,90.0
256.194,33.48841094970703,-5.497725486755371,0.4506775140762329,0.04591996595263481,-0.057204484939575195,1.032196044921875,,,
,,,,,,,45000.0,45000.0,90.0
256.204,21.1878719329834,-2.5471394062042236,-1.9583295583724976,0.09647369384765625,0.03802196681499481,0.9405097365379333,,,
,,,,,,,45000.0,43000.0,90.0
256.214,-12.705875396728516,1.955031394958496,-2.023510694503784,0.07808715105056763,0.15103347599506378,0.9350256323814392,,,
,,,,,,,45000.0,43000.0,90.0
256.224,-8.882030487060547,1.3774126768112183,1.8591715097427368,0.07772357016801834,0.09252430498600006,0.9917050004005432,,,
,,,,,,,45000.0,43000.0,90.0
256.234,-1.1476936340332031,2.022805690765381,1.4271245002746582,0.0683353990316391,-0.02708084136247635,1.0161172151565552,,,
,,,,,,,45000.0,43000.0,90.0
256.244,7.349210262298584,0.6371200084686279,-1.003794550895691,0.04322189837694168,-0.02516845613718033,1.0524508953094482,,,
,,,,,,,45000.0,43000.0,90.0
256.254,6.103351593017578,-2.3357341289520264,-0.8397482633590698,0.06050612032413483,0.04778102785348892,1.0319819450378418,,,
,,,,,,,45000.0,43000.0,90.0
256.264,-14.871180534362793,-0.26626449823379517,0.14024671912193298,0.06089302524924278,0.07532085478305817,0.978492259979248,,,
,,,,,,,45000.0,43000.0,90.0
256.274,-6.6957526206970215,-0.7077323198318481,0.5349553823471069,0.06631817668676376,0.029087796807289124,1.004414439201355,,,
,,,,,,,45000.0,43000.0,90.0
256.284,10.572711944580078,0.03639871999621391,-0.250828355550766,0.0744108036160469,-0.011375464498996735,0.9830904006958008,,,
,,,,,,,45000.0,43000.0,90.0
256.294,-0.2532358467578888,1.0894708633422852,-0.9192551970481873,0.06504388153553009,0.04740267992019653,0.9920122027397156,,,
,,,,,,,45000.0,42000.0,90.0
256.304,-1.7988239526748657,-1.113221287727356,0.755874514579773,0.061923399567604065,0.06466417759656906,1.0299501419067383,,,
,,,,,,,43000.0,42000.0,90.0
256.314,4.950915813446045,-0.7575947642326355,0.001250420929864049,0.06871963292360306,0.0007379251183010638,0.989385187625885,,,
,,,,,,,43000.0,42000.0,90.0
256.324,-1.261489748954773,0.9129788875579834,-1.1235604286193848,0.06640522927045822,0.03419674187898636,0.9911834597587585,,,
,,,,,,,43000.0,42000.0,90.0
256.334,-0.31856468319892883,0.40547552704811096,1.0684866905212402,0.06316136568784714,0.06438206136226654,1.0157546997070312,,,
,,,,,,,43000.0,42000.0,90.0
256.344,-2.6720502376556396,-0.138789564371109,0.26205313205718994,0.06608840823173523,0.014942477457225323,0.9986599683761597,,,
,,,,,,,43000.0,42000.0,90.0
256.354,-3.724759817123413,0.8630505800247192,-0.37403780221939087,0.06298606097698212,0.025112560018897057,1.014458417892456,,,
,,,,,,,43000.0,42000.0,90.0
256.364,2.4573757648468018,-1.4415839910507202,0.18691742420196533,0.06424864381551743,0.03751423582434654,1.0154590606689453,,,
,,,,,,,43000.0,42000.0,90.0
256.374,1.7589783668518066,-0.15140587091445923,-0.3965476453304291,0.06742304563522339,0.026889177039265633,0.9802308678627014,,,
,,,,,,,43000.0,42000.0,90.0
256.384,0.938774824142456,-0.3693065345287323,-0.20079703629016876,0.06491237133741379,0.041967060416936874,0.995749294757843,,,
,,,,,,,43000.0,41000.0,90.0
256.394,3.561615228652954,-0.2680332660675049,0.21401280164718628,0.0661049485206604,0.030992910265922546,1.0016049146652222,,,
,,,,,,,43000.0,41000.0,90.0
256.404,-4.527672290802002,0.8342698216438293,-0.40259331464767456,0.06362417340278625,0.028101036325097084,1.0086160898208618,,,
,,,,,,,43000.0,41000.0,90.0
256.414,0.0800287276506424,-0.7032374143600464,0.2457679957151413,0.06194676458835602,0.030954768881201744,1.0190656185150146,,,
,,,,,,,43000.0,41000.0,90.0
256.424,-0.6249250769615173,-0.7417876720428467,-0.11111396551132202,0.06750930100679398,0.02643580175936222,0.9950725436210632,,,
,,,,,,,43000.0,41000.0,90.0
256.434,0.883054792881012,0.06443745642900467,-0.08903848379850388,0.06798548996448517,0.03708702325820923,0.986728847026825,,,
,,,,,,,43000.0,41000.0,90.0
256.444,-3.321045160293579,0.027567442506551743,0.14583039283752441,0.06442741304636002,0.050856031477451324,1.0056138038635254,,,
,,,,,,,43000.0,41000.0,90.0
256.454,1.8038115501403809,-0.3659544289112091,-0.019984938204288483,0.06435076892375946,0.017012760043144226,1.011854887008667,,,
,,,,,,,43000.0,41000.0,90.0
256.464,3.000124216079712,-0.10676619410514832,-0.5932675004005432,0.06518527120351791,0.021035203710198402,1.00178861618042,,,
,,,,,,,43000.0,41000.0,90.0
256.474,-2.818784236907959,-0.1372193694114685,0.24208097159862518,0.06432078778743744,0.052727214992046356,1.0068033933639526,,,
,,,,,,,43000.0,40000.0,90.0
256.484,2.0479488372802734,-0.19826094806194305,0.3645040690898895,0.06621313095092773,0.026705186814069748,0.9922783374786377,,,
,,,,,,,42000.0,40000.0,90.0
256.494,-3.031578540802002,0.8117733001708984,-0.6219173073768616,0.06478755176067352,0.026300031691789627,0.9985466003417969,,,
,,,,,,,42000.0,40000.0,90.0
256.504,1.621091604232788,-0.5156056880950928,0.2110692262649536,0.06386689096689224,0.033077824860811234,1.0151704549789429,,,
,,,,,,,42000.0,40000.0,90.0
256.514,0.6042588949203491,-0.2865476906299591,0.09487941861152649,0.06878597289323807,0.022044146433472633,0.9918312430381775,,,
,,,,,,,42000.0,40000.0,90.0
256.524,-3.5980923175811768,0.461150586605072,0.2617019712924957,0.06570535898208618,0.041889917105436325,1.002503514289856,,,
,,,,,,,42000.0,40000.0,90.0
256.534,1.5189909934997559,0.25186073780059814,0.4585714638233185,0.0631164088845253,0.0322793647646904,1.001630187034607,,,
,,,,,,,42000.0,40000.0,90.0
256.544,-2.711923599243164,0.3667660653591156,-0.5370334386825562,0.06556454300880432,0.02365756779909134,1.0043656826019287,,,
,,,,,,,42000.0,40000.0,90.0
256.554,5.029618263244629,-0.5934323072433472,0.3498261868953705,0.06524036824703217,0.031086556613445282,1.0088582038879395,,,
,,,,,,,42000.0,40000.0,90.0
256.564,-0.9871448278427124,0.023119693621993065,-0.44453397393226624,0.06788384914398193,0.03458297625184059,0.9979997277259827,,,
,,,,,,,42000.0,40000.0,90.0
256.574,0.8036638498306274,-0.5796535611152649,0.24974116683006287,0.06620875000953674,0.03231485188007355,1.0018367767333984,,,
,,,,,,,41000.0,40000.0,90.0
256.584,-1.1871869564056396,0.07850673794746399,0.03850245103240013,0.06405188888311386,0.03261036425828934,1.0042457580566406,,,
,,,,,,,41000.0,40000.0,90.0
256.594,-1.8898619413375854,-0.34992849826812744,-0.3382306396961212,0.06559286266565323,0.03197688236832619,1.007244348526001,,,
,,,,,,,41000.0,40000.0,90.0
256.604,0.48705053329467773,-0.3205120265483856,-0.008704537525773048,0.0652419701218605,0.029722275212407112,1.0048468112945557,,,
,,,,,,,41000.0,40000.0,90.0
256.614,-0.14260578155517578,0.2602803409099579,-0.056697431951761246,0.06628101319074631,0.03126552700996399,1.000524878501892,,,
,,,,,,,41000.0,40000.0,90.0
256.624,1.9341739416122437,-0.372555136680603,-0.42233774065971375,0.06519179791212082,0.03201888129115105,1.0028021335601807,,,
,,,,,,,41000.0,40000.0,90.0
256.634,-1.0343282222747803,0.21714209020137787,-0.5366638898849487,0.0653727725148201,0.03737403079867363,1.003165364265442,,,
,,,,,,,41000.0,40000.0,90.0
256.644,0.5391651391983032,-0.13417968153953552,0.014064262621104717,0.06663104891777039,0.031329408288002014,1.0065340995788574,,,
,,,,,,,41000.0,40000.0,90.0
256.654,-0.7765000462532043,0.2616015374660492,-0.22013510763645172,0.06617552042007446,0.03026825375854969,1.0012645721435547,,,
,,,,,,,41000.0,39000.0,90.0
256.664,-1.0289850234985352,-0.025939419865608215,-0.01009543240070343,0.06536945700645447,0.03529566526412964,1.0066086053848267,,,
,,,,,,,41000.0,39000.0,90.0
256.674,0.6614233255386353,-0.06780168414115906,0.3360923230648041,0.06526517122983932,0.030910687521100044,1.0008164644241333,,,
,,,,,,,41000.0,39000.0,90.0
256.684,0.5392478704452515,-0.335399329662323,-0.22469201683998108,0.0676979124546051,0.030083084478974342,1.0034184455871582,,,
,,,,,,,41000.0,39000.0,90.0
256.694,1.4915111064910889,-0.12151943892240524,0.06613267213106155,0.06785744428634644,0.03360094875097275,0.9966815114021301,,,
,,,,,,,41000.0,39000.0,90.0
256.704,-6.095198631286621,0.3241899907588959,-0.09007688611745834,0.06286235898733139,0.04272179678082466,1.0104939937591553,,,
,,,,,,,41000.0,39000.0,90.0
256.714,4.576279640197754,-0.33706578612327576,0.46798980236053467,0.06425438076257706,0.018544213846325874,1.0022540092468262,,,
,,,,,,,41000.0,39000.0,90.0
256.724,-2.181366443634033,0.5054217576980591,-0.4932080805301666,0.06402398645877838,0.033135708421468735,0.9958802461624146,,,
,,,,,,,41000.0,39000.0,90.0
256.734,1.3682246208190918,-0.4103766083717346,0.3557179570198059,0.06217525899410248,0.04331441968679428,1.0107628107070923,,,
,,,,,,,41000.0,39000.0,90.0
256.744,0.795698881149292,0.20450285077095032,-0.3442017138004303,0.06607959419488907,0.022268634289503098,0.9940010905265808,,,
,,,,,,,41000.0,38000.0,90.0
256.754,-1.8725589513778687,0.024218399077653885,-0.46056511998176575,0.0625627413392067,0.037144940346479416,1.007704734802246,,,
,,,,,,,40000.0,38000.0,90.0
256.764,2.128865957260132,-0.4428079128265381,0.6242756843566895,0.06165822222828865,0.035792749375104904,1.005346655845642,,,
,,,,,,,40000.0,38000.0,90.0
256.774,-3.501185894012451,0.4553316533565521,-0.5028752684593201,0.06483262032270432,0.029110673815011978,0.9982494115829468,,,
,,,,,,,40000.0,38000.0,90.0
256.784,3.5291953086853027,-1.276265025138855,0.3856140971183777,0.066595658659935,0.032187364995479584,1.0086787939071655,,,
,,,,,,,40000.0,38000.0,90.0
256.794,0.1369672268629074,1.403077483177185,0.021079976111650467,0.06602826714515686,0.029651839286088943,0.9884762763977051,,,
,,,,,,,40000.0,38000.0,90.0
256.804,-6.030580997467041,-0.0876658484339714,-0.10462599247694016,0.06320096552371979,0.047733187675476074,1.014425277709961,,,
,,,,,,,40000.0,38000.0,90.0
256.814,4.093576908111572,-0.9111113548278809,0.40365657210350037,0.06557398289442062,0.019633157178759575,1.0069504976272583,,,
,,,,,,,40000.0,38000.0,90.0
256.824,-1.7619879245758057,0.4623345136642456,-0.6324834823608398,0.06916455179452896,0.02623966708779335,0.9912928342819214,,,
,,,,,,,40000.0,38000.0,90.0
256.834,2.446551561355591,-0.4719744622707367,0.4299606382846832,0.06582561880350113,0.04975856468081474,1.0100737810134888,,,
,,,,,,,40000.0,37000.0,90.0
256.844,0.30051836371421814,0.2704455256462097,0.02101452648639679,0.06520258635282516,0.026919234544038773,0.9938634634017944,,,
,,,,,,,40000.0,37000.0,90.0
256.854,-1.8321725130081177,0.4272157549858093,-0.3008534014225006,0.06273903697729111,0.03273247927427292,1.0090341567993164,,,
,,,,,,,40000.0,37000.0,90.0
256.864,2.6499454975128174,-0.6975785493850708,0.25349846482276917,0.0632886290550232,0.033791683614254,1.009197473526001,,,
,,,,,,,40000.0,37000.0,90.0
256.874,-3.3437442779541016,0.5296417474746704,-0.3887217044830322,0.06738835573196411,0.030680568888783455,0.9889854788780212,,,
,,,,,,,40000.0,37000.0,90.0
256.884,-2.588182210922241,-0.013782368041574955,0.2313685566186905,0.06327145546674728,0.04207463935017586,1.011907935142517,,,
,,,,,,,40000.0,37000.0,90.0
256.894,2.850748062133789,-0.5962770581245422,0.20927253365516663,0.06415191292762756,0.017819426953792572,1.000390887260437,,,
,,,,,,,40000.0,37000.0,90.0
256.904,-0.5882119536399841,-0.057951007038354874,-0.49980199337005615,0.0647691860795021,0.02965802699327469,1.0043537616729736,,,
,,,,,,,40000.0,37000.0,90.0
256.914,3.616215467453003,-0.6989604234695435,0.10012071579694748,0.06325894594192505,0.038684163242578506,1.0041242837905884,,,
,,,,,,,40000.0,36000.0,90.0
256.924,-1.9479060173034668,0.5451455116271973,-0.22995780408382416,0.06652215868234634,0.03267136961221695,0.9915934205055237,,,
,,,,,,,39000.0,36000.0,90.0
256.934,0.400265097618103,-0.14952827990055084,-0.033015087246894836,0.06349584460258484,0.03693518042564392,1.0094853639602661,,,
,,,,,,,39000.0,36000.0,90.0
256.944,0.03996924310922623,-0.6046504974365234,-0.2847927212715149,0.06636561453342438,0.027984097599983215,1.0026816129684448,,,
,,,,,,,39000.0,36000.0,90.0
256.954,-3.775906562805176,0.14280065894126892,0.029711561277508736,0.06416302919387817,0.03361273184418678,1.0009033679962158,,,
,,,,,,,39000.0,36000.0,90.0
256.964,0.3302546739578247,-0.48269712924957275,0.3909326493740082,0.06212187930941582,0.031188907101750374,1.0087316036224365,,,
,,,,,,,39000.0,36000.0,90.0
256.974,3.3654816150665283,0.10157860815525055,-0.005947561003267765,0.06771934777498245,0.0207939762622118,0.9947412014007568,,,
,,,,,,,39000.0,36000.0,90.0
256.984,-0.9757248163223267,0.15509460866451263,-0.5585013628005981,0.06506805121898651,0.04220855236053467,1.0062763690948486,,,
,,,,,,,39000.0,36000.0,90.0
256.994,2.9399023056030273,-1.0250394344329834,0.21237176656723022,0.06594371050596237,0.03849051520228386,1.0036929845809937,,,
,,,,,,,39000.0,36000.0,90.0
257.004,-3.2153964042663574,0.38286128640174866,-0.7830300331115723,0.06737706810235977,0.027872804552316666,0.9974673390388489,,,
,,,,,,,39000.0,36000.0,90.0
257.014,1.5974042415618896,-0.16098235547542572,0.2400183379650116,0.06342650204896927,0.034483086317777634,1.010427474975586,,,
,,,,,,,38000.0,36000.0,90.0
257.024,-2.8737375736236572,-0.04778242111206055,0.033552106469869614,0.06187715381383896,0.03461766988039017,1.0062657594680786,,,
,,,,,,,38000.0,36000.0,90.0
257.035,1.6396496295928955,-0.3302825093269348,-0.38003993034362793,0.06513091176748276,0.028541434556245804,1.0025444030761719,,,
,,,,,,,38000.0,36000.0,90.0
257.044,0.40760862827301025,-0.3253052532672882,-0.15999704599380493,0.06717829406261444,0.033843744546175,1.0002156496047974,,,
,,,,,,,38000.0,36000.0,90.0
257.054,1.6606327295303345,0.13279606401920319,0.10031278431415558,0.06750185042619705,0.03163882717490196,0.9995402097702026,,,
,,,,,,,38000.0,36000.0,90.0
257.064,0.09620431810617447,-0.1355484426021576,-0.4427853226661682,0.06774043291807175,0.029572179540991783,1.0040318965911865,,,
,,,,,,,38000.0,36000.0,90.0
257.074,-1.1123030185699463,-0.3921228349208832,-0.4565611779689789,0.06506209075450897,0.03525330498814583,1.0043225288391113,,,
,,,,,,,38000.0,36000.0,90.0
257.084,-0.5761094093322754,0.2300684154033661,-0.030863935127854347,0.06762422621250153,0.03099191188812256,0.999509334564209,,,
,,,,,,,38000.0,36000.0,90.0
257.094,0.02227557636797428,0.12339980155229568,-0.04444913938641548,0.06545329838991165,0.03298107907176018,1.0029832124710083,,,
,,,,,,,38000.0,35000.0,90.0
257.104,-0.06361730396747589,-0.05546193942427635,-0.20386581122875214,0.06605292856693268,0.03407958149909973,1.0065889358520508,,,
,,,,,,,38000.0,35000.0,90.0
257.114,0.4217727780342102,-0.5397281050682068,-0.14747557044029236,0.0640585720539093,0.030234694480895996,1.0077210664749146,,,
,,,,,,,38000.0,35000.0,90.0
257.124,1.7665742635726929,-0.6154196858406067,-0.3444187045097351,0.06619606167078018,0.02806774154305458,1.0019866228103638,,,
,,,,,,,38000.0,35000.0,90.0
257.134,-0.3811360001564026,0.03418731689453125,-0.1656501442193985,0.06568058580160141,0.03637595847249031,0.9947150945663452,,,
,,,,,,,38000.0,35000.0,90.0
257.144,-4.8993330001831055,0.46473655104637146,0.007961457595229149,0.0636679083108902,0.04139048606157303,1.0076848268508911,,,
,,,,,,,38000.0,35000.0,90.0
257.154,1.7507799863815308,-0.07007712870836258,0.10836298018693924,0.06268185377120972,0.01843281462788582,1.0072789192199707,,,
,,,,,,,38000.0,35000.0,90.0
257.164,-0.24470099806785583,-0.15703684091567993,-0.2020009607076645,0.06599126011133194,0.027369661256670952,1.0019694566726685,,,
,,,,,,,38000.0,35000.0,90.0
257.174,2.7438712120056152,-0.3327174484729767,0.4838660955429077,0.06568291038274765,0.03945101425051689,1.005247712135315,,,
,,,,,,,38000.0,35000.0,90.0
257.184,0.2963657081127167,-0.04200372099876404,-0.09347764402627945,0.06748807430267334,0.03180554881691933,0.9962246417999268,,,
,,,,,,,38000.0,35000.0,90.0
257.194,-0.5533402562141418,0.027977799996733665,-0.29493391513824463,0.06641016900539398,0.035916849970817566,1.0023784637451172,,,
,,,,,,,38000.0,35000.0,90.0
257.204,-1.247715711593628,-0.3329266607761383,0.0029952158220112324,0.06319135427474976,0.036782946437597275,1.0051223039627075,,,
,,,,,,,38000.0,35000.0,90.0
257.214,-1.3310188055038452,0.0830620676279068,-0.020444413647055626,0.06401097774505615,0.02782200649380684,1.0005115270614624,,,
,,,,,,,38000.0,35000.0,90.0
257.224,0.8980435132980347,-0.12482671439647675,-0.061807114630937576,0.0627690777182579,0.03289596363902092,1.0030189752578735,,,
,,,,,,,38000.0,35000.0,90.0
257.234,0.23773235082626343,0.04775726795196533,0.047168705612421036,0.06492115557193756,0.03411458432674408,1.0001392364501953,,,
,,,,,,,38000.0,35000.0,90.0
257.244,1.025403380393982,-0.11874766647815704,-0.2472531944513321,0.06460093706846237,0.03120773658156395,1.0040487051010132,,,
,,,,,,,38000.0,35000.0,90.0
257.254,0.26338058710098267,0.03885543346405029,0.046175766736269,0.06694220006465912,0.03085886500775814,1.0045256614685059,,,
,,,,,,,38000.0,35000.0,90.0
257.264,-0.9453713893890381,-0.6357682943344116,-0.27620455622673035,0.06548502296209335,0.036027904599905014,1.0043821334838867,,,
,,,,,,,38000.0,35000.0,90.0
257.274,-0.6216515898704529,-0.1758943796157837,-0.2056204378604889,0.065493643283844,0.030536489561200142,1.0014957189559937,,,
,,,,,,,38000.0,35000.0,90.0
257.284,-0.5922156572341919,-0.12474852055311203,-0.3462982773780823,0.06532946228981018,0.03423818200826645,1.0005030632019043,,,
,,,,,,,38000.0,35000.0,90.0
257.294,0.31856769323349,-0.1512739360332489,0.10615947097539902,0.06522701680660248,0.03443805128335953,1.007132649421692,,,
,,,,,,,38000.0,35000.0,90.0
257.304,0.7774620056152344,-0.17972023785114288,-0.18970702588558197,0.0662718340754509,0.030674956738948822,1.0059425830841064,,,
,,,,,,,38000.0,35000.0,90.0
257.314,0.7650800347328186,-0.1199042797088623,-0.08507958054542542,0.06455307453870773,0.03402138128876686,1.0053634643554688,,,
,,,,,,,38000.0,35000.0,90.0
257.324,-0.27703848481178284,-0.10209686309099197,-0.009021987207233906,0.06418933719396591,0.03409852087497711,1.000770092010498,,,
,,,,,,,38000.0,35000.0,90.0
257.334,-0.8180643320083618,0.045316945761442184,0.09019913524389267,0.06568504124879837,0.03190923109650612,0.9986484050750732,,,
,,,,,,,38000.0,35000.0,90.0
257.344,-0.6093491911888123,0.16728739440441132,-0.19597846269607544,0.06528233736753464,0.03155604749917984,1.0030730962753296,,,
,,,,,,,38000.0,35000.0,90.0
257.354,-0.09586245566606522,-0.13768556714057922,0.14840629696846008,0.06482300162315369,0.031008854508399963,1.0049718618392944,,,
,,,,,,,38000.0,35000.0,90.0
257.364,0.6564620733261108,-0.07817266881465912,0.0522327646613121,0.06650661677122116,0.03320218622684479,1.004925012588501,,,
,,,,,,,38000.0,35000.0,90.0
257.374,0.3837384581565857,-0.24337419867515564,-0.04729693382978439,0.06625682860612869,0.03471729904413223,1.0018181800842285,,,
,,,,,,,38000.0,32767.0,90.0
257.384,-0.010639308951795101,-0.3384338617324829,-0.027709631249308586,0.06429258733987808,0.03290648013353348,0.9992717504501343,,,
,,,,,,,38000.0,32767.0,90.0
257.394,-0.21792051196098328,-0.04206514731049538,-0.26422402262687683,0.06478962302207947,0.030725209042429924,0.9999818801879883,,,
,,,,,,,38000.0,32767.0,90.0
257.404,3.0593605041503906,-0.19130487740039825,-0.36004483699798584,0.06402508914470673,0.024442225694656372,1.0057238340377808,,,
,,,,,,,38000.0,32767.0,90.0
257.414,-2.305727005004883,0.569635808467865,-0.02825525403022766,0.062496770173311234,0.04119749739766121,0.9988004565238953,,,
,,,,,,,38000.0,32767.0,90.0
257.424,-4.474714279174805,0.3994005620479584,0.057429760694503784,0.06372638791799545,0.03658416122198105,1.0180217027664185,,,
,,,,,,,38000.0,32767.0,90.0
257.434,3.0792062282562256,-0.29615113139152527,0.5554602146148682,0.06574469804763794,0.011784260161221027,0.9959118366241455,,,
,,,,,,,38000.0,32767.0,90.0
257.444,-3.0118987560272217,0.04903201386332512,-0.790515661239624,0.06507883220911026,0.03647083044052124,1.0074450969696045,,,
,,,,,,,38000.0,32767.0,90.0
257.454,7.566925048828125,-0.8652105331420898,0.6953295469284058,0.06286062300205231,0.034964680671691895,0.9976476430892944,,,
,,,,,,,38000.0,32767.0,90.0
257.464,-3.5112617015838623,0.4702241122722626,-0.8574605584144592,0.0675060898065567,0.03228996694087982,0.992636501789093,,,
,,,,,,,38000.0,32767.0,90.0
257.474,2.924494743347168,-0.3599739372730255,0.2652077078819275,0.06205512210726738,0.03759384900331497,1.0063527822494507,,,
,,,,,,,38000.0,32767.0,90.0
257.484,-4.170664310455322,0.008845758624374866,-0.06982799619436264,0.06645268201828003,0.031907472759485245,1.008823275566101,,,
,,,,,,,38000.0,32767.0,90.0
257.494,0.35150936245918274,-0.2951304316520691,0.19363632798194885,0.06546622514724731,0.025380747392773628,1.0075510740280151,,,
,,,,,,,38000.0,32767.0,90.0
257.504,-0.2575159966945648,-0.3833666443824768,0.03583695366978645,0.06592657417058945,0.031485021114349365,1.0006353855133057,,,
,,,,,,,38000.0,32767.0,90.0
257.514,0.1283419132232666,0.19669543206691742,-0.024307439103722572,0.06326152384281158,0.03498592600226402,0.9948881268501282,,,
,,,,,,,38000.0,32767.0,90.0
257.524,1.9593528509140015,-0.17042651772499084,-0.38032859563827515,0.06512421369552612,0.032037101686000824,0.9997695684432983,,,
,,,,,,,38000.0,32767.0,90.0
257.534,0.21900030970573425,-0.07294004410505295,0.060797013342380524,0.06337512284517288,0.031427428126335144,1.004762053489685,,,
,,,,,,,38000.0,32767.0,90.0
257.544,-0.20949189364910126,-0.1754666119813919,0.11157242953777313,0.06550680100917816,0.03187448903918266,1.0092754364013672,,,
,,,,,,,38000.0,32767.0,90.0
257.554,-1.306577444076538,-0.16025440394878387,-0.16200074553489685,0.06728140264749527,0.034126147627830505,1.000239372253418,,,
,,,,,,,38000.0,32767.0,90.0
257.564,-1.0586272478103638,-0.017651906237006187,-0.23527121543884277,0.06523600965738297,0.03413447365164757,1.0015439987182617,,,
,,,,,,,38000.0,32767.0,90.0
257.574,0.301455557346344,-0.09515801072120667,0.19129621982574463,0.06395366042852402,0.030254671350121498,1.0030111074447632,,,
,,,,,,,38000.0,32767.0,90.0
257.584,1.041536569595337,-0.15200607478618622,-0.028538454324007034,0.06488994508981705,0.02585241012275219,1.0056746006011963,,,
,,,,,,,38000.0,32767.0,90.0
257.594,1.0658305883407593,-0.6262404322624207,-0.06648099422454834,0.06728687882423401,0.03319252282381058,1.0059919357299805,,,
,,,,,,,38000.0,32767.0,90.0
257.604,-0.20418794453144073,-0.26596713066101074,-0.13070210814476013,0.06608978658914566,0.03530033305287361,0.9992460608482361,,,
,,,,,,,38000.0,32767.0,90.0
257.614,-0.7210478782653809,-0.06508973985910416,-0.06196904182434082,0.06600113213062286,0.033838409930467606,1.0011059045791626,,,
,,,,,,,38000.0,32767.0,90.0
257.624,-1.0673668384552002,0.12599748373031616,0.06971906125545502,0.06443149596452713,0.03176471218466759,1.0027586221694946,,,
,,,,,,,38000.0,32767.0,90.0
257.634,-0.41937190294265747,-0.21319323778152466,-0.027996068820357323,0.06580206006765366,0.02832995541393757,1.0044686794281006,,,
,,,,,,,38000.0,32767.0,90.0
257.644,0.7092180252075195,-0.25181844830513,0.04679229110479355,0.06374067813158035,0.030442677438259125,1.0032169818878174,,,
,,,,,,,38000.0,32767.0,90.0
257.654,0.6224046945571899,-0.06540653109550476,-0.10913355648517609,0.0631060004234314,0.03490915894508362,1.0025650262832642,,,
,,,,,,,38000.0,32767.0,90.0
257.664,0.4752839207649231,0.17879456281661987,0.02628975175321102,0.06607545167207718,0.03318779170513153,1.0026013851165771,,,
,,,,,,,38000.0,32767.0,90.0
257.674,-0.462947279214859,-0.1356348842382431,-0.353020042181015,0.0675492137670517,0.03303137049078941,1.0033706426620483,,,
,,,,,,,38000.0,32767.0,90.0
257.684,-0.7240493893623352,-0.11510861665010452,-0.07630056142807007,0.06641088426113129,0.03239636868238449,1.0051665306091309,,,
,,,,,,,38000.0,32767.0,90.0
257.694,-0.6201856732368469,-0.3277340829372406,-0.0343472920358181,0.06497827172279358,0.03069603256881237,1.0039652585983276,,,
,,,,,,,38000.0,32767.0,90.0
257.704,0.24495753645896912,0.3236158490180969,-0.07420925050973892,0.06685922294855118,0.030827444046735764,1.0015485286712646,,,
,,,,,,,38000.0,32767.0,90.0
257.714,0.8544225692749023,0.11789312958717346,-0.21528668701648712,0.06686513870954514,0.030531473457813263,1.001995325088501,,,
,,,,,,,38000.0,32767.0,90.0
257.724,0.41889554262161255,-0.20287959277629852,0.15526238083839417,0.06409348547458649,0.03031347319483757,1.003395915031433,,,
,,,,,,,38000.0,32767.0,90.0
257.734,-0.2016763687133789,-0.11109554767608643,-0.15314574539661407,0.06140487268567085,0.03192907199263573,1.002200961112976,,,
,,,,,,,38000.0,32767.0,90.0
257.744,-0.6344022750854492,0.17222337424755096,-0.08309370279312134,0.06446778774261475,0.03510584309697151,1.0015009641647339,,,
,,,,,,,38000.0,32767.0,90.0
257.754,-0.46042555570602417,0.17780916392803192,-0.11196224391460419,0.06488364934921265,0.03500066697597504,1.0029325485229492,,,
,,,,,,,38000.0,32767.0,90.0
257.764,-0.260761022567749,-0.24248501658439636,-0.09322335571050644,0.06296588480472565,0.03129512816667557,1.0029661655426025,,,
,,,,,,,38000.0,32767.0,90.0
257.774,0.7662909030914307,0.05498839542269707,0.0010477392934262753,0.06529348343610764,0.031162705272436142,1.0042428970336914,,,
,,,,,,,38000.0,32767.0,90.0
257.784,0.33543655276298523,-0.41474685072898865,-0.18873336911201477,0.06410446017980576,0.03321298584342003,1.00372314453125,,,
,,,,,,,38000.0,32767.0,90.0
257.794,-0.0797763541340828,-0.3004869520664215,-0.10610310733318329,0.06142441928386688,0.035185638815164566,1.0024245977401733,,,
,,,,,,,38000.0,32767.0,90.0
257.804,-0.43704161047935486,-0.2866525948047638,-0.27858901023864746,0.0629955381155014,0.03545466437935829,1.0006054639816284,,,
,,,,,,,38000.0,32767.0,90.0
257.814,-0.5186034440994263,0.12447340786457062,-0.13333475589752197,0.06574873626232147,0.031228162348270416,1.0030336380004883,,,
,,,,,,,38000.0,32767.0,90.0
257.824,-0.005597423762083054,-0.07007840275764465,-0.14845986664295197,0.06450159847736359,0.02980552799999714,1.0037720203399658,,,
,,,,,,,38000.0,32767.0,90.0
257.834,0.31356778740882874,-0.006790900602936745,0.0732092335820198,0.06375834345817566,0.03226272389292717,1.0018627643585205,,,
,,,,,,,38000.0,32767.0,90.0
257.844,0.3537193238735199,-0.21739111840724945,-0.035480380058288574,0.06496421247720718,0.03428281471133232,1.0026768445968628,,,
,,,,,,,38000.0,32767.0,90.0
257.854,0.0661863163113594,-0.14243590831756592,-0.33385375142097473,0.06497438997030258,0.03074834682047367,1.0052363872528076,,,
,,,,,,,38000.0,32767.0,90.0
257.864,-0.36904722452163696,-0.23838907480239868,-0.3118019998073578,0.06645442545413971,0.033841684460639954,1.0044965744018555,,,
,,,,,,,38000.0,32767.0,90.0
257.874,-0.39657196402549744,-0.12916477024555206,-0.28319546580314636,0.06551526486873627,0.035507652908563614,1.0036156177520752,,,
,,,,,,,38000.0,30000.0,90.0
257.884,-0.34719133377075195,-0.22952069342136383,0.1059441789984703,0.06478970497846603,0.030429262667894363,1.0051437616348267,,,
,,,,,,,38000.0,30000.0,90.0
257.894,0.014669346623122692,-0.10318164527416229,0.12308350950479507,0.06611894816160202,0.029912732541561127,1.0081744194030762,,,
,,,,,,,38000.0,30000.0,90.0
257.904,5.1233673095703125,-0.23928536474704742,-0.08620582520961761,0.0655665248632431,0.022438140586018562,0.9982255697250366,,,
,,,,,,,38000.0,30000.0,90.0
257.914,-2.9403841495513916,0.3034614622592926,-0.5863626599311829,0.06303364038467407,0.04291890561580658,0.9892016649246216,,,
,,,,,,,38000.0,30000.0,90.0
257.924,-7.83221435546875,0.6616186499595642,0.15001191198825836,0.06136041879653931,0.045689161866903305,1.0178918838500977,,,
,,,,,,,38000.0,30000.0,90.0
257.934,4.466098308563232,-0.6715261936187744,0.3691014349460602,0.06449440866708755,0.003317521419376135,1.0032873153686523,,,
,,,,,,,38000.0,30000.0,90.0
257.944,-0.9978924989700317,0.712973952293396,-1.029601812362671,0.0673108622431755,0.02654411643743515,1.0021158456802368,,,
,,,,,,,38000.0,30000.0,90.0
257.954,5.186630725860596,-1.0571504831314087,0.6175633072853088,0.06498274952173233,0.04981791228055954,1.0036123991012573,,,
,,,,,,,38000.0,30000.0,90.0
257.964,-1.0546841621398926,0.3449177145957947,-0.25377458333969116,0.06906738877296448,0.02787696197628975,0.9903755187988281,,,
,,,,,,,38000.0,30000.0,90.0
257.974,-0.2704777419567108,0.3049907684326172,-0.20703041553497314,0.06159206107258797,0.03173808753490448,1.0090265274047852,,,
,,,,,,,38000.0,30000.0,90.0
257.984,-1.395709753036499,-0.11841081827878952,0.6624545454978943,0.0615062415599823,0.037616994231939316,1.012580394744873,,,
,,,,,,,38000.0,30000.0,90.0
257.994,-2.31230092048645,-0.27128225564956665,-0.006591049954295158,0.06292814761400223,0.02723267674446106,1.0030254125595093,,,
,,,,,,,38000.0,30000.0,90.0
258.004,1.8526588678359985,-0.09214598685503006,-0.04858315363526344,0.06447388231754303,0.03138217702507973,0.9987651109695435,,,
,,,,,,,38000.0,30000.0,90.0
258.014,-0.9854269623756409,0.2933766841888428,-0.15254034101963043,0.06624583899974823,0.0396265909075737,0.9975987672805786,,,
,,,,,,,38000.0,30000.0,90.0
258.024,2.6971230506896973,-0.02971724048256874,0.04173845797777176,0.06538385897874832,0.02762206457555294,1.0028839111328125,,,
,,,,,,,38000.0,30000.0,90.0
258.034,0.6055114269256592,-0.00898849405348301,-0.28346672654151917,0.06490309536457062,0.02996617741882801,1.0076978206634521,,,
,,,,,,,38000.0,30000.0,90.0
258.044,-1.0304595232009888,0.08621901273727417,0.19557039439678192,0.06349565088748932,0.04061178117990494,1.005050778388977,,,
,,,,,,,38000.0,29000.0,90.0
258.054,-1.4295918941497803,0.04205833002924919,-0.08493362367153168,0.06421776115894318,0.03205178678035736,0.9957153797149658,,,
,,,,,,,38000.0,29000.0,90.0
258.064,-1.112453579902649,0.08228936791419983,-0.1314954310655594,0.06538871675729752,0.029442105442285538,0.9981244802474976,,,
,,,,,,,38000.0,29000.0,90.0
258.074,0.8953057527542114,-0.37617793679237366,0.12700510025024414,0.06375382095575333,0.03208528459072113,1.0061002969741821,,,
,,,,,,,38000.0,29000.0,90.0
258.084,2.7315642833709717,-0.018145015463232994,-0.1596367359161377,0.062230490148067474,0.025824042037129402,1.005198359489441,,,
,,,,,,,38000.0,29000.0,90.0
258.094,-0.22174446284770966,-0.0986122265458107,-0.34112924337387085,0.06489747762680054,0.03709450364112854,1.0011988878250122,,,
,,,,,,,38000.0,29000.0,90.0
258.104,-1.6729345321655273,0.024586543440818787,-0.026057982817292213,0.06463003903627396,0.037039294838905334,1.004820704460144,,,
,,,,,,,38000.0,29000.0,90.0
258.114,0.014603786170482635,0.06944264471530914,0.021203216165304184,0.06704763323068619,0.02515617571771145,0.9988176822662354,,,
,,,,,,,38000.0,29000.0,90.0
258.124,-0.6980752348899841,0.16972370445728302,0.0783902257680893,0.06627920269966125,0.03179478272795677,1.007938265800476,,,
,,,,,,,38000.0,29000.0,90.0
258.134,0.895327627658844,-0.4976235628128052,-0.059852030128240585,0.0638139396905899,0.033494386821985245,1.0044456720352173,,,
,,,,,,,38000.0,29000.0,90.0
258.144,0.8046123385429382,-0.10344056040048599,-0.17868348956108093,0.06313081830739975,0.0296678077429533,0.9968081116676331,,,
,,,,,,,38000.0,29000.0,90.0
258.154,0.7101653814315796,-0.19598524272441864,-0.11416061967611313,0.06486918777227402,0.03807290643453598,1.0046508312225342,,,
,,,,,,,38000.0,29000.0,90.0
258.164,-1.2913216352462769,-0.31179866194725037,-0.05604292452335358,0.06630502641201019,0.03882188722491264,1.0060511827468872,,,
,,,,,,,38000.0,29000.0,90.0
258.174,-0.9166211485862732,0.268202006816864,-0.029640471562743187,0.06506039947271347,0.03049280308187008,1.0051606893539429,,,
,,,,,,,38000.0,29000.0,90.0
258.184,-0.09525375068187714,0.018418947234749794,0.04090731963515282,0.0656827911734581,0.03337707743048668,1.0017175674438477,,,
,,,,,,,38000.0,29000.0,90.0
258.194,0.00450887531042099,-0.2193944752216339,0.09230837970972061,0.06656786054372787,0.03332352638244629,1.0031235218048096,,,
,,,,,,,38000.0,29000.0,90.0
258.204,1.0197800397872925,-0.08480627834796906,-0.03374612331390381,0.06789715588092804,0.028278831392526627,1.0043127536773682,,,
,,,,,,,38000.0,29000.0,90.0
258.214,0.2045467346906662,-0.34778493642807007,-0.08266635984182358,0.06691580265760422,0.03167435899376869,1.0037214756011963,,,
,,,,,,,38000.0,29000.0,90.0
258.224,-0.054983921349048615,0.07238641381263733,0.16606345772743225,0.06567518413066864,0.03355040028691292,1.0026229619979858,,,
,,,,,,,38000.0,27000.0,90.0
258.234,-0.5584359169006348,0.10189329087734222,-0.19324424862861633,0.06494598835706711,0.03028174862265587,0.9993185997009277,,,
,,,,,,,38000.0,27000.0,90.0
258.244,-0.6864583492279053,-0.07474377006292343,-0.18661747872829437,0.06601456552743912,0.03277648612856865,1.0050239562988281,,,
,,,,,,,38000.0,27000.0,90.0
258.254,0.23435860872268677,-0.21262125670909882,-0.06630311906337738,0.06393496692180634,0.030758559703826904,1.0058172941207886,,,
,,,,,,,38000.0,27000.0,90.0
258.264,4.072534084320068,-0.16877752542495728,-0.14132757484912872,0.06667139381170273,0.02253137342631817,1.0007197856903076,,,
,,,,,,,38000.0,27000.0,90.0
258.274,-2.6579978466033936,0.27861422300338745,-0.09707146883010864,0.06597793847322464,0.04199199751019478,0.9959885478019714,,,
,,,,,,,38000.0,27000.0,90.0
258.284,-4.461099624633789,-0.14451301097869873,0.013988150283694267,0.06267879158258438,0.04148981347680092,1.01125967502594,,,
,,,,,,,38000.0,27000.0,90.0
258.294,1.9021438360214233,-0.20063184201717377,0.036607950925827026,0.0674634650349617,0.014563506469130516,1.0006521940231323,,,
,,,,,,,38000.0,27000.0,90.0
258.304,0.7468954920768738,0.4103739559650421,-0.4730602204799652,0.06595975905656815,0.028783615678548813,1.0041338205337524,,,
,,,,,,,38000.0,27000.0,90.0
258.314,2.4813249111175537,-0.9940370917320251,0.5487139225006104,0.06571216136217117,0.041684750467538834,1.0063775777816772,,,
,,,,,,,38000.0,27000.0,90.0
258.324,-0.3044362962245941,0.050804588943719864,-0.5915762186050415,0.06745296716690063,0.02726317197084427,0.9927322864532471,,,
,,,,,,,38000.0,27000.0,90.0
258.334,-0.7317526340484619,0.12255439162254333,-0.2848989963531494,0.0655994638800621,0.03321438282728195,1.0043690204620361,,,
,,,,,,,38000.0,27000.0,90.0
258.344,-1.173011302947998,-0.07096245139837265,0.3298863470554352,0.06532313674688339,0.03424741327762604,1.0080088376998901,,,
,,,,,,,38000.0,27000.0,90.0
258.354,-1.0693435668945312,-0.2590753436088562,-0.22132275998592377,0.06854113191366196,0.027246318757534027,1.0043203830718994,,,
,,,,,,,38000.0,27000.0,90.0
258.364,1.038515567779541,-0.6055611968040466,-0.030573775991797447,0.06536702066659927,0.03229996934533119,0.9992451667785645,,,
,,,,,,,38000.0,27000.0,90.0
258.374,-0.1160862073302269,-0.08413789421319962,-0.040601201355457306,0.0634259507060051,0.03539973497390747,1.0018686056137085,,,
,,,,,,,38000.0,27000.0,90.0
258.384,1.651269555091858,-0.2251623272895813,0.054271943867206573,0.061653655022382736,0.02863462269306183,1.003085732460022,,,
,,,,,,,38000.0,27000.0,90.0
258.394,-0.19939734041690826,0.16691094636917114,-0.08666715025901794,0.0642957091331482,0.03259928151965141,1.005601167678833,,,
,,,,,,,38000.0,25000.0,90.0
258.404,-1.1712994575500488,-0.5164174437522888,-0.35064375400543213,0.06579846143722534,0.03735850751399994,1.007422924041748,,,
,,,,,,,38000.0,25000.0,90.0
258.414,-0.4997970163822174,-0.3113592565059662,0.05558161064982414,0.06464477628469467,0.03311412036418915,1.0027883052825928,,,
,,,,,,,38000.0,25000.0,90.0
258.424,2.566701889038086,0.35119369626045227,-0.2629469037055969,0.06605114787817001,0.026441816240549088,1.0007227659225464,,,
,,,,,,,38000.0,25000.0,90.0
258.434,-3.217144250869751,0.058150287717580795,0.3213632106781006,0.06277338415384293,0.04510369524359703,1.00096595287323,,,
,,,,,,,38000.0,25000.0,90.0
258.444,-0.9683730602264404,-0.33354777097702026,0.35612282156944275,0.06282293051481247,0.03322353959083557,1.0082688331604004,,,
,,,,,,,38000.0,25000.0,90.0
258.454,1.3727562427520752,-0.45704713463783264,-0.1344444304704666,0.06429409980773926,0.020546121522784233,0.998110294342041,,,
,,,,,,,38000.0,25000.0,90.0
258.464,0.8235145807266235,0.10833825916051865,-0.14090856909751892,0.06550085544586182,0.03669577091932297,1.0036561489105225,,,
,,,,,,,38000.0,25000.0,90.0
258.474,1.4844735860824585,-0.15157191455364227,0.20255641639232635,0.06653996556997299,0.03706533461809158,1.0056579113006592,,,
,,,,,,,38000.0,25000.0,90.0
258.484,-0.77967369556427,0.6019068956375122,-0.1501990109682083,0.06797607243061066,0.027618780732154846,0.9991726279258728,,,
,,,,,,,38000.0,25000.0,90.0
258.494,-0.6784934997558594,-0.21016202867031097,-0.029294583946466446,0.06261449307203293,0.03567960858345032,1.0078774690628052,,,
,,,,,,,38000.0,25000.0,90.0
258.504,-1.2973613739013672,0.06817354261875153,0.02263534441590309,0.06497976928949356,0.029345111921429634,0.9974640607833862,,,
,,,,,,,38000.0,25000.0,90.0
258.514,0.36665812134742737,-0.14277522265911102,-0.4116704761981964,0.06673167645931244,0.025940487161278725,1.0013140439987183,,,
,,,,,,,38000.0,25000.0,90.0
258.524,0.299632728099823,-0.10229162871837616,0.12330647557973862,0.06401645392179489,0.03697654977440834,1.0041680335998535,,,
,,,,,,,38000.0,25000.0,90.0
258.534,0.6494842767715454,-0.19035027921199799,0.19442887604236603,0.0651339516043663,0.029431384056806564,1.0033833980560303,,,
,,,,,,,38000.0,25000.0,90.0
258.544,1.1789456605911255,-0.36344000697135925,-0.10029050707817078,0.06405534595251083,0.03040560521185398,1.001015067100525,,,
,,,,,,,38000.0,25000.0,90.0
258.554,-1.214360237121582,0.28903332352638245,-0.08635212481021881,0.06429130584001541,0.03746167570352554,1.0033416748046875,,,
,,,,,,,38000.0,25000.0,90.0
258.564,-0.40796470642089844,-0.24086976051330566,0.15229444205760956,0.06565815955400467,0.03213502839207649,1.000227451324463,,,
,,,,,,,38000.0,25000.0,90.0
258.574,-0.6585426926612854,-0.040937986224889755,-0.1749732494354248,0.06669152528047562,0.02759655751287937,1.0006144046783447,,,
,,,,,,,38000.0,25000.0,90.0
258.584,0.5670100450515747,-0.08616815507411957,-0.011778329499065876,0.06640158593654633,0.034005824476480484,1.005956768989563,,,
,,,,,,,38000.0,25000.0,90.0
258.594,0.7452915906906128,-0.3752092123031616,-0.10027817636728287,0.06552845239639282,0.03127950429916382,1.0032607316970825,,,
,,,,,,,38000.0,25000.0,90.0
258.604,0.4558410346508026,-0.005532376933842897,0.09634250402450562,0.06618089973926544,0.03130648657679558,1.0021713972091675,,,
,,,,,,,38000.0,25000.0,90.0
258.614,-0.18677864968776703,-0.03026730753481388,0.21181058883666992,0.06534325331449509,0.03560972586274147,1.0011793375015259,,,
,,,,,,,38000.0,25000.0,90.0
258.624,-1.2417908906936646,0.007255597971379757,-0.3003917634487152,0.06688112020492554,0.03447094187140465,1.0016883611679077,,,
,,,,,,,38000.0,25000.0,90.0
258.634,-0.18846522271633148,0.23237422108650208,-0.059614405035972595,0.06655102968215942,0.033577073365449905,1.00376558303833,,,
,,,,,,,38000.0,25000.0,90.0
258.644,-0.0449746698141098,-0.2099185734987259,-0.1036997139453888,0.06504595279693604,0.030647756531834602,1.0042839050292969,,,
,,,,,,,38000.0,25000.0,90.0
258.654,0.47598496079444885,-0.2941006124019623,0.029142897576093674,0.06422154605388641,0.02993384748697281,0.9994263648986816,,,
,,,,,,,38000.0,25000.0,90.0
258.664,0.6071624755859375,-0.20348039269447327,0.047782350331544876,0.06555365771055222,0.030840976163744926,1.0005931854248047,,,
,,,,,,,38000.0,25000.0,90.0
258.674,-0.29121455550193787,-0.00903491023927927,-0.043739646673202515,0.06541801244020462,0.03327717259526253,1.0029051303863525,,,
,,,,,,,38000.0,23000.0,90.0
258.684,-0.5877788066864014,-0.23932798206806183,-0.0390239842236042,0.06479738652706146,0.0314207598567009,1.0013136863708496,,,
,,,,,,,38000.0,23000.0,90.0
258.694,-0.7559875845909119,-0.29097649455070496,0.04651028662919998,0.06581363826990128,0.032548874616622925,1.0026133060455322,,,
,,,,,,,38000.0,23000.0,90.0
258.704,3.39082670211792,-0.09761381149291992,0.04516898840665817,0.06324797868728638,0.025255607441067696,0.9986886978149414,,,
,,,,,,,38000.0,23000.0,90.0
258.714,-2.4886670112609863,0.5556729435920715,-0.3758057653903961,0.06347732245922089,0.041371654719114304,0.9975467920303345,,,
,,,,,,,38000.0,23000.0,90.0
258.724,-1.7483117580413818,-0.16182853281497955,-0.06903674453496933,0.06413864344358444,0.03716585412621498,1.0065072774887085,,,
,,,,,,,38000.0,23000.0,90.0
258.734,-0.1584908813238144,-0.15915550291538239,-0.13804781436920166,0.06887740641832352,0.021248972043395042,1.0054019689559937,,,
,,,,,,,38000.0,23000.0,90.0
258.744,1.4551522731781006,0.06486187130212784,0.18022437393665314,0.06791991740465164,0.030604472383856773,1.0062726736068726,,,
,,,,,,,38000.0,23000.0,90.0
258.754,1.986528754234314,-0.5372001528739929,0.24243348836898804,0.06580063700675964,0.036771174520254135,1.0009888410568237,,,
,,,,,,,38000.0,20000.0,90.0
258.764,-0.26750296354293823,-0.11001058667898178,-0.41789788007736206,0.06617679446935654,0.03026791475713253,0.9937633872032166,,,
,,,,,,,38000.0,20000.0,90.0
258.774,-0.09928272664546967,0.21338504552841187,-0.013146239332854748,0.06601971387863159,0.0323696993291378,1.0041115283966064,,,
,,,,,,,38000.0,20000.0,90.0
258.784,1.5913158655166626,-0.018260184675455093,-0.19329823553562164,0.06403783708810806,0.02814016304910183,1.0072399377822876,,,
,,,,,,,38000.0,20000.0,90.0
258.794,-4.053332805633545,0.36694297194480896,-0.24059544503688812,0.06434881687164307,0.03511524200439453,1.0005908012390137,,,
,,,,,,,38000.0,20000.0,90.0
258.804,-2.4602153301239014,-0.5511372685432434,0.44950953125953674,0.06445683538913727,0.037245262414216995,1.0095109939575195,,,
,,,,,,,38000.0,20000.0,90.0
258.814,0.9189425706863403,-0.1402706801891327,-0.15289607644081116,0.06866949051618576,0.019696548581123352,1.0001121759414673,,,
,,,,,,,38000.0,20000.0,90.0
258.824,2.6716647148132324,-0.3401903212070465,-0.1720276176929474,0.0668860673904419,0.028649266809225082,1.0012128353118896,,,
,,,,,,,38000.0,20000.0,90.0
258.834,3.1157937049865723,-0.7134861946105957,0.18793630599975586,0.06544958055019379,0.0398796983063221,1.0049121379852295,,,
,,,,,,,38000.0,20000.0,90.0
258.844,-0.8689882755279541,0.23420225083827972,-0.31558966636657715,0.06561030447483063,0.033806346356868744,0.998986005783081,,,
,,,,,,,38000.0,19000.0,90.0
258.854,-0.8007969856262207,0.341422975063324,-0.010672125965356827,0.06195070594549179,0.03717951476573944,1.0063294172286987,,,
,,,,,,,39000.0,19000.0,90.0
258.864,-2.33729887008667,-0.0009300127858296037,0.30702322721481323,0.06518201529979706,0.03444696590304375,1.0084270238876343,,,
,,,,,,,39000.0,19000.0,90.0
258.874,-1.2674248218536377,-0.3227508068084717,0.16098009049892426,0.06699036061763763,0.026056429371237755,1.0013710260391235,,,
,,,,,,,39000.0,19000.0,90.0
258.884,2.908142328262329,-0.5580987334251404,0.02483469992876053,0.06403575092554092,0.028134798631072044,1.0001041889190674,,,
,,,,,,,39000.0,19000.0,90.0
258.894,-1.3538897037506104,0.13978317379951477,-0.44755318760871887,0.0650801733136177,0.037429917603731155,0.9955540299415588,,,
,,,,,,,39000.0,19000.0,90.0
258.904,1.774049997329712,-0.3717460632324219,0.1166120395064354,0.06538653373718262,0.03146635740995407,1.0032627582550049,,,
,,,,,,,39000.0,19000.0,90.0
258.914,-0.34794315695762634,0.2662529945373535,-0.07589253783226013,0.06668718159198761,0.027590785175561905,1.005859375,,,
,,,,,,,39000.0,19000.0,90.0
258.924,-0.9632113575935364,-0.2099023163318634,-0.14530949294567108,0.06645985692739487,0.03677220642566681,1.00584876537323,,,
,,,,,,,39000.0,19000.0,90.0
258.934,-0.09921689331531525,-0.3909258544445038,0.08864597231149673,0.06427952647209167,0.03232596814632416,1.0004149675369263,,,
,,,,,,,39000.0,17000.0,90.0
258.944,-0.8839939832687378,0.47014862298965454,-0.163832888007164,0.06320027261972427,0.03171475604176521,0.9999397993087769,,,
,,,,,,,39000.0,17000.0,90.0
258.954,1.576660394668579,-0.09547068178653717,0.18878117203712463,0.06506118923425674,0.03214292228221893,1.0054001808166504,,,
,,,,,,,39000.0,17000.0,90.0
258.964,3.2638261318206787,-0.19496126472949982,-0.43911710381507874,0.06446857005357742,0.0234439168125391,1.0028482675552368,,,
,,,,,,,39000.0,17000.0,90.0
258.974,-4.075277805328369,0.3266604244709015,-0.547398030757904,0.06525561213493347,0.042937636375427246,1.0054486989974976,,,
,,,,,,,39000.0,17000.0,90.0
258.984,-0.30395233631134033,-0.4584369957447052,0.5172852277755737,0.06296112388372421,0.03620278090238571,1.0043257474899292,,,
,,,,,,,39000.0,17000.0,90.0
258.994,-0.6561514735221863,0.2542942762374878,-0.33142995834350586,0.06610560417175293,0.023531490936875343,0.9975851774215698,,,
,,,,,,,39000.0,17000.0,90.0
259.004,1.4511231184005737,-0.5673105716705322,0.08955398201942444,0.06481130421161652,0.03542141243815422,1.00778329372406,,,
,,,,,,,39000.0,17000.0,90.0
259.014,1.548417568206787,-0.18257665634155273,0.03947732225060463,0.06414508074522018,0.03652598708868027,1.0012630224227905,,,
,,,,,,,39000.0,14000.0,90.0
259.024,-0.32783573865890503,0.2875305414199829,-0.39374038577079773,0.06801335513591766,0.030530450865626335,0.9973770976066589,,,
,,,,,,,40000.0,14000.0,90.0
259.034,-0.01672092080116272,-0.24414385855197906,0.10863436758518219,0.06595762819051743,0.038347434252500534,1.0036489963531494,,,
,,,,,,,40000.0,14000.0,90.0
259.044,1.9943927526474,-0.07828985899686813,-0.2677537500858307,0.06494148820638657,0.028996407985687256,1.0017437934875488,,,
,,,,,,,40000.0,14000.0,90.0
259.054,-4.7861433029174805,0.5430592894554138,-0.6257807016372681,0.06319744139909744,0.04002251848578453,0.9991239905357361,,,
,,,,,,,40000.0,14000.0,90.0
259.064,-2.1669631004333496,-0.17539659142494202,0.3929276764392853,0.061573997139930725,0.037839725613594055,1.009499192237854,,,
,,,,,,,40000.0,14000.0,90.0
259.074,1.0490918159484863,-0.5342877507209778,0.21140018105506897,0.06719253212213516,0.016008466482162476,1.0000391006469727,,,
,,,,,,,40000.0,14000.0,90.0
259.084,2.788869857788086,0.06170380860567093,0.1681276261806488,0.0690944492816925,0.029584752395749092,1.0011107921600342,,,
,,,,,,,40000.0,14000.0,90.0
259.094,2.010220527648926,-0.3209342062473297,-0.17010410130023956,0.06486597657203674,0.04321926459670067,1.0031687021255493,,,
,,,,,,,40000.0,14000.0,90.0
259.104,-0.3374686539173126,0.22119224071502686,-0.2912161350250244,0.06518292427062988,0.0336943157017231,1.0008267164230347,,,
,,,,,,,40000.0,12000.0,90.0
259.114,-1.4625275135040283,0.03834322467446327,-0.1732177436351776,0.06330940127372742,0.030892958864569664,1.0087088346481323,,,
,,,,,,,42000.0,12000.0,90.0
259.124,-1.428352952003479,-0.40102607011795044,0.21078765392303467,0.06127610430121422,0.03212350234389305,1.0097992420196533,,,
,,,,,,,42000.0,12000.0,90.0
259.134,-1.8426780700683594,0.06028088182210922,0.2607486844062805,0.0654836893081665,0.02676653489470482,1.0025993585586548,,,
,,,,,,,42000.0,12000.0,90.0
259.144,3.945046901702881,0.4144628643989563,-0.28556662797927856,0.060404300689697266,0.025834092870354652,0.997373640537262,,,
,,,,,,,42000.0,12000.0,90.0
259.154,-3.658475875854492,-0.3579994738101959,-0.6217820048332214,0.06891751289367676,0.043044984340667725,0.999389111995697,,,
,,,,,,,42000.0,12000.0,90.0
259.164,3.221529245376587,-0.3389245271682739,0.7381411194801331,0.06801848858594894,0.031007811427116394,1.0027787685394287,,,
,,,,,,,42000.0,12000.0,90.0
259.174,-1.075026512145996,0.37958210706710815,-0.30804675817489624,0.06655651330947876,0.02170264534652233,1.005804419517517,,,
,,,,,,,42000.0,12000.0,90.0
259.184,0.09948179125785828,0.08467843383550644,-0.11342908442020416,0.061493027955293655,0.03603450208902359,1.0152690410614014,,,
,,,,,,,42000.0,12000.0,90.0
259.194,-2.198528528213501,-0.39166682958602905,-0.39879101514816284,0.06361906975507736,0.034779276698827744,0.9970785975456238,,,
,,,,,,,42000.0,12000.0,90.0
259.204,0.6966091990470886,0.4261261820793152,-0.18473875522613525,0.06721337139606476,0.03011401928961277,0.9899582266807556,,,
,,,,,,,42000.0,11000.0,90.0
259.214,0.8589959144592285,0.07672610133886337,0.21629293262958527,0.06769991666078568,0.036403998732566833,1.0000929832458496,,,
,,,,,,,42000.0,11000.0,90.0
259.224,-0.29243168234825134,0.03515136241912842,-0.00350948772393167,0.06413035094738007,0.02927013859152794,1.0117506980895996,,,
,,,,,,,42000.0,11000.0,90.0
259.234,0.5906564593315125,-0.4378720819950104,-0.284252792596817,0.06359700113534927,0.027687743306159973,1.0087506771087646,,,
,,,,,,,42000.0,11000.0,90.0
259.244,1.042178988456726,0.2716239392757416,-0.5517197251319885,0.06378962099552155,0.03493151068687439,0.9962099194526672,,,
,,,,,,,42000.0,11000.0,90.0
259.254,-1.3866534233093262,-0.10800295323133469,-0.1614115983247757,0.06564171612262726,0.03980758413672447,0.9961338639259338,,,
,,,,,,,42000.0,11000.0,90.0
259.264,-0.8106932044029236,-0.3040216565132141,-0.11885667592287064,0.06528227031230927,0.030846383422613144,1.0044193267822266,,,
,,,,,,,42000.0,11000.0,90.0
259.274,-0.09503231942653656,0.3936619758605957,-0.004924905952066183,0.0656568855047226,0.026579586789011955,1.0087727308273315,,,
,,,,,,,42000.0,11000.0,90.0
259.284,0.2124752551317215,-0.3995647430419922,-0.0655537098646164,0.06502626091241837,0.03452548384666443,1.0063931941986084,,,
,,,,,,,42000.0,11000.0,90.0
259.294,1.7015968561172485,-0.5741627812385559,-0.09647242724895477,0.0648842453956604,0.03324725478887558,1.0004085302352905,,,
,,,,,,,42000.0,7000.0,90.0
259.304,-0.36917516589164734,0.013616764917969704,-0.22317270934581757,0.06653143465518951,0.03234971687197685,0.9988990426063538,,,
,,,,,,,43000.0,7000.0,90.0
259.314,-0.38893893361091614,-0.47939547896385193,-0.06697096675634384,0.06380775570869446,0.03307226672768593,1.006339192390442,,,
,,,,,,,43000.0,7000.0,90.0
259.324,3.84732985496521,0.10310866683721542,-0.2566703259944916,0.06495270878076553,0.02235999144613743,0.9990159869194031,,,
,,,,,,,43000.0,7000.0,90.0
259.334,-6.644970893859863,0.5695282816886902,-0.6160395741462708,0.06991136074066162,0.04738621786236763,0.9999816417694092,,,
,,,,,,,43000.0,7000.0,90.0
259.344,-0.7101491689682007,0.06961128860712051,0.5208260416984558,0.06370416283607483,0.03691750019788742,1.0079580545425415,,,
,,,,,,,43000.0,7000.0,90.0
259.354,1.4220693111419678,-0.378091037273407,-0.38560599088668823,0.06832955032587051,0.012551865540444851,0.9976820945739746,,,
,,,,,,,43000.0,7000.0,90.0
259.364,2.4477663040161133,-0.013209233991801739,-0.12896426022052765,0.06552016735076904,0.036082979291677475,1.0038779973983765,,,
,,,,,,,43000.0,7000.0,90.0
259.374,2.1840693950653076,-0.5219246745109558,0.022908134385943413,0.06211978569626808,0.04045795649290085,0.9995898604393005,,,
,,,,,,,43000.0,7000.0,90.0
259.384,-1.2501760721206665,0.8132839798927307,-0.5880150198936462,0.06608448177576065,0.031341422349214554,0.9968091249465942,,,
,,,,,,,43000.0,7000.0,90.0
259.394,-0.9864963889122009,-0.01583992876112461,0.349757581949234,0.06321807950735092,0.03823171183466911,1.0099022388458252,,,
,,,,,,,43000.0,4000.0,90.0
259.404,-1.638025164604187,-0.200872004032135,0.276919424533844,0.0632915198802948,0.028031738474965096,1.0057271718978882,,,
,,,,,,,43000.0,4000.0,90.0
259.414,0.041960474103689194,0.11002622544765472,-0.05643393471837044,0.06914839893579483,0.024016883224248886,1.0035632848739624,,,
,,,,,,,43000.0,4000.0,90.0
259.424,3.5343375205993652,-0.0012045465409755707,-0.002671262016519904,0.06797155737876892,0.030067654326558113,0.9981988668441772,,,
,,,,,,,43000.0,4000.0,90.0
259.434,-4.078498363494873,0.7357722520828247,-0.049170803278684616,0.06929364055395126,0.04420750215649605,0.9996851086616516,,,
,,,,,,,43000.0,4000.0,90.0
259.444,0.9187203049659729,-0.9978674054145813,0.29060250520706177,0.0662536546587944,0.028883937746286392,1.0074185132980347,,,
,,,,,,,43000.0,4000.0,90.0
259.454,-0.6029250621795654,0.2212149202823639,-0.24780209362506866,0.0659690648317337,0.02311563305556774,1.0041593313217163,,,
,,,,,,,43000.0,4000.0,90.0
259.464,0.4259398281574249,-0.23346133530139923,0.11145272850990295,0.0657477080821991,0.0385563038289547,1.0050934553146362,,,
,,,,,,,43000.0,4000.0,90.0
259.474,0.7988123893737793,-0.15055352449417114,0.03235640004277229,0.06372338533401489,0.034362390637397766,0.9967291951179504,,,
,,,,,,,43000.0,4000.0,90.0
259.484,0.07103365659713745,0.14934055507183075,-0.23278191685676575,0.06350458413362503,0.028020715340971947,1.0011823177337646,,,
,,,,,,,43000.0,4000.0,90.0
259.494,-0.06211606785655022,0.11376101523637772,-0.12594489753246307,0.06320485472679138,0.03506958857178688,1.0077054500579834,,,
,,,,,,,43000.0,4000.0,90.0
259.504,-1.3368933200836182,-0.2936873435974121,-0.33767372369766235,0.062378283590078354,0.03192527964711189,1.0065979957580566,,,
,,,,,,,43000.0,4000.0,90.0
259.514,0.7163315415382385,-0.2114282250404358,0.014014475047588348,0.06414809077978134,0.029917703941464424,1.0014580488204956,,,
,,,,,,,43000.0,4000.0,90.0
259.524,-0.3265710771083832,0.06844297796487808,-0.025191405788064003,0.06607629358768463,0.035427503287792206,0.9984511137008667,,,
,,,,,,,43000.0,4000.0,90.0
259.534,0.7251041531562805,-0.22770865261554718,0.056738514453172684,0.06355786323547363,0.03367188945412636,1.0035916566848755,,,
,,,,,,,43000.0,4000.0,90.0
259.544,0.08792166411876678,0.14115692675113678,0.1586107462644577,0.06293194741010666,0.030597416684031487,1.0020381212234497,,,
,,,,,,,43000.0,4000.0,90.0
259.554,-0.5006951689720154,-0.2307586520910263,-0.1157514825463295,0.06322694569826126,0.03426224738359451,1.0019137859344482,,,
,,,,,,,43000.0,4000.0,90.0
259.564,-0.3087327778339386,-6.7837454480468296e-06,-0.04894869774580002,0.06493662297725677,0.031676825135946274,0.9999346137046814,,,
,,,,,,,43000.0,2000.0,90.0
259.574,-0.6460301280021667,0.3908929228782654,-0.07800056785345078,0.06345583498477936,0.0294161569327116,1.0024101734161377,,,
,,,,,,,44000.0,2000.0,90.0
259.584,0.4232749938964844,-0.45082199573516846,0.043795645236968994,0.06508152186870575,0.02921513095498085,1.0045205354690552,,,
,,,,,,,44000.0,2000.0,90.0
259.594,0.24569812417030334,-0.604308545589447,0.058915648609399796,0.06772569566965103,0.032062698155641556,1.0058674812316895,,,
,,,,,,,44000.0,2000.0,90.0
259.604,2.1661603450775146,0.04663287475705147,-0.3222731053829193,0.064933180809021,0.028090015053749084,1.002732753753662,,,
,,,,,,,44000.0,2000.0,90.0
259.614,-3.070326566696167,-0.41128021478652954,-0.36892053484916687,0.0706082284450531,0.040581345558166504,0.9984699487686157,,,
,,,,,,,44000.0,2000.0,90.0
259.624,-1.0086865425109863,-0.1582430750131607,0.44859105348587036,0.06660925596952438,0.03479982540011406,1.0040497779846191,,,
,,,,,,,44000.0,2000.0,90.0
259.634,-0.11884104460477829,-0.07286900281906128,-0.10616789758205414,0.06531183421611786,0.019865719601511955,1.0034369230270386,,,
,,,,,,,44000.0,2000.0,90.0
259.644,0.24055948853492737,0.03749063238501549,-0.028047099709510803,0.06528874486684799,0.0291006900370121,1.0088839530944824,,,
,,,,,,,44000.0,2000.0,90.0
259.654,1.6702275276184082,-0.5936900973320007,-0.04151802510023117,0.06358197331428528,0.036398377269506454,1.0013437271118164,,,
,,,,,,,44000.0,0.0,90.0
259.664,0.32144856452941895,0.366294801235199,-0.3549644351005554,0.06585804373025894,0.031913116574287415,0.9932690858840942,,,
,,,,,,,45000.0,0.0,90.0
259.674,-0.44964203238487244,0.1910935342311859,-0.26056626439094543,0.06435195356607437,0.036312855780124664,1.0063798427581787,,,
,,,,,,,45000.0,0.0,90.0
259.684,0.41881752014160156,0.11544933915138245,0.035503122955560684,0.06332284957170486,0.027711868286132812,1.0040385723114014,,,
,,,,,,,45000.0,0.0,90.0
259.694,-2.280857563018799,0.023705381900072098,-0.3616792857646942,0.06772620230913162,0.03421325981616974,1.0034509897232056,,,
,,,,,,,45000.0,0.0,90.0
259.704,-0.3867354393005371,-0.5037410855293274,0.2795751690864563,0.06570601463317871,0.034376904368400574,1.0075355768203735,,,
,,,,,,,45000.0,0.0,90.0
259.714,0.7378655076026917,-0.2894297242164612,0.002266154857352376,0.06504055112600327,0.025914764031767845,1.0004748106002808,,,
,,,,,,,45000.0,0.0,90.0
259.724,2.1816189289093018,0.3708195686340332,0.3670669496059418,0.06620602309703827,0.029658716171979904,1.0051934719085693,,,
,,,,,,,45000.0,0.0,90.0
259.734,1.1525146961212158,-0.5483681559562683,-0.2534126043319702,0.06437236070632935,0.03432024270296097,1.003853440284729,,,
,,,,,,,45000.0,0.0,90.0
259.744,-1.4330401420593262,0.08029068261384964,-0.23007655143737793,0.06590293347835541,0.03413140028715134,0.9993335604667664,,,
,,,,,,,45000.0,0.0,90.0
259.754,-1.075573444366455,-0.10786131769418716,-0.24275115132331848,0.06526724249124527,0.03250160068273544,0.998549222946167,,,
,,,,,,,46000.0,0.0,90.0
259.764,-1.0562461614608765,0.1605127900838852,0.1889290064573288,0.06526224315166473,0.031491417437791824,1.0039647817611694,,,
,,,,,,,46000.0,0.0,90.0
259.774,0.5817435383796692,-0.08256775885820389,-0.04276139289140701,0.06417922675609589,0.028846070170402527,1.007609248161316,,,
,,,,,,,46000.0,0.0,90.0
259.784,1.3713364601135254,0.12204448878765106,-0.32615116238594055,0.06441040337085724,0.03049401566386223,1.001143455505371,,,
,,,,,,,46000.0,0.0,90.0
259.794,-0.3084297478199005,-0.3521527051925659,-0.0378589928150177,0.06238791346549988,0.03718516230583191,1.0011632442474365,,,
,,,,,,,46000.0,0.0,90.0
259.804,1.3298381567001343,-0.1607504040002823,-0.1369338184595108,0.06533945351839066,0.02992996573448181,1.0006957054138184,,,
,,,,,,,46000.0,0.0,90.0
259.814,-1.3610866069793701,0.39317139983177185,-0.2762363851070404,0.06327635049819946,0.029598889872431755,1.0065574645996094,,,
,,,,,,,46000.0,0.0,90.0
259.824,-0.6134721040725708,-0.18449197709560394,0.10472618788480759,0.062107596546411514,0.03428561985492706,1.0089741945266724,,,
,,,,,,,46000.0,0.0,90.0
259.834,-1.1996326446533203,-0.20932944118976593,-0.3043670952320099,0.06569095700979233,0.029067110270261765,1.0006581544876099,,,
,,,,,,,46000.0,0.0,90.0
259.844,0.7467911839485168,-0.15033107995986938,0.14854635298252106,0.06612551212310791,0.031297918409109116,1.001175880432129,,,
,,,,,,,48000.0,0.0,90.0
259.854,0.7646804451942444,0.2882058620452881,-0.06076594814658165,0.06844505667686462,0.032498180866241455,1.0021642446517944,,,
,,,,,,,48000.0,0.0,90.0
259.864,-0.06283263117074966,0.009962514042854309,-0.10974510759115219,0.06730076670646667,0.028831401839852333,1.0040276050567627,,,
,,,,,,,48000.0,0.0,90.0
259.874,0.20972515642642975,-0.15739357471466064,0.07094497233629227,0.06480685621500015,0.030879922211170197,1.0082389116287231,,,
,,,,,,,48000.0,0.0,90.0
259.884,-0.763785719871521,0.27104315161705017,-0.245856374502182,0.0643550455570221,0.03431000933051109,1.0035330057144165,,,
,,,,,,,48000.0,0.0,90.0
259.894,-0.5957664847373962,-1.0606688261032104,-0.12692905962467194,0.06677736341953278,0.03056449070572853,1.001176357269287,,,
,,,,,,,48000.0,0.0,90.0
259.904,1.1569570302963257,0.0846024602651596,0.2473384439945221,0.06512630730867386,0.03060859814286232,1.0014839172363281,,,
,,,,,,,48000.0,0.0,90.0
259.914,-0.03637925907969475,0.3144485652446747,-0.17694266140460968,0.0679791271686554,0.029680967330932617,1.0067908763885498,,,
,,,,,,,48000.0,0.0,90.0
259.924,0.018808653578162193,-0.3959290683269501,-0.357266902923584,0.06380248814821243,0.031086571514606476,1.007392168045044,,,
,,,,,,,48000.0,0.0,90.0
259.934,-0.6687800288200378,-0.03882244974374771,-0.29864150285720825,0.06270578503608704,0.032280586659908295,1.0017369985580444,,,
,,,,,,,50000.0,0.0,90.0
259.944,0.8493205904960632,-0.2855381667613983,0.18143852055072784,0.06561236828565598,0.03358641266822815,0.9984643459320068,,,
,,,,,,,50000.0,0.0,90.0
259.954,-0.6177723407745361,0.16818459331989288,-0.04400390759110451,0.06455861777067184,0.034631092101335526,1.0017485618591309,,,
,,,,,,,50000.0,0.0,90.0
259.964,-0.15461008250713348,0.12516075372695923,-0.24540525674819946,0.06559725105762482,0.03168303892016411,1.006380558013916,,,
,,,,,,,50000.0,0.0,90.0
259.974,0.08161959052085876,-0.6165035963058472,-0.024625325575470924,0.0693286806344986,0.03219956159591675,1.0013728141784668,,,
,,,,,,,50000.0,0.0,90.0
259.984,1.2507579326629639,0.01627233996987343,0.1667204201221466,0.0678267702460289,0.032860685139894485,0.9974603056907654,,,
,,,,,,,50000.0,0.0,90.0
259.994,0.34473469853401184,0.5548574924468994,0.07412242144346237,0.06758180260658264,0.03082304820418358,1.0028334856033325,,,
,,,,,,,50000.0,0.0,90.0
260.004,-0.7922099828720093,0.0009117896552197635,-0.3851247727870941,0.06472118198871613,0.03244215250015259,1.00480318069458,,,
,,,,,,,50000.0,0.0,90.0
260.014,-1.0886192321777344,-0.16009898483753204,-0.18555483222007751,0.06436475366353989,0.03277937322854996,1.0029867887496948,,,
,,,,,,,56000.0,0.0,90.0
260.024,0.10243504494428635,-0.28184303641319275,0.11255213618278503,0.0664457306265831,0.02963235229253769,0.9996775388717651,,,
,,,,,,,56000.0,0.0,90.0
260.034,-0.408750057220459,0.11623891443014145,0.12768429517745972,0.06717417389154434,0.029680481180548668,1.005448341369629,,,
,,,,,,,56000.0,0.0,90.0
260.044,0.08508892357349396,1.1069904565811157,-0.4219944179058075,0.06386035680770874,0.033414751291275024,1.0079264640808105,,,
,,,,,,,56000.0,0.0,90.0
260.054,-0.5582209825515747,-2.8263766765594482,-0.5703667402267456,0.07070981711149216,0.03429153934121132,1.0045678615570068,,,
,,,,,,,56000.0,0.0,90.0
260.064,2.160327911376953,-0.08282684534788132,0.8762015700340271,0.06490638852119446,0.03512858599424362,0.9913987517356873,,,
,,,,,,,56000.0,0.0,90.0
260.074,1.1184403896331787,1.6464086771011353,0.5557906627655029,0.07825487107038498,0.031867291778326035,0.9996035099029541,,,
,,,,,,,56000.0,0.0,90.0
260.084,-1.4162092208862305,0.8939883708953857,-0.6377466917037964,0.059028834104537964,0.03022036701440811,1.0082725286483765,,,
,,,,,,,56000.0,0.0,90.0
260.094,-3.6300430297851562,0.19636288285255432,-0.3855561316013336,0.06223388761281967,0.032017651945352554,1.017493486404419,,,
,,,,,,,56000.0,0.0,90.0
260.104,0.20046919584274292,-0.7199681401252747,-0.13751690089702606,0.06352551281452179,0.02504846267402172,1.0022611618041992,,,
,,,,,,,57000.0,0.0,90.0
260.114,2.5803349018096924,-1.076338768005371,0.24583080410957336,0.06713105738162994,0.0318886898458004,0.9872515201568604,,,
,,,,,,,57000.0,0.0,90.0
260.124,0.6984946727752686,0.3677253723144531,0.18440039455890656,0.06816709041595459,0.04255085438489914,0.9990212321281433,,,
,,,,,,,57000.0,0.0,90.0
260.134,-1.555874228477478,-0.1342184692621231,-0.4118207097053528,0.06642881035804749,0.032987330108881,1.0067890882492065,,,
,,,,,,,57000.0,0.0,90.0
260.144,-1.0030453205108643,0.14551499485969543,-0.2718873620033264,0.06394970417022705,0.02793845534324646,1.0094664096832275,,,
,,,,,,,57000.0,0.0,90.0
260.154,0.7483755946159363,0.32575809955596924,0.2594318389892578,0.06433860212564468,0.029957352206110954,1.0043989419937134,,,
,,,,,,,57000.0,0.0,90.0
260.164,1.1680668592453003,-0.17192307114601135,0.018910231068730354,0.0659828782081604,0.03696493059396744,0.9949214458465576,,,
,,,,,,,57000.0,0.0,90.0
260.174,-1.1639995574951172,0.0443427599966526,0.03878915682435036,0.06825694441795349,0.038945604115724564,1.0012950897216797,,,
,,,,,,,57000.0,0.0,90.0
260.184,-0.39098626375198364,-0.051236674189567566,-0.1448320895433426,0.06496815383434296,0.029679613187909126,1.0027375221252441,,,
,,,,,,,59000.0,0.0,90.0
260.194,0.20968519151210785,0.07986590266227722,-0.3689458966255188,0.06145450100302696,0.027430661022663116,1.0030579566955566,,,
,,,,,,,59000.0,0.0,90.0
260.204,0.5189716219902039,-0.32830706238746643,0.2890574038028717,0.0643751248717308,0.0372173935174942,1.0037380456924438,,,
,,,,,,,59000.0,0.0,90.0
260.214,-0.2908860445022583,-0.16083386540412903,-0.3220532536506653,0.06387662142515182,0.03568258136510849,1.000605583190918,,,
,,,,,,,59000.0,0.0,90.0
260.224,0.1056605726480484,0.4568929076194763,-0.13032707571983337,0.06428072601556778,0.033559754490852356,1.0005855560302734,,,
,,,,,,,59000.0,0.0,90.0
260.234,-0.44323986768722534,-0.42220404744148254,-0.09091396629810333,0.06720927357673645,0.038160618394613266,1.0075486898422241,,,
,,,,,,,59000.0,0.0,90.0
260.244,-0.27513253688812256,-0.20266133546829224,-0.052580058574676514,0.06643633544445038,0.032520268112421036,1.00381600856781,,,
,,,,,,,59000.0,0.0,90.0
260.254,0.3988877236843109,0.41277015209198,0.06614980846643448,0.06553228944540024,0.03117568977177143,1.0023285150527954,,,
,,,,,,,59000.0,0.0,90.0
260.264,-0.6317458748817444,-0.14484809339046478,-0.1229880228638649,0.06101759523153305,0.03725000470876694,1.0049837827682495,,,
,,,,,,,59000.0,0.0,90.0
260.274,0.08125738799571991,-0.23128187656402588,-0.06517310440540314,0.06334291398525238,0.028121627867221832,1.0059984922409058,,,
,,,,,,,61000.0,0.0,90.0
260.284,0.39944592118263245,-0.09544375538825989,-0.10576370358467102,0.06852307170629501,0.026137737557291985,1.0031523704528809,,,
,,,,,,,61000.0,0.0,90.0
260.294,-0.022984914481639862,-0.06244632601737976,0.12071837484836578,0.06902756541967392,0.033230800181627274,1.005099892616272,,,
,,,,,,,61000.0,0.0,90.0
260.304,-0.7887054085731506,0.2822039723396301,-0.23708944022655487,0.06418577581644058,0.03150620311498642,1.0028194189071655,,,
,,,,,,,61000.0,0.0,90.0
260.314,-0.14251136779785156,-0.21836134791374207,-0.16978511214256287,0.06537754088640213,0.03329688310623169,1.00113046169281,,,
,,,,,,,61000.0,0.0,90.0
260.324,1.516034722328186,-0.5381366014480591,0.025369053706526756,0.06463663280010223,0.035257939249277115,0.9967325925827026,,,
,,,,,,,61000.0,0.0,90.0
260.334,-0.2717222571372986,0.4240950345993042,0.029229162260890007,0.06572984158992767,0.03599010407924652,1.0009812116622925,,,
,,,,,,,61000.0,0.0,90.0
260.344,-0.7743719220161438,-0.12097945064306259,-0.3580048680305481,0.06456562876701355,0.03533098101615906,1.0062923431396484,,,
,,,,,,,61000.0,0.0,90.0
260.354,-1.0500543117523193,-0.2373829185962677,-0.05710823833942413,0.0661734864115715,0.031777262687683105,1.0020852088928223,,,
,,,,,,,61000.0,0.0,90.0
260.364,0.9362074732780457,-0.0059677958488464355,0.14720875024795532,0.06767547875642776,0.02949562296271324,1.0014212131500244,,,
,,,,,,,63000.0,0.0,90.0
260.374,0.17064666748046875,-0.020217671990394592,-0.2648235857486725,0.06895552575588226,0.031967390328645706,1.0037994384765625,,,
,,,,,,,63000.0,0.0,90.0
260.384,-0.33860594034194946,-0.34827423095703125,0.014293263666331768,0.06630194932222366,0.030700257048010826,1.0040419101715088,,,
,,,,,,,63000.0,0.0,90.0
260.394,0.19832740724086761,-0.5061415433883667,-0.17258583009243011,0.06672041863203049,0.028461631387472153,1.0046318769454956,,,
,,,,,,,63000.0,0.0,90.0
260.404,-0.15444733202457428,0.3747490644454956,-0.2570033073425293,0.06426146626472473,0.03158382326364517,1.003193736076355,,,
,,,,,,,63000.0,0.0,90.0
260.414,0.28172072768211365,-0.5363212823867798,0.0433109849691391,0.06511113792657852,0.03420707955956459,1.004417896270752,,,
,,,,,,,63000.0,0.0,90.0
260.424,0.32112544775009155,-0.2813650071620941,0.36017507314682007,0.06553199887275696,0.03185786306858063,0.9995042085647583,,,
,,,,,,,63000.0,0.0,90.0
260.434,0.15104836225509644,0.33893975615501404,0.09510929882526398,0.06689117103815079,0.03241293877363205,1.0025646686553955,,,
,,,,,,,63000.0,0.0,90.0
260.444,-0.8913177251815796,0.06304160505533218,-0.1657886654138565,0.06329842656850815,0.03606671839952469,1.006620168685913,,,
,,,,,,,63000.0,0.0,90.0
260.454,0.06976568698883057,-0.3100101947784424,0.0499030277132988,0.0641949474811554,0.03209618851542473,1.0020183324813843,,,
,,,,,,,65535.0,0.0,90.0
260.464,0.2590247094631195,-0.04030071943998337,0.3337940275669098,0.06568341702222824,0.031767021864652634,1.0003594160079956,,,
,,,,,,,65535.0,0.0,90.0
260.474,-0.37717586755752563,-0.18682414293289185,-0.06326531618833542,0.06641806662082672,0.034579675644636154,1.0008387565612793,,,
,,,,,,,65535.0,0.0,90.0
260.484,-0.4905730187892914,0.6165624260902405,-0.10597150772809982,0.06485697627067566,0.03181176260113716,1.0048185586929321,,,
,,,,,,,65535.0,0.0,90.0
260.494,-0.09686312079429626,-0.6704140901565552,-0.20798259973526,0.06920675188302994,0.03094010427594185,1.004950761795044,,,
,,,,,,,65535.0,0.0,90.0
260.504,1.7264769077301025,-0.36403658986091614,0.34805023670196533,0.06815927475690842,0.029980188235640526,1.0005637407302856,,,
,,,,,,,65535.0,0.0,90.0
260.514,-0.4118057191371918,0.49231642484664917,0.21450622379779816,0.06732738763093948,0.03070465661585331,1.0034347772598267,,,
,,,,,,,65535.0,0.0,90.0
260.524,-0.6068838834762573,-0.378619521856308,-0.29188069701194763,0.06379739940166473,0.032804109156131744,1.0081580877304077,,,
,,,,,,,65535.0,0.0,90.0
260.534,-1.466332197189331,-0.08712395280599594,-0.11475583165884018,0.06483334302902222,0.03193133696913719,1.0039608478546143,,,
,,,,,,,65535.0,0.0,90.0
260.544,1.1290309429168701,-0.07982701808214188,0.28568166494369507,0.06519169360399246,0.03189646452665329,1.0010663270950317,,,
,,,,,,,65535.0,0.0,90.0
260.554,0.20932325720787048,-0.23723909258842468,-0.1869332194328308,0.06538412719964981,0.03314809873700142,0.9981485605239868,,,
,,,,,,,65535.0,0.0,90.0
260.564,-0.33431196212768555,-0.2662675976753235,0.1277107298374176,0.06363468617200851,0.03308453783392906,1.0017240047454834,,,
,,,,,,,65535.0,0.0,90.0
260.574,-0.11066406965255737,-0.15808747708797455,-0.14238156378269196,0.06522469222545624,0.02912486530840397,1.0034996271133423,,,
,,,,,,,65535.0,0.0,90.0
260.584,0.16368190944194794,0.0012137007433921099,-0.014688359573483467,0.06809470057487488,0.030337458476424217,1.0038399696350098,,,
,,,,,,,65535.0,0.0,90.0
260.594,-0.4481336176395416,-0.13339804112911224,-0.1687544584274292,0.06695926934480667,0.0319397933781147,1.004213571548462,,,
,,,,,,,65535.0,0.0,90.0
260.604,-0.2912406921386719,0.16620099544525146,-0.39854684472084045,0.06595738232135773,0.03165662661194801,1.0004398822784424,,,
,,,,,,,65535.0,0.0,90.0
260.614,0.4824909567832947,-0.187398761510849,-0.010341322049498558,0.06550151109695435,0.03312155231833458,1.0020502805709839,,,
,,,,,,,65535.0,0.0,90.0
260.624,-0.32831624150276184,-0.16325567662715912,-0.005445539485663176,0.06425795704126358,0.0330338254570961,1.0044958591461182,,,
,,,,,,,65535.0,0.0,90.0
260.634,0.41925087571144104,-0.2268623560667038,-0.29276570677757263,0.06610941141843796,0.034085530787706375,1.0021499395370483,,,
,,,,,,,65535.0,0.0,90.0
260.644,-0.3502275049686432,-0.0036329561844468117,0.06300128996372223,0.06710528582334518,0.03729288652539253,1.0018885135650635,,,
,,,,,,,65535.0,0.0,90.0
260.654,-0.46308374404907227,-0.32971620559692383,-0.015081321820616722,0.06691844016313553,0.033667244017124176,1.005623698234558,,,
,,,,,,,65535.0,0.0,90.0
260.664,-0.13722921907901764,-0.025563502684235573,0.15325793623924255,0.06293139606714249,0.028939228504896164,1.0047491788864136,,,
,,,,,,,65535.0,0.0,90.0
260.674,-0.026838263496756554,0.3293234407901764,0.027268078178167343,0.0627162978053093,0.029145080596208572,1.005046010017395,,,
,,,,,,,65535.0,0.0,90.0
260.684,-0.010559377260506153,-0.03842826187610626,-0.017880018800497055,0.06582193821668625,0.03095260076224804,1.000138521194458,,,
,,,,,,,65535.0,0.0,90.0
260.694,0.2623777687549591,-0.4592616558074951,-0.3231487274169922,0.06542587280273438,0.02913610450923443,1.0017670392990112,,,
,,,,,,,65535.0,0.0,90.0
260.704,-0.04336826130747795,-0.3085300028324127,0.20487123727798462,0.06420273333787918,0.03210599720478058,1.0028212070465088,,,
,,,,,,,65535.0,0.0,90.0
260.714,-0.34042614698410034,-0.2138575315475464,-0.10700315237045288,0.06540036201477051,0.032919373363256454,1.0020486116409302,,,
,,,,,,,65535.0,0.0,90.0
260.724,-0.020220698788762093,-0.41633614897727966,-0.11740589141845703,0.06405264139175415,0.03201150894165039,1.00326669216156,,,
,,,,,,,65535.0,0.0,90.0
260.734,0.11956330388784409,0.06899642199277878,-0.0262061208486557,0.062283359467983246,0.034740593284368515,1.0049819946289062,,,
,,,,,,,65535.0,0.0,90.0
260.744,-0.08027946203947067,-0.21754249930381775,-0.08455328643321991,0.06490422040224075,0.03201961889863014,1.000196099281311,,,
,,,,,,,65535.0,0.0,90.0
260.754,0.13857808709144592,0.1627545952796936,0.0031051679980009794,0.0663813129067421,0.032288096845149994,0.9998273849487305,,,
,,,,,,,65535.0,0.0,90.0
260.764,-0.11887861788272858,-0.24078184366226196,-0.08111385256052017,0.0637999176979065,0.03246212378144264,1.0022143125534058,,,
,,,,,,,65535.0,0.0,90.0
260.774,0.02784128673374653,-0.1161571815609932,-0.05151303857564926,0.06562940031290054,0.03047412447631359,1.0008529424667358,,,
,,,,,,,65535.0,0.0,90.0
260.784,-0.13894709944725037,-0.22635813057422638,0.060095254331827164,0.06554947048425674,0.032060083001852036,1.002184510231018,,,
,,,,,,,65535.0,0.0,90.0
260.794,-0.10244014114141464,-0.46323361992836,0.1371704488992691,0.0652749165892601,0.033303845673799515,1.0039767026901245,,,
,,,,,,,65535.0,0.0,90.0
260.804,0.3238452970981598,0.1726270616054535,-0.0029670726507902145,0.06484021246433258,0.026984743773937225,1.000876784324646,,,
,,,,,,,65535.0,0.0,90.0
260.814,0.17627635598182678,-0.3724063038825989,-0.009180278517305851,0.0648747980594635,0.030757900327444077,1.0039286613464355,,,
,,,,,,,65535.0,0.0,90.0
260.824,0.022859876975417137,0.06931406259536743,-0.04025699570775032,0.06507512181997299,0.033703163266181946,1.0014737844467163,,,
,,,,,,,65535.0,0.0,90.0
260.834,0.19136014580726624,0.12304176390171051,-0.2629508078098297,0.0650646835565567,0.03107047826051712,1.0002416372299194,,,
,,,,,,,65535.0,0.0,90.0
260.844,-0.11780572682619095,0.26974228024482727,-0.12048961967229843,0.06686633080244064,0.032378971576690674,1.0036879777908325,,,
,,,,,,,65535.0,0.0,90.0
260.854,0.007591478060930967,0.07242311537265778,0.11191777884960175,0.06512860953807831,0.031357940286397934,1.0040696859359741,,,
,,,,,,,65535.0,0.0,90.0
260.864,0.017722081393003464,-0.08885670453310013,-0.0817357748746872,0.06224929913878441,0.02806881256401539,1.0034269094467163,,,
,,,,,,,65535.0,0.0,90.0
260.874,0.1785527765750885,-0.10764798521995544,-0.1763719767332077,0.06373225897550583,0.029401028528809547,1.0002704858779907,,,
,,,,,,,65535.0,0.0,90.0
260.884,-0.06832417100667953,0.18100309371948242,0.058783505111932755,0.0642353743314743,0.033318083733320236,1.0036828517913818,,,
,,,,,,,65535.0,0.0,90.0
260.894,-0.15062163770198822,-0.37481489777565,-0.10204993188381195,0.06483898311853409,0.03010319173336029,1.006051778793335,,,
,,,,,,,65535.0,0.0,90.0
260.904,0.07583218812942505,-0.0009241601219400764,-0.21234743297100067,0.06440947204828262,0.029525918886065483,1.0017542839050293,,,
,,,,,,,65535.0,0.0,90.0
260.914,0.08603230118751526,-0.015528986230492592,0.13703684508800507,0.06412815302610397,0.036474987864494324,1.0007351636886597,,,
,,,,,,,65535.0,0.0,90.0
260.924,-0.010275864973664284,0.08279137313365936,-0.24384121596813202,0.06486944109201431,0.03634267300367355,1.003035545349121,,,
,,,,,,,65535.0,0.0,90.0
260.934,0.08821932226419449,-0.14683972299098969,0.03235999494791031,0.0647706463932991,0.034607768058776855,1.002755880355835,,,
,,,,,,,65535.0,0.0,90.0
260.944,-0.06165698170661926,-0.1099529042840004,0.052308958023786545,0.06323467940092087,0.035964615643024445,1.003157377243042,,,
,,,,,,,65535.0,0.0,90.0
260.954,-0.15504024922847748,0.06293430179357529,-0.015740346163511276,0.06687053292989731,0.03630734607577324,1.0027165412902832,,,
,,,,,,,65535.0,0.0,90.0
260.964,-0.06691357493400574,0.21875961124897003,0.01306935679167509,0.06779994070529938,0.03382544219493866,1.00226891040802,,,
,,,,,,,65535.0,0.0,90.0
260.974,-0.21661464869976044,-0.14945751428604126,-0.18368501961231232,0.06587503105401993,0.03026520647108555,1.0018469095230103,,,
,,,,,,,65535.0,0.0,90.0
260.984,0.1512988805770874,0.021312706172466278,0.05131097137928009,0.06730087101459503,0.029622940346598625,1.0014995336532593,,,
,,,,,,,65535.0,0.0,90.0
260.994,-0.15354512631893158,0.03920203819870949,-0.2877400517463684,0.06536592543125153,0.029850300401449203,1.005548357963562,,,
,,,,,,,65535.0,0.0,90.0
261.004,-0.19627335667610168,-0.0681973248720169,-0.10735945403575897,0.06485694646835327,0.02820504829287529,1.005787968635559,,,
,,,,,,,65535.0,0.0,90.0
261.014,0.18588875234127045,-0.3585797846317291,-0.22330060601234436,0.06344357877969742,0.030101018026471138,1.0014197826385498,,,
,,,,,,,65535.0,0.0,90.0
261.024,-0.3747614324092865,-0.03659388795495033,-0.03446614742279053,0.06500356644392014,0.03068666160106659,1.0028208494186401,,,
,,,,,,,65535.0,0.0,90.0
261.034,0.0027662115171551704,0.06298287212848663,0.09428230673074722,0.06584183871746063,0.027965474873781204,1.001552939414978,,,
,,,,,,,65535.0,0.0,90.0
261.044,0.15244527161121368,0.0014848245773464441,0.11997707188129425,0.06503994762897491,0.032814204692840576,1.001659631729126,,,
,,,,,,,65535.0,0.0,90.0
261.054,-0.20885010063648224,-0.31492769718170166,0.10666523873806,0.06348565965890884,0.03429722040891647,1.007102131843567,,,
,,,,,,,65535.0,0.0,90.0
261.064,-0.2087547779083252,-0.0658126175403595,0.04629409685730934,0.06419195979833603,0.029081381857395172,1.0043195486068726,,,
,,,,,,,65535.0,0.0,90.0
261.074,-0.028775926679372787,-0.29670628905296326,-0.11897081881761551,0.06513480097055435,0.032202914357185364,1.000672698020935,,,
,,,,,,,65535.0,0.0,90.0
261.084,-0.4943864345550537,-0.14578261971473694,0.15211160480976105,0.06641248613595963,0.03461602330207825,1.001583456993103,,,
,,,,,,,65535.0,0.0,90.0
261.094,-0.11822637170553207,-0.16012801229953766,-0.21942713856697083,0.06765919178724289,0.02758103981614113,1.0022640228271484,,,
,,,,,,,65535.0,0.0,90.0
261.104,0.02745310589671135,0.11725789308547974,-0.27100875973701477,0.06537918746471405,0.030168745666742325,1.0058809518814087,,,
,,,,,,,65535.0,0.0,90.0
261.114,-0.10779578238725662,-0.3344881534576416,-0.21066418290138245,0.06404542177915573,0.033144060522317886,1.0063546895980835,,,
,,,,,,,65535.0,0.0,90.0
261.124,0.16160526871681213,0.05892091616988182,-0.1748826652765274,0.06287536025047302,0.030299155041575432,1.0021785497665405,,,
,,,,,,,65535.0,0.0,90.0
261.134,-0.03926708176732063,-0.16647151112556458,-0.2119615525007248,0.06222360581159592,0.038221411406993866,1.0037809610366821,,,
,,,,,,,65535.0,0.0,90.0
261.144,-0.3280861973762512,-0.013753184117376804,-0.09355265647172928,0.06487580388784409,0.036753974854946136,1.003086805343628,,,
,,,,,,,65535.0,0.0,90.0
261.154,0.1764485090970993,0.17564238607883453,-0.09101833403110504,0.06512906402349472,0.03286077082157135,0.9968357682228088,,,
,,,,,,,65535.0,0.0,90.0
261.164,-0.3265545964241028,-0.21975953876972198,0.019003763794898987,0.06305692344903946,0.03584219887852669,1.0025250911712646,,,
,,,,,,,65535.0,0.0,90.0
261.174,-0.3052821457386017,-0.0887240469455719,0.07166533172130585,0.06512098759412766,0.029215114191174507,1.0029934644699097,,,
,,,,,,,65535.0,0.0,90.0
261.184,0.09132763743400574,-0.20705825090408325,-0.24405552446842194,0.06346449255943298,0.024897374212741852,0.9999250173568726,,,
,,,,,,,65535.0,0.0,90.0
261.194,-0.045029524713754654,0.03058595024049282,-0.09117355197668076,0.06391459703445435,0.029699232429265976,1.0042237043380737,,,
,,,,,,,65535.0,0.0,90.0
261.204,-0.2191414088010788,-0.2835626006126404,-0.19954095780849457,0.06284018605947495,0.02786416932940483,1.0036098957061768,,,
,,,,,,,65535.0,0.0,90.0
261.214,0.2960014343261719,-0.21789084374904633,-0.2032281905412674,0.06462253630161285,0.0232697781175375,1.0039658546447754,,,
,,,,,,,65535.0,0.0,90.0
261.224,-0.06588900089263916,-0.1285613626241684,0.0249800942838192,0.06438544392585754,0.034205883741378784,1.0048235654830933,,,
,,,,,,,65535.0,0.0,90.0
261.234,-0.24619057774543762,-0.2705861032009125,0.23899351060390472,0.06120629608631134,0.035107508301734924,1.0023168325424194,,,
,,,,,,,65535.0,0.0,90.0
261.244,0.2830720841884613,0.005426490213721991,-0.15273518860340118,0.06432822346687317,0.030259912833571434,1.0004678964614868,,,
,,,,,,,65535.0,0.0,90.0
261.254,-0.19110596179962158,-0.17942728102207184,-0.1979629397392273,0.06647104769945145,0.03776615113019943,1.0043909549713135,,,
,,,,,,,65535.0,0.0,90.0
261.264,-0.23823213577270508,-0.4223634600639343,0.07263451814651489,0.06620139628648758,0.03393233194947243,1.0015367269515991,,,
,,,,,,,65535.0,0.0,90.0
261.274,0.0715407282114029,-0.06633520871400833,0.15072603523731232,0.06579181551933289,0.03188013285398483,0.9994345307350159,,,
,,,,,,,65535.0,0.0,90.0
261.284,-0.21584320068359375,-0.02543693594634533,-0.23462139070034027,0.0660741999745369,0.03529537841677666,1.0025169849395752,,,
,,,,,,,65535.0,0.0,90.0
261.294,-0.015909593552350998,0.029497968032956123,0.20969745516777039,0.0665539801120758,0.0286428090184927,1.0022709369659424,,,
,,,,,,,65535.0,0.0,90.0
261.304,0.28114554286003113,-0.287108451128006,-0.2108372300863266,0.06450678408145905,0.029763007536530495,1.0046287775039673,,,
,,,,,,,65535.0,0.0,90.0
261.314,-0.3247798681259155,-0.3717030882835388,-0.013795913197100163,0.06354135274887085,0.034484490752220154,1.0056309700012207,,,
,,,,,,,65535.0,0.0,90.0
261.324,-0.04256269708275795,0.000749928061850369,0.007845292799174786,0.06479492038488388,0.031679704785346985,1.0022172927856445,,,
,,,,,,,65535.0,0.0,90.0
261.334,-0.1267440915107727,0.0003338599344715476,0.047097157686948776,0.06460954248905182,0.03776342421770096,1.002395510673523,,,
,,,,,,,65535.0,0.0,90.0
261.344,-0.38765236735343933,-0.018151700496673584,-0.06265050172805786,0.06243547052145004,0.03321518003940582,1.0040910243988037,,,
,,,,,,,65535.0,0.0,90.0
261.354,0.06121724098920822,0.05403325706720352,-0.23250462114810944,0.06427011638879776,0.026935866102576256,1.0006765127182007,,,
,,,,,,,65535.0,0.0,90.0
261.364,-0.052829716354608536,0.06842067837715149,0.2129349261522293,0.06574396789073944,0.03207031264901161,1.0048078298568726,,,
,,,,,,,65535.0,0.0,90.0
261.374,-0.20685474574565887,-0.06868735700845718,-0.20743592083454132,0.06436561048030853,0.02818806655704975,1.002689242362976,,,
,,,,,,,65535.0,0.0,90.0
261.384,0.03226300701498985,-0.23759955167770386,-0.16898542642593384,0.06487041711807251,0.02744314633309841,1.0036547183990479,,,
,,,,,,,65535.0,0.0,90.0
261.394,-0.05260253697633743,-0.2726062834262848,0.09667180478572845,0.0649881437420845,0.030682753771543503,1.0044578313827515,,,
,,,,,,,65535.0,0.0,90.0
261.404,-0.061519596725702286,-0.14089033007621765,-0.0329333171248436,0.06524647027254105,0.028471721336245537,1.0029942989349365,,,
,,,,,,,65535.0,0.0,90.0
261.414,0.2909848093986511,-0.5263931751251221,-0.16328299045562744,0.06537619978189468,0.03376526013016701,1.0025192499160767,,,
,,,,,,,65535.0,0.0,90.0
261.424,0.027345653623342514,0.10356839746236801,-0.03751128166913986,0.06391797214746475,0.03633958846330643,1.0033221244812012,,,
,,,,,,,65535.0,0.0,90.0
261.434,0.09992557764053345,-0.3200668394565582,0.011114084161818027,0.06621959805488586,0.035210952162742615,1.002307415008545,,,
,,,,,,,61000.0,0.0,90.0
261.444,0.09895692020654678,-0.4585689306259155,-0.07992948591709137,0.06706734746694565,0.03695511817932129,1.0028553009033203,,,
,,,,,,,61000.0,0.0,90.0
261.454,-0.06530290096998215,-0.04915184527635574,-0.026667457073926926,0.06663049757480621,0.04035750404000282,1.0022881031036377,,,
,,,,,,,61000.0,0.0,90.0
261.464,-0.4760849177837372,-0.7240427136421204,0.15198351442813873,0.06789577752351761,0.033242225646972656,0.9989916086196899,,,
,,,,,,,61000.0,0.0,90.0
261.474,1.335241436958313,1.4036282300949097,0.033304363489151,0.06551472842693329,0.02819810062646866,1.000617265701294,,,
,,,,,,,61000.0,0.0,90.0
261.484,-1.8972960710525513,-0.04706431180238724,-0.7827654480934143,0.0688048005104065,0.032049693167209625,1.0086525678634644,,,
,,,,,,,61000.0,0.0,90.0
261.494,0.1255832314491272,-0.9797031879425049,-0.2065027356147766,0.06583210825920105,0.029214322566986084,1.0009430646896362,,,
,,,,,,,61000.0,0.0,90.0
261.504,0.11924832314252853,0.02093074843287468,0.011128488928079605,0.06764703243970871,0.030542034655809402,0.9940181374549866,,,
,,,,,,,61000.0,0.0,90.0
261.514,1.6771973371505737,-0.13414226472377777,0.18978598713874817,0.06558272242546082,0.03519963473081589,0.9999057054519653,,,
,,,,,,,61000.0,0.0,90.0
261.524,-0.758764386177063,0.10506369173526764,-0.21332556009292603,0.06254731863737106,0.030341997742652893,1.0082283020019531,,,
,,,,,,,52000.0,0.0,90.0
261.534,-0.07525328546762466,-0.15362821519374847,-0.5851380228996277,0.06524714082479477,0.02835354208946228,1.0076000690460205,,,
,,,,,,,52000.0,0.0,90.0
261.544,-0.5032416582107544,-1.6325098276138306,0.32937854528427124,0.06428375840187073,0.038955602794885635,0.998966634273529,,,
,,,,,,,52000.0,0.0,90.0
261.554,1.027268409729004,0.7260211706161499,1.2654696702957153,0.0722527801990509,0.03308601677417755,1.0001354217529297,,,
,,,,,,,52000.0,0.0,90.0
261.564,-2.1622042655944824,1.4753528833389282,-0.6944612264633179,0.06359909474849701,0.024631710723042488,1.0100964307785034,,,
,,,,,,,52000.0,0.0,90.0
261.574,-2.5219476222991943,-1.4519298076629639,-1.0027730464935303,0.06384192407131195,0.03454802930355072,1.0144460201263428,,,
,,,,,,,52000.0,0.0,90.0
261.584,0.4718937575817108,-0.9756879806518555,0.10781342536211014,0.0648212879896164,0.03190496191382408,0.9906966090202332,,,
,,,,,,,52000.0,0.0,90.0
261.594,3.85402512550354,-0.0366215817630291,0.32002338767051697,0.06594187766313553,0.030828647315502167,0.984768807888031,,,
,,,,,,,52000.0,0.0,90.0
261.604,2.440812826156616,0.46868425607681274,0.29082614183425903,0.06917347013950348,0.035466063767671585,1.0043621063232422,,,
,,,,,,,43000.0,0.0,90.0
261.614,-2.8922338485717773,0.5842815041542053,-0.7622590661048889,0.06583976000547409,0.031758714467287064,1.0184129476547241,,,
,,,,,,,43000.0,0.0,90.0
261.624,-2.4165282249450684,0.18625329434871674,-0.47777989506721497,0.06402956694364548,0.030662119388580322,1.012431263923645,,,
,,,,,,,43000.0,0.0,90.0
261.634,1.1716134548187256,-0.041254203766584396,-0.015440183691680431,0.06617097556591034,0.03212514892220497,0.9923812747001648,,,
,,,,,,,43000.0,0.0,90.0
261.644,3.3670899868011475,-0.48188015818595886,0.392700731754303,0.06763198226690292,0.0388350635766983,0.9927102327346802,,,
,,,,,,,43000.0,0.0,90.0
261.654,0.1461183875799179,0.9397754073143005,0.8845012784004211,0.0837475135922432,0.03162318095564842,1.0033330917358398,,,
,,,,,,,43000.0,0.0,90.0
261.664,-5.269475936889648,2.5211145877838135,-1.172595739364624,0.05393151938915253,0.03077341616153717,1.0114201307296753,,,
,,,,,,,43000.0,0.0,90.0
261.674,-2.854055166244507,-1.4260926246643066,-0.7436961531639099,0.062228407710790634,0.03751367703080177,1.021989107131958,,,
,,,,,,,43000.0,0.0,90.0
261.684,2.05509352684021,-1.4204161167144775,0.48466187715530396,0.06078452244400978,0.0200668778270483,0.9902148246765137,,,
,,,,,,,36000.0,0.0,90.0
261.694,4.760656356811523,-0.5808548927307129,0.6898242235183716,0.06604426354169846,0.026276731863617897,0.9846634864807129,,,
,,,,,,,36000.0,0.0,90.0
261.704,2.4312267303466797,0.26862218976020813,0.5162139534950256,0.07068517059087753,0.040338948369026184,0.9983437657356262,,,
,,,,,,,36000.0,0.0,90.0
261.714,-4.084409713745117,1.1425429582595825,-1.174828052520752,0.06639362126588821,0.03245044872164726,1.0044476985931396,,,
,,,,,,,36000.0,0.0,90.0
261.724,-1.7899651527404785,-0.4167201519012451,-0.2600100636482239,0.059062398970127106,0.027256323024630547,1.0121641159057617,,,
,,,,,,,36000.0,0.0,90.0
261.734,3.255768299102783,1.5110955238342285,0.8118637204170227,0.0644325241446495,0.023781422525644302,1.0096385478973389,,,
,,,,,,,36000.0,0.0,90.0
261.744,-2.411400079727173,0.631085991859436,-1.08659827709198,0.06633604317903519,0.034830618649721146,1.0066618919372559,,,
,,,,,,,36000.0,0.0,90.0
261.754,0.8464052081108093,-2.3839569091796875,-0.0334489606320858,0.06543108820915222,0.04858965054154396,0.9987936019897461,,,
,,,,,,,36000.0,0.0,90.0
261.764,-2.1981637477874756,-0.31910887360572815,-0.09593421220779419,0.06187184900045395,0.03652348741889,0.9740970134735107,,,
,,,,,,,29000.0,0.0,90.0
261.774,2.3098762035369873,0.08893142640590668,0.43606916069984436,0.07133623957633972,0.02885078638792038,1.0047639608383179,,,
,,,,,,,29000.0,0.0,90.0
261.784,3.1204776763916016,0.5851485729217529,0.07862959057092667,0.07087761908769608,0.021716119721531868,1.0158360004425049,,,
,,,,,,,29000.0,0.0,90.0
261.794,-3.4221181869506836,0.75180983543396,-1.4779448509216309,0.055599913001060486,0.03562665358185768,1.0098252296447754,,,
,,,,,,,29000.0,0.0,90.0
261.804,-0.7705963253974915,-2.4630038738250732,0.5075540542602539,0.06781179457902908,0.0412801131606102,1.0039477348327637,,,
,,,,,,,29000.0,0.0,90.0
261.814,2.967893123626709,0.9442237615585327,0.8499817848205566,0.07893005758523941,0.017202742397785187,0.9895824193954468,,,
,,,,,,,29000.0,0.0,90.0
261.824,-2.963940143585205,2.3927385807037354,-0.8803802728652954,0.05642150342464447,0.028864072635769844,1.0040093660354614,,,
,,,,,,,29000.0,0.0,90.0
261.834,-2.421372652053833,-1.9072530269622803,-0.27048441767692566,0.06300894170999527,0.04435349628329277,1.02040696144104,,,
,,,,,,,29000.0,0.0,90.0
261.844,0.9675711393356323,-1.899497151374817,0.03672289848327637,0.065538190305233,0.023581931367516518,0.9818612933158875,,,
,,,,,,,29000.0,0.0,90.0
261.854,2.996455669403076,1.5679434537887573,-0.16366513073444366,0.06252926588058472,0.028595253825187683,0.9811242818832397,,,
,,,,,,,20000.0,0.0,90.0
261.864,3.8180930614471436,-1.53731369972229,0.8085259795188904,0.07319139689207077,0.034904856234788895,1.0175899267196655,,,
,,,,,,,20000.0,0.0,90.0
261.874,-3.0909616947174072,0.4290718138217926,-0.23830494284629822,0.05828531086444855,0.022199297323822975,1.0067658424377441,,,
,,,,,,,20000.0,0.0,90.0
261.884,-5.069910526275635,-0.7000852227210999,-0.44041383266448975,0.06686104089021683,0.0317859910428524,1.008040189743042,,,
,,,,,,,20000.0,0.0,90.0
261.894,3.9772543907165527,-0.8610894083976746,1.2254431247711182,0.07150614261627197,0.02776079811155796,1.0040353536605835,,,
,,,,,,,20000.0,0.0,90.0
261.904,-1.330863356590271,1.3753418922424316,-0.40369296073913574,0.06928542256355286,0.019895948469638824,0.9943093657493591,,,
,,,,,,,20000.0,0.0,90.0
261.914,-2.0501534938812256,0.897874653339386,-0.57224041223526,0.06209804490208626,0.041101641952991486,1.0124051570892334,,,
,,,,,,,20000.0,0.0,90.0
261.924,-2.5100250244140625,-1.6047827005386353,-0.5787078142166138,0.06424737721681595,0.04502991586923599,0.999684751033783,,,
,,,,,,,20000.0,0.0,90.0
261.934,1.8097279071807861,-1.6077665090560913,-0.1736597716808319,0.06239034980535507,0.0352197028696537,0.982391357421875,,,
,,,,,,,11000.0,0.0,90.0
261.944,6.4435505867004395,-0.182240292429924,1.133067011833191,0.07235087454319,0.03258911147713661,0.9935023188591003,,,
,,,,,,,11000.0,0.0,90.0
261.954,0.9677392840385437,1.356090784072876,0.26146718859672546,0.07677073031663895,0.03162306547164917,1.0094016790390015,,,
,,,,,,,11000.0,0.0,90.0
261.964,-4.400672435760498,0.707737147808075,-0.9693817496299744,0.05744980275630951,0.03889516368508339,1.0160362720489502,,,
,,,,,,,11000.0,0.0,90.0
261.974,-2.286313772201538,-0.32611459493637085,-0.09249040484428406,0.06866078078746796,0.03276236355304718,1.0157501697540283,,,
,,,,,,,11000.0,0.0,90.0
261.984,-0.2669866979122162,0.5409199595451355,0.3573583960533142,0.06311831623315811,0.016647037118673325,0.9990906715393066,,,
,,,,,,,11000.0,0.0,90.0
261.994,1.527994155883789,-0.5578081607818604,-0.2250550389289856,0.060950860381126404,0.03509502112865448,1.0029903650283813,,,
,,,,,,,11000.0,0.0,90.0
262.004,-0.632990837097168,-0.7892391085624695,0.053699225187301636,0.06538476049900055,0.04180983826518059,0.9981951117515564,,,
,,,,,,,11000.0,0.0,90.0
262.014,-0.3356693387031555,-0.5952852368354797,-0.136896550655365,0.0675981417298317,0.02992873452603817,0.989905595779419,,,
,,,,,,,5000.0,0.0,90.0
262.024,1.9425023794174194,-0.029672939330339432,0.1675238013267517,0.06430256366729736,0.02874011918902397,1.0016891956329346,,,
,,,,,,,5000.0,0.0,90.0
262.034,1.4033869504928589,0.23157960176467896,0.29028207063674927,0.06408682465553284,0.02792121097445488,1.014471411705017,,,
,,,,,,,5000.0,0.0,90.0
262.044,-0.6420239806175232,-0.08929236233234406,-0.33117347955703735,0.06551703810691833,0.024075539782643318,1.0101919174194336,,,
,,,,,,,5000.0,0.0,90.0
262.054,-1.3057557344436646,-0.12713094055652618,-0.018833236768841743,0.06919914484024048,0.03949233144521713,1.00406813621521,,,
,,,,,,,5000.0,0.0,90.0
262.064,-2.0386228561401367,0.11673242598772049,0.014932112768292427,0.06527489423751831,0.038956232368946075,0.9980655908584595,,,
,,,,,,,5000.0,0.0,90.0
262.074,1.034774661064148,-0.038623832166194916,0.10093991458415985,0.06375928223133087,0.026366325095295906,1.0007928609848022,,,
,,,,,,,5000.0,0.0,90.0
262.084,0.7378253936767578,-0.2615622580051422,-0.21624398231506348,0.06270173192024231,0.03420301154255867,1.0092904567718506,,,
,,,,,,,5000.0,0.0,90.0
262.094,0.7764021158218384,-0.5941410064697266,0.13030435144901276,0.0665665715932846,0.03308578580617905,1.0059064626693726,,,
,,,,,,,5000.0,0.0,90.0
262.104,0.6997733116149902,-0.28898268938064575,-0.288577139377594,0.0667746290564537,0.03173006325960159,0.993419885635376,,,
,,,,,,,0.0,0.0,90.0
262.114,-0.9371154308319092,0.32068413496017456,-0.12796269357204437,0.06550455093383789,0.03804689273238182,1.000645637512207,,,
,,,,,,,0.0,0.0,90.0
262.124,-1.0778555870056152,-0.03695384040474892,0.12354621291160583,0.0652313306927681,0.03332225978374481,1.0067274570465088,,,
,,,,,,,0.0,0.0,90.0
262.134,0.0752343013882637,-0.12897905707359314,-0.28875982761383057,0.06348957866430283,0.026666292920708656,1.0050462484359741,,,
,,,,,,,0.0,0.0,90.0
262.144,0.40705302357673645,-0.521291971206665,-0.3745468258857727,0.06690005958080292,0.03132160007953644,0.9988183975219727,,,
,,,,,,,0.0,0.0,90.0
262.154,0.8521736860275269,-0.15153299272060394,0.4595359265804291,0.06591834127902985,0.03468986600637436,0.9993478655815125,,,
,,,,,,,0.0,0.0,90.0
262.164,-0.5037581920623779,-0.25681766867637634,0.15193241834640503,0.06510832905769348,0.027274560183286667,1.0019413232803345,,,
,,,,,,,0.0,0.0,90.0
262.174,-0.0867164134979248,-0.11281614005565643,-0.41900792717933655,0.0640183687210083,0.02871418185532093,1.0063449144363403,,,
,,,,,,,0.0,0.0,90.0
262.184,-0.7392182350158691,-0.32818761467933655,-0.13031411170959473,0.06423472613096237,0.03235587105154991,1.0025970935821533,,,
,,,,,,,0.0,10000.0,90.0
262.194,-0.5759182572364807,0.3269032835960388,-0.11574127525091171,0.06816963851451874,0.029794689267873764,0.9990974068641663,,,
,,,,,,,0.0,10000.0,90.0
262.204,-1.7579787969589233,1.1661124229431152,-0.005928666330873966,0.08066044002771378,0.029333442449569702,0.9955750703811646,,,
,,,,,,,0.0,10000.0,90.0
262.214,-5.124149799346924,-0.14788523316383362,-0.5888173580169678,0.06939972937107086,0.040166571736335754,1.0190818309783936,,,
,,,,,,,0.0,10000.0,90.0
262.224,9.683487892150879,-2.1110212802886963,0.19703997671604156,0.06564853340387344,0.006468521431088448,1.0125452280044556,,,
,,,,,,,0.0,10000.0,90.0
262.234,6.494839668273926,0.2248511016368866,-1.0017414093017578,0.07031868398189545,0.032245878130197525,0.9826086759567261,,,
,,,,,,,0.0,10000.0,90.0
262.244,-3.1552257537841797,0.7005094289779663,-0.045485906302928925,0.06702836602926254,0.07350631803274155,0.990563690662384,,,
,,,,,,,0.0,10000.0,90.0
262.254,-5.010061740875244,-0.09494078159332275,0.878566324710846,0.06303185969591141,0.03571540117263794,1.0073670148849487,,,
,,,,,,,0.0,10000.0,90.0
262.264,-4.920671463012695,0.6353079676628113,0.0882716178894043,0.06400784105062485,0.008183138445019722,1.0203043222427368,,,
,,,,,,,0.0,19000.0,90.0
262.274,-0.7178986072540283,-0.8118376135826111,0.09791548550128937,0.06484163552522659,0.030339917168021202,1.0212153196334839,,,
,,,,,,,0.0,19000.0,90.0
262.284,2.385798692703247,-1.101156234741211,-0.37924596667289734,0.06557131558656693,0.035145848989486694,0.9908822178840637,,,
,,,,,,,0.0,19000.0,90.0
262.294,4.755870342254639,0.2764618694782257,-0.19048456847667694,0.07364647090435028,0.03531273454427719,0.9779850244522095,,,
,,,,,,,0.0,19000.0,90.0
262.304,-3.9925458431243896,0.8704847693443298,0.2439703494310379,0.07615770399570465,0.053016167134046555,1.0045921802520752,,,
,,,,,,,0.0,19000.0,90.0
262.314,-0.8878456354141235,-1.0022681951522827,0.49085819721221924,0.0673520639538765,0.024012167006731033,1.0225685834884644,,,
,,,,,,,0.0,19000.0,90.0
262.324,8.211669921875,-0.6165841221809387,-0.5845165848731995,0.06581030040979385,0.004278087522834539,1.00020170211792,,,
,,,,,,,0.0,19000.0,90.0
262.334,-0.3198222517967224,0.13221679627895355,-0.8162991404533386,0.06374161690473557,0.05299077183008194,0.9919352531433105,,,
,,,,,,,0.0,19000.0,90.0
262.344,-3.431857109069824,-0.1399596482515335,0.5166803598403931,0.061891525983810425,0.05895329639315605,0.9966694712638855,,,
,,,,,,,0.0,19000.0,90.0
262.354,-4.406983375549316,0.6648831963539124,-0.11739528924226761,0.06283754110336304,0.011428311467170715,0.9983304738998413,,,
,,,,,,,0.0,28000.0,90.0
262.364,-1.069126844406128,0.39685022830963135,-0.10137294232845306,0.06166831776499748,0.020337948575615883,1.0200906991958618,,,
,,,,,,,0.0,28000.0,90.0
262.374,1.549765706062317,-0.9112537503242493,0.31858769059181213,0.06552014499902725,0.03361349552869797,1.0067024230957031,,,
,,,,,,,0.0,28000.0,90.0
262.384,-5.549046993255615,0.2954196333885193,-0.015217729844152927,0.0737256407737732,0.04069635272026062,0.995543897151947,,,
,,,,,,,0.0,28000.0,90.0
262.394,2.681034564971924,-1.587538719177246,-0.824586808681488,0.0713539570569992,0.02873358502984047,1.0157005786895752,,,
,,,,,,,0.0,28000.0,90.0
262.404,15.674459457397461,-0.9349960088729858,-0.14998674392700195,0.06551264226436615,0.01206923183053732,0.9939368963241577,,,
,,,,,,,0.0,28000.0,90.0
262.414,2.333865165710449,1.337092638015747,0.08008269220590591,0.06918536126613617,0.05543795973062515,0.9776437878608704,,,
,,,,,,,0.0,28000.0,90.0
262.424,-6.23354434967041,0.3668743371963501,0.5124006867408752,0.06073445826768875,0.07146596163511276,1.0083850622177124,,,
,,,,,,,0.0,28000.0,90.0
262.434,-11.346457481384277,1.1712946891784668,0.8063895106315613,0.06330952793359756,0.017429126426577568,1.0145208835601807,,,
,,,,,,,0.0,41000.0,90.0
262.444,-3.9707279205322266,-0.7785213589668274,-0.4699516296386719,0.06420432776212692,0.0015678656054660678,1.026326060295105,,,
,,,,,,,0.0,41000.0,90.0
262.454,4.379664897918701,-1.1627808809280396,-0.6290194392204285,0.06029525399208069,0.025975212454795837,1.002740502357483,,,
,,,,,,,0.0,41000.0,90.0
262.464,-3.6859869956970215,0.028928367421030998,-0.5960407257080078,0.07511747628450394,0.05014949291944504,0.9841011166572571,,,
,,,,,,,0.0,41000.0,90.0
262.474,-3.5042526721954346,-0.11595174670219421,-2.359581708908081,0.07146964967250824,0.046535469591617584,1.0002135038375854,,,
,,,,,,,0.0,41000.0,90.0
262.484,14.242186546325684,-1.4426565170288086,0.9564549326896667,0.06302940100431442,0.014583731070160866,1.014370083808899,,,
,,,,,,,0.0,41000.0,90.0
262.494,21.081871032714844,-1.6257988214492798,-0.1715879887342453,0.06850377470254898,0.027382226660847664,0.9733228087425232,,,
,,,,,,,0.0,41000.0,90.0
262.504,-2.189894676208496,3.3401920795440674,5.143002986907959,0.0768582820892334,0.08891715109348297,0.9731491208076477,,,
,,,,,,,0.0,41000.0,90.0
262.514,-21.025827407836914,1.2950068712234497,-1.9693799018859863,0.060948822647333145,0.07236602902412415,1.0147860050201416,,,
,,,,,,,0.0,52000.0,90.0
262.524,-12.289799690246582,1.1010247468948364,0.4295360743999481,0.05620833858847618,-0.011619464494287968,1.050883173942566,,,
,,,,,,,0.0,52000.0,90.0
262.534,8.224844932556152,-1.2739156484603882,0.6667913198471069,0.05581648275256157,-0.03482445701956749,1.0289041996002197,,,
,,,,,,,0.0,52000.0,90.0
262.544,-0.980650782585144,-1.0913304090499878,-3.6127049922943115,0.0645715519785881,0.030361121520400047,1.000666856765747,,,
,,,,,,,0.0,52000.0,90.0
262.554,-8.296842575073242,-0.5789514780044556,-4.426178455352783,0.0841824859380722,0.06813126802444458,0.996574342250824,,,
,,,,,,,0.0,52000.0,90.0
262.564,3.4159371852874756,-1.4759405851364136,-0.020977593958377838,0.07201285660266876,0.03150280565023422,1.0018160343170166,,,
,,,,,,,0.0,52000.0,90.0
262.574,17.726648330688477,-2.4069132804870605,-0.27951371669769287,0.07261406630277634,0.014398879371583462,0.9914477467536926,,,
,,,,,,,0.0,52000.0,90.0
262.584,11.3112154006958,-0.9777825474739075,-0.44457241892814636,0.07422015070915222,0.05425247922539711,0.9588567614555359,,,
,,,,,,,0.0,52000.0,90.0
262.594,5.173276901245117,3.9203941822052,8.311033248901367,0.07259510457515717,0.0941382572054863,0.9759543538093567,,,
,,,,,,,0.0,52000.0,90.0
262.604,-7.589424133300781,3.6151812076568604,2.342601776123047,0.06411505490541458,0.05733456462621689,1.0028448104858398,,,
,,,,,,,0.0,61000.0,90.0
262.614,-23.6802921295166,2.6194868087768555,-0.9817762970924377,0.05775841325521469,0.0077741434797644615,1.0490951538085938,,,
,,,,,,,0.0,61000.0,90.0
262.624,3.164186716079712,-2.5587010383605957,1.0595347881317139,0.0463838167488575,-0.017826957628130913,1.0653269290924072,,,
,,,,,,,0.0,61000.0,90.0
262.634,5.597978115081787,-1.9577075242996216,0.10083245486021042,0.050841063261032104,-0.004172659013420343,1.0139986276626587,,,
,,,,,,,0.0,61000.0,90.0
262.644,0.18645018339157104,-2.0038392543792725,-6.5125226974487305,0.07095803320407867,0.046296097338199615,0.9832801818847656,,,
,,,,,,,0.0,61000.0,90.0
262.654,-4.4193243980407715,0.38356533646583557,-0.9539786577224731,0.08534055948257446,0.07639457285404205,0.9795454144477844,,,
,,,,,,,0.0,61000.0,90.0
262.664,2.924778699874878,-0.5476062297821045,0.45566627383232117,0.06870869547128677,0.048697713762521744,0.9789398312568665,,,
,,,,,,,0.0,61000.0,90.0
262.674,0.020626995712518692,0.672475278377533,-0.8266533017158508,0.07098506391048431,0.021020298823714256,0.9920383095741272,,,
,,,,,,,0.0,61000.0,90.0
262.684,8.086054801940918,-0.6675938367843628,-0.5261281132698059,0.07036382704973221,0.027435416355729103,1.01194167137146,,,
,,,,,,,0.0,61000.0,90.0
262.694,4.323469638824463,0.519608199596405,2.0356390476226807,0.0647263377904892,0.03558694198727608,0.9980138540267944,,,
,,,,,,,0.0,65535.0,90.0
262.704,0.9558390974998474,0.6137785911560059,-0.1822013407945633,0.05846036598086357,0.0362221822142601,1.0084213018417358,,,
,,,,,,,0.0,65535.0,90.0
262.714,-6.636737823486328,0.7288036346435547,-0.0756959319114685,0.0634375512599945,0.033961109817028046,1.0218558311462402,,,
,,,,,,,0.0,65535.0,90.0
262.724,-4.702664375305176,-0.3181886374950409,-0.08399064838886261,0.06540936976671219,0.028931207954883575,1.0125852823257446,,,
,,,,,,,0.0,65535.0,90.0
262.734,-2.4096767902374268,-0.29685550928115845,-0.02125237137079239,0.06479113548994064,0.03264445811510086,1.0011073350906372,,,
,,,,,,,0.0,65535.0,90.0
262.744,2.4941484928131104,-0.11333972215652466,0.2971630394458771,0.06545065343379974,0.03694399073719978,0.9956417679786682,,,
,,,,,,,0.0,65535.0,90.0
262.754,1.4350106716156006,0.14829055964946747,-0.24383395910263062,0.06896290928125381,0.034993547946214676,0.995639979839325,,,
,,,,,,,0.0,65535.0,90.0
262.764,-0.3954460918903351,-0.37873363494873047,-0.30818530917167664,0.06707976013422012,0.030816761776804924,1.0014592409133911,,,
,,,,,,,0.0,65535.0,90.0
262.774,-0.09290053695440292,0.5325727462768555,-0.06691861897706985,0.06803201138973236,0.02932334877550602,1.0061204433441162,,,
,,,,,,,0.0,65535.0,90.0
262.784,-0.49718576669692993,0.0854230746626854,0.05974593758583069,0.061743561178445816,0.030469343066215515,1.0128002166748047,,,
,,,,,,,7000.0,65535.0,90.0
262.794,1.8583729267120361,-0.346808522939682,-0.1054796501994133,0.06428223103284836,0.026949534192681313,1.0030531883239746,,,
,,,,,,,7000.0,65535.0,90.0
262.804,2.514971971511841,0.019399093464016914,-0.382040798664093,0.06514357775449753,0.04309088736772537,1.0009509325027466,,,
,,,,,,,7000.0,65535.0,90.0
262.814,0.4461483061313629,-0.3066999614238739,-0.3451904058456421,0.06532812118530273,0.046368878334760666,0.9992721676826477,,,
,,,,,,,7000.0,65535.0,90.0
262.824,-0.8598384857177734,-0.1916421800851822,-0.4098407030105591,0.06648891419172287,0.03331541642546654,0.998821496963501,,,
,,,,,,,7000.0,65535.0,90.0
262.834,-0.8297331929206848,-0.14948950707912445,0.06892121583223343,0.06606897711753845,0.03168380632996559,1.0025607347488403,,,
,,,,,,,7000.0,65535.0,90.0
262.844,-1.4888027906417847,-0.301552414894104,0.2907945513725281,0.06355106085538864,0.03297464922070503,1.006258249282837,,,
,,,,,,,7000.0,65535.0,90.0
262.854,-0.2517825663089752,-0.1973152905702591,-0.036246273666620255,0.06417302787303925,0.022786736488342285,0.9997444748878479,,,
,,,,,,,7000.0,65535.0,90.0
262.864,-0.3306853175163269,-0.16175994277000427,-0.10449176281690598,0.06582643836736679,0.02663584053516388,0.9978464841842651,,,
,,,,,,,7000.0,65535.0,90.0
262.874,0.22991544008255005,0.08989768475294113,0.4057510197162628,0.062245097011327744,0.031589630991220474,1.0050058364868164,,,
,,,,,,,21000.0,65535.0,90.0
262.884,-0.024865349754691124,0.11492080241441727,0.20896297693252563,0.06654808670282364,0.02781658247113228,1.0079119205474854,,,
,,,,,,,21000.0,65535.0,90.0
262.894,-0.7534117698669434,-0.3708779215812683,0.04828683286905289,0.06056896224617958,0.027392767369747162,1.0026954412460327,,,
,,,,,,,21000.0,65535.0,90.0
262.904,2.4829752445220947,-0.27130812406539917,-0.3241511285305023,0.06834205240011215,0.03567970171570778,1.002284288406372,,,
,,,,,,,21000.0,65535.0,90.0
262.914,0.15112251043319702,-0.8941909670829773,-0.10374754667282104,0.07166799157857895,0.05334552004933357,1.0155285596847534,,,
,,,,,,,21000.0,65535.0,90.0
262.924,0.20563197135925293,-1.3900855779647827,-0.6627379059791565,0.06737606972455978,0.028653942048549652,0.9991666078567505,,,
,,,,,,,21000.0,65535.0,90.0
262.934,0.6998336315155029,0.2885122299194336,-1.153579592704773,0.06776398420333862,0.032510485500097275,0.9753038287162781,,,
,,,,,,,21000.0,65535.0,90.0
262.944,2.0544514656066895,0.12890151143074036,1.0368732213974,0.06134724244475365,0.059839457273483276,0.9985787272453308,,,
,,,,,,,21000.0,65535.0,90.0
262.954,-0.24667879939079285,-0.20946726202964783,1.0513910055160522,0.06279858201742172,0.0154611486941576,1.0074450969696045,,,
,,,,,,,21000.0,65535.0,90.0
262.964,-2.1456515789031982,0.7650232315063477,-1.3113129138946533,0.06661976128816605,0.006364982575178146,1.0145004987716675,,,
,,,,,,,36000.0,65535.0,90.0
262.974,-2.1731011867523193,0.14919117093086243,-0.6480280756950378,0.057619962841272354,0.05041003227233887,1.0160259008407593,,,
,,,,,,,36000.0,65535.0,90.0
262.984,-0.022728759795427322,-0.5129460692405701,0.3353850245475769,0.062138427048921585,0.03209000825881958,0.9946843385696411,,,
,,,,,,,36000.0,65535.0,90.0
262.994,3.0783355236053467,-0.156436949968338,-0.1280067414045334,0.06555519253015518,0.020111501216888428,0.988804280757904,,,
,,,,,,,36000.0,65535.0,90.0
263.004,1.0465575456619263,-0.9093506336212158,-0.3456495404243469,0.06340546905994415,0.05572913959622383,1.0276907682418823,,,
,,,,,,,36000.0,65535.0,90.0
263.014,-6.6798996925354,-1.4133827686309814,-1.7293789386749268,0.07240404188632965,0.04096917808055878,1.0228773355484009,,,
,,,,,,,36000.0,65535.0,90.0
263.024,-12.49478816986084,5.864507675170898,-1.234055519104004,0.036905474960803986,0.04845356568694115,0.9781549572944641,,,
,,,,,,,36000.0,65535.0,90.0
263.034,14.560486793518066,-12.101428985595703,6.218709468841553,0.08239809423685074,0.03912302851676941,1.0150240659713745,,,
,,,,,,,36000.0,65535.0,90.0
263.044,36.32788848876953,14.59378433227539,-2.342916488647461,0.15992042422294617,-0.025924459099769592,0.8637994527816772,,,
,,,,,,,36000.0,65535.0,90.0
263.054,-57.761451721191406,9.823585510253906,-5.880859375,0.05983725190162659,0.10115996748209,0.9345557689666748,,,
,,,,,,,53000.0,65535.0,90.0
263.064,30.865602493286133,-16.59902000427246,0.5932052135467529,0.02047383040189743,0.10333073884248734,1.166352391242981,,,
,,,,,,,53000.0,65535.0,90.0
263.074,2.2627358436584473,7.47255802154541,8.592540740966797,0.041216034442186356,-0.05038721486926079,1.0498554706573486,,,
,,,,,,,53000.0,65535.0,90.0
263.084,-4.021237373352051,6.278769493103027,-6.498991966247559,0.05234047770500183,-0.05540736764669418,1.0714895725250244,,,
,,,,,,,53000.0,65535.0,90.0
263.094,7.844335556030273,-19.609153747558594,-3.881950616836548,0.04737083986401558,0.04966145008802414,1.0675212144851685,,,
,,,,,,,53000.0,65535.0,90.0
263.104,-6.182159423828125,0.5828056931495667,4.965940475463867,0.06155463680624962,0.12367846816778183,0.8971431255340576,,,
,,,,,,,53000.0,65535.0,90.0
263.114,-1.9316128492355347,2.063992977142334,2.6985483169555664,0.13042746484279633,0.0653967559337616,0.9130539894104004,,,
,,,,,,,53000.0,65535.0,90.0
263.124,-16.13469696044922,2.586818218231201,-4.715176105499268,0.12489154934883118,0.0024648187682032585,0.9281526803970337,,,
,,,,,,,53000.0,65535.0,90.0
263.134,18.28130340576172,11.296045303344727,1.6962413787841797,0.03855635225772858,0.023307600989937782,1.043073296546936,,,
,,,,,,,53000.0,65535.0,90.0
263.144,4.319336414337158,-4.429895877838135,0.16795484721660614,0.04103803634643555,0.012140262871980667,1.0949491262435913,,,
,,,,,,,63000.0,65535.0,90.0
263.154,-1.8203544616699219,-5.829989433288574,-1.1527127027511597,0.05244215577840805,0.009970758110284805,1.061604380607605,,,
,,,,,,,63000.0,65535.0,90.0
263.164,-4.2287397384643555,-0.4068642556667328,-0.7359796166419983,0.05696214362978935,0.06433475017547607,0.9688044190406799,,,
,,,,,,,63000.0,65535.0,90.0
263.174,-4.780667781829834,2.7998111248016357,1.1294528245925903,0.08656814694404602,0.07264186441898346,0.9559028148651123,,,
,,,,,,,63000.0,65535.0,90.0
263.184,3.464357852935791,-4.441101551055908,0.8895914554595947,0.11391595751047134,0.01493050903081894,0.9737551212310791,,,
,,,,,,,63000.0,65535.0,90.0
263.194,4.124938011169434,4.635925769805908,1.2537281513214111,0.07194769382476807,0.024676330387592316,0.9645087122917175,,,
,,,,,,,63000.0,65535.0,90.0
263.204,-3.8169586658477783,2.0603439807891846,0.07323523610830307,0.04127715155482292,0.07131325453519821,1.0341646671295166,,,
,,,,,,,63000.0,65535.0,90.0
263.214,3.84743595123291,0.384263813495636,0.04019597917795181,0.0445159487426281,0.02586306631565094,1.0643006563186646,,,
,,,,,,,63000.0,65535.0,90.0
263.224,-3.260456085205078,-2.4728283882141113,-1.2674607038497925,0.06357444822788239,-0.015606622211635113,1.0224025249481201,,,
,,,,,,,65535.0,65535.0,90.0
263.234,4.67355489730835,-2.705101490020752,0.45118504762649536,0.057552237063646317,0.043850455433130264,0.9932578206062317,,,
,,,,,,,65535.0,65535.0,90.0
263.244,-5.4240007400512695,-0.2977757155895233,0.5741209983825684,0.07667621970176697,0.07441290467977524,0.9684770107269287,,,
,,,,,,,65535.0,65535.0,90.0
263.254,-3.7296438217163086,0.7091025710105896,-1.1358554363250732,0.07777231186628342,0.025567784905433655,0.9797654151916504,,,
,,,,,,,65535.0,65535.0,90.0
263.264,1.9251246452331543,1.9536261558532715,-1.4744616746902466,0.0798758789896965,0.011232522316277027,1.0025204420089722,,,
,,,,,,,65535.0,65535.0,90.0
263.274,7.704273700714111,-0.37447381019592285,-0.7892597913742065,0.05337125062942505,0.04288024082779884,1.018929123878479,,,
,,,,,,,65535.0,65535.0,90.0
263.284,0.5848211050033569,-1.158553123474121,0.33637306094169617,0.0650143027305603,0.044520508497953415,1.0020380020141602,,,
,,,,,,,65535.0,65535.0,90.0
263.294,-4.452520847320557,0.16953501105308533,0.27020207047462463,0.07278767973184586,0.03350896015763283,0.9972364902496338,,,
,,,,,,,65535.0,65535.0,90.0
263.304,-1.288205862045288,-0.10645242035388947,-0.060099225491285324,0.06278903037309647,0.03887761011719704,1.0065371990203857,,,
,,,,,,,65535.0,65535.0,90.0
263.314,-1.5421119928359985,-0.05589575693011284,-0.4801747798919678,0.06393561512231827,0.0307011716067791,1.0042171478271484,,,
,,,,,,,65535.0,65535.0,90.0
263.324,4.630829811096191,-0.009743132628500462,0.14019739627838135,0.06785302609205246,0.029142241925001144,0.9986249208450317,,,
,,,,,,,65535.0,65535.0,90.0
263.334,0.9275922179222107,0.17444749176502228,-0.1350598782300949,0.067344531416893,0.039149172604084015,0.9971439242362976,,,
,,,,,,,65535.0,65535.0,90.0
263.344,-2.2599728107452393,-0.019219988957047462,0.261075884103775,0.06282634288072586,0.038729581981897354,1.0058188438415527,,,
,,,,,,,65535.0,65535.0,90.0
263.354,-1.7321274280548096,-0.11322596669197083,-0.12832970917224884,0.06187257543206215,0.024130025878548622,1.0068926811218262,,,
,,,,,,,65535.0,65535.0,90.0
263.364,-0.6189284920692444,-0.25252556800842285,0.02033638395369053,0.062172967940568924,0.029144346714019775,1.0076844692230225,,,
,,,,,,,65535.0,65535.0,90.0
263.374,2.0113298892974854,-0.38126522302627563,0.2219141721725464,0.06323404610157013,0.03398711606860161,1.00143301486969,,,
,,,,,,,65535.0,65535.0,90.0
263.384,0.7899396419525146,0.19615821540355682,-0.19361978769302368,0.06569389253854752,0.03568026050925255,0.9973734617233276,,,
,,,,,,,65535.0,65535.0,90.0
263.394,0.4330616593360901,-0.16049204766750336,-0.44725483655929565,0.06577859073877335,0.043085355311632156,1.0038211345672607,,,
,,,,,,,65535.0,65535.0,90.0
263.404,-1.1787855625152588,-0.3838191628456116,-0.22761544585227966,0.06318804621696472,0.04120287299156189,1.0048857927322388,,,
,,,,,,,65535.0,65535.0,90.0
263.414,-0.8941972851753235,-0.12360706925392151,-0.0011314963921904564,0.06504253298044205,0.03401411324739456,1.002031683921814,,,
,,,,,,,65535.0,65535.0,90.0
263.424,-0.21467208862304688,-0.11303681880235672,0.12908312678337097,0.06659811735153198,0.03667750954627991,0.9995837807655334,,,
,,,,,,,65535.0,65535.0,90.0
263.434,0.06691838055849075,-0.33830228447914124,-0.12123030424118042,0.06361155211925507,0.036623917520046234,0.999336302280426,,,
,,,,,,,65535.0,65535.0,90.0
263.444,1.2411141395568848,0.012669360265135765,0.20875184237957,0.06453872472047806,0.028278419747948647,1.0029284954071045,,,
,,,,,,,65535.0,65535.0,90.0
263.454,-0.10792894661426544,0.07449222356081009,0.023527687415480614,0.06523444503545761,0.03257715702056885,1.006380319595337,,,
,,,,,,,65535.0,65535.0,90.0
263.464,-1.0490639209747314,-0.11741075664758682,-0.07700306177139282,0.06377553194761276,0.03309166058897972,1.0048857927322388,,,
,,,,,,,65535.0,65535.0,90.0
263.474,-0.7470968961715698,0.28677183389663696,0.12819895148277283,0.06337922066450119,0.03178710862994194,1.000732421875,,,
,,,,,,,65535.0,65535.0,90.0
263.484,0.6183493137359619,-0.2255171239376068,-0.07153942435979843,0.06277546286582947,0.03444972261786461,1.003221869468689,,,
,,,,,,,65535.0,65535.0,90.0
263.494,0.678483784198761,0.22206275165081024,0.11556651443243027,0.06307034939527512,0.03566383942961693,1.0046412944793701,,,
,,,,,,,65535.0,65535.0,90.0
263.504,0.31577154994010925,-0.6369600296020508,0.20138147473335266,0.06359866261482239,0.03610248863697052,1.0040501356124878,,,
,,,,,,,65535.0,65535.0,90.0
263.514,-0.280184805393219,-0.09237056970596313,-0.02789135091006756,0.06501533836126328,0.032746460288763046,1.0027709007263184,,,
,,,,,,,65535.0,65535.0,90.0
263.524,-0.657524824142456,-0.2068433165550232,0.4397416114807129,0.06644585728645325,0.033300332725048065,1.0034642219543457,,,
,,,,,,,65535.0,65535.0,90.0
263.534,-0.3834955394268036,-0.27100908756256104,-0.08399172872304916,0.06376505643129349,0.0315755158662796,1.0033291578292847,,,
,,,,,,,65535.0,65535.0,90.0
263.544,0.4675685167312622,-0.31762075424194336,-0.21324117481708527,0.06441810727119446,0.028140338137745857,1.0041953325271606,,,
,,,,,,,65535.0,65535.0,90.0
263.554,0.5951425433158875,-0.27082905173301697,-0.18705905973911285,0.0636710450053215,0.030009271577000618,1.0030354261398315,,,
,,,,,,,65535.0,65535.0,90.0
263.564,-0.3460165560245514,0.24081356823444366,0.22348850965499878,0.06350550055503845,0.0325826033949852,1.00098717212677,,,
,,,,,,,65535.0,65535.0,90.0
263.574,-0.7310473918914795,-0.11689121276140213,0.025956131517887115,0.06400293111801147,0.03531597927212715,1.0027894973754883,,,
,,,,,,,65535.0,54000.0,90.0
263.584,-0.41508638858795166,-0.05409163981676102,0.0574808232486248,0.06681692600250244,0.0343765951693058,1.004531979560852,,,
,,,,,,,65535.0,54000.0,90.0
263.594,-0.22374866902828217,0.3912774324417114,-0.14508716762065887,0.06833098083734512,0.035240333527326584,1.0026689767837524,,,
,,,,,,,65535.0,54000.0,90.0
263.604,1.4948488473892212,0.4063167870044708,0.07279392331838608,0.07656431943178177,0.04814305901527405,1.003182291984558,,,
,,,,,,,65535.0,54000.0,90.0
263.614,1.0547473430633545,-1.1985862255096436,-0.241451695561409,0.06963341683149338,0.039972107857465744,1.0194978713989258,,,
,,,,,,,65535.0,54000.0,90.0
263.624,3.977278709411621,-2.480738639831543,-0.2397739738225937,0.066815085709095,0.030873676761984825,1.0022659301757812,,,
,,,,,,,65535.0,54000.0,90.0
263.634,2.407505512237549,1.0994768142700195,0.10431437194347382,0.06472833454608917,0.04450155794620514,0.973121702671051,,,
,,,,,,,65535.0,54000.0,90.0
263.644,-5.149843692779541,1.7426913976669312,0.8879510164260864,0.08240403980016708,0.05883845314383507,0.990225076675415,,,
,,,,,,,65535.0,54000.0,90.0
263.654,-12.269709587097168,2.292721748352051,0.3354286551475525,0.05957779660820961,0.03157001733779907,1.010669231414795,,,
,,,,,,,65535.0,45000.0,90.0
263.664,-4.634415626525879,-0.7354405522346497,-1.9733796119689941,0.05161256343126297,0.006076077930629253,1.0411038398742676,,,
,,,,,,,65535.0,45000.0,90.0
263.674,4.556074619293213,-2.5545735359191895,-0.7850188612937927,0.05939292907714844,0.013998190872371197,1.0276111364364624,,,
,,,,,,,65535.0,45000.0,90.0
263.684,16.990793228149414,-6.180611610412598,-0.31272000074386597,0.07839679718017578,0.03806981071829796,1.0075451135635376,,,
,,,,,,,65535.0,45000.0,90.0
263.694,17.443599700927734,-3.1335604190826416,0.2523978352546692,0.056975673884153366,0.04642757400870323,0.9401105046272278,,,
,,,,,,,65535.0,45000.0,90.0
263.704,7.643599033355713,8.318387031555176,10.878888130187988,0.09388090670108795,0.09490292519330978,0.9247565269470215,,,
,,,,,,,65535.0,45000.0,90.0
263.714,-29.812410354614258,7.204239845275879,0.7382433414459229,0.1140817329287529,0.10346278548240662,0.9918962121009827,,,
,,,,,,,65535.0,45000.0,90.0
263.724,-53.017269134521484,1.8523807525634766,-0.5783650875091553,0.039026226848363876,0.03721160814166069,1.0895379781723022,,,
,,,,,,,65535.0,45000.0,90.0
263.734,16.733505249023438,-7.113792896270752,0.27670514583587646,-0.0020084145944565535,-0.09444322437047958,1.1366592645645142,,,
,,,,,,,65535.0,31000.0,90.0
263.744,38.568939208984375,-5.345954895019531,-1.123671531677246,0.053269099444150925,-0.09919281303882599,0.9960861206054688,,,
,,,,,,,65535.0,31000.0,90.0
263.754,19.158130645751953,-3.399810552597046,-3.336785316467285,0.11124688386917114,0.07233527302742004,0.9257695078849792,,,
,,,,,,,65535.0,31000.0,90.0
263.764,0.9757470488548279,-0.8985899090766907,-0.6682343482971191,0.08505327254533768,0.1928141862154007,0.9516133666038513,,,
,,,,,,,65535.0,31000.0,90.0
263.774,-0.5158316493034363,5.637256622314453,8.704224586486816,0.07220606505870819,0.11226331442594528,0.9383690357208252,,,
,,,,,,,65535.0,31000.0,90.0
263.784,-7.835409641265869,7.553005218505859,11.598071098327637,0.10219479352235794,0.02120179682970047,0.9658056497573853,,,
,,,,,,,65535.0,31000.0,90.0
263.794,-75.19097137451172,5.639375686645508,-10.021832466125488,0.07734754681587219,0.05115288123488426,1.067413091659546,,,
,,,,,,,65535.0,31000.0,90.0
263.804,-12.458894729614258,-7.991091251373291,-7.074663162231445,0.020444385707378387,-0.04432091861963272,1.1653751134872437,,,
,,,,,,,65535.0,31000.0,90.0
263.814,76.04428100585938,-7.230676174163818,4.68983268737793,-0.013588106259703636,-0.14128288626670837,0.9999473690986633,,,
,,,,,,,65535.0,31000.0,90.0
263.824,27.116296768188477,1.115390419960022,-6.641493320465088,0.11648538708686829,-0.013084853067994118,0.9061437249183655,,,
,,,,,,,65535.0,19000.0,90.0
263.834,-19.883594512939453,0.2415347397327423,-7.642467498779297,0.1313575655221939,0.2179819941520691,0.9709974527359009,,,
,,,,,,,65535.0,19000.0,90.0
263.844,-20.040124893188477,1.1586740016937256,2.3685333728790283,0.038428667932748795,0.20263229310512543,0.9976419806480408,,,
,,,,,,,65535.0,19000.0,90.0
263.854,-12.588662147521973,1.1028443574905396,3.800286054611206,0.06375627219676971,-0.013283371925354004,0.9867631196975708,,,
,,,,,,,65535.0,19000.0,90.0
263.864,14.405865669250488,0.2787624001502991,-1.2999016046524048,0.07221728563308716,-0.11377382278442383,1.0279277563095093,,,
,,,,,,,65535.0,19000.0,90.0
263.874,19.565073013305664,-1.121030569076538,-0.8200766444206238,0.06566648930311203,0.015059475786983967,1.0082824230194092,,,
,,,,,,,65535.0,19000.0,90.0
263.884,-21.970674514770508,2.5213027000427246,-0.8516135215759277,0.05828889459371567,0.14371523261070251,1.015912652015686,,,
,,,,,,,65535.0,19000.0,90.0
263.894,-3.282527446746826,-2.954968214035034,-0.6766995191574097,0.05549570545554161,0.04903128743171692,1.0208953619003296,,,
,,,,,,,65535.0,19000.0,90.0
263.904,-3.7249934673309326,1.817777156829834,-1.109816551208496,0.07113755494356155,-0.03582827374339104,0.985863208770752,,,
,,,,,,,65535.0,11000.0,90.0
263.914,10.099372863769531,-1.5162419080734253,-1.1739356517791748,0.06401390582323074,0.029981747269630432,1.0124318599700928,,,
,,,,,,,65535.0,11000.0,90.0
263.924,2.328449010848999,-0.777568519115448,0.26708802580833435,0.06349776685237885,0.07753677666187286,0.9894229769706726,,,
,,,,,,,65535.0,11000.0,90.0
263.934,-2.655014753341675,0.37855449318885803,-0.050742704421281815,0.07183244824409485,0.040271859616041183,0.9843593239784241,,,
,,,,,,,65535.0,11000.0,90.0
263.944,12.400211334228516,0.15334820747375488,0.4346645474433899,0.07959969341754913,0.01901976577937603,0.9885467886924744,,,
,,,,,,,65535.0,11000.0,90.0
263.954,-8.986599922180176,2.11244535446167,-0.01646689884364605,0.06551845371723175,0.0632355734705925,0.9987760782241821,,,
,,,,,,,65535.0,11000.0,90.0
263.964,-12.74512004852295,0.04968759045004845,1.5582376718521118,0.06013678386807442,0.051470015197992325,1.0402284860610962,,,
,,,,,,,65535.0,11000.0,90.0
263.974,1.1536030769348145,-1.7110276222229004,-2.3041586875915527,0.05445677414536476,-0.017839772626757622,1.0240731239318848,,,
,,,,,,,65535.0,11000.0,90.0
263.984,2.633786916732788,0.12810342013835907,-0.988042414188385,0.06810086220502853,0.010107196867465973,1.0008070468902588,,,
,,,,,,,65535.0,11000.0,90.0
263.994,10.348947525024414,-1.757759928703308,0.3594088852405548,0.06763622164726257,0.06781546771526337,0.9896860718727112,,,
,,,,,,,65535.0,4000.0,90.0
264.004,-2.9662246704101562,0.8003636002540588,-0.5159318447113037,0.07138747721910477,0.05682790279388428,0.9613931775093079,,,
,,,,,,,65535.0,4000.0,90.0
264.014,-1.9821966886520386,0.8215002417564392,-0.12824267148971558,0.0655127540230751,0.029498223215341568,1.0001832246780396,,,
,,,,,,,65535.0,4000.0,90.0
264.024,6.4199419021606445,0.23244063556194305,0.6075498461723328,0.0790167823433876,0.016402019187808037,1.0196260213851929,,,
,,,,,,,65535.0,4000.0,90.0
264.034,-8.007039070129395,0.950810968875885,-0.13294054567813873,0.05776229873299599,0.03844963014125824,1.0068248510360718,,,
,,,,,,,65535.0,4000.0,90.0
264.044,-5.535070419311523,-0.7859910130500793,0.4666888117790222,0.06253274530172348,0.04110044613480568,1.0214859247207642,,,
,,,,,,,65535.0,4000.0,90.0
264.054,-1.015258550643921,-0.9577893614768982,-2.116158962249756,0.06033887714147568,0.010596384294331074,0.9988467693328857,,,
,,,,,,,65535.0,4000.0,90.0
264.064,3.935086488723755,-0.6864027380943298,0.0106101855635643,0.07206347584724426,0.025448720902204514,0.9996843934059143,,,
,,,,,,,65535.0,4000.0,90.0
264.074,7.474264144897461,-0.22574466466903687,0.28663817048072815,0.06745176017284393,0.05145419016480446,0.9867554306983948,,,
,,,,,,,65535.0,4000.0,90.0
264.084,-4.15261173248291,0.8470355272293091,-0.6823009848594666,0.06889493763446808,0.04650982841849327,0.9822783470153809,,,
,,,,,,,65535.0,1000.0,90.0
264.094,0.2560308873653412,-0.2693417966365814,0.056023821234703064,0.062327515333890915,0.030737174674868584,1.0086511373519897,,,
,,,,,,,65535.0,1000.0,90.0
264.104,-2.6469919681549072,-0.04648474603891373,0.258870929479599,0.0619920939207077,0.026150589808821678,1.0179328918457031,,,
,,,,,,,65535.0,1000.0,90.0
264.114,-1.3224586248397827,-0.7172288298606873,0.30200937390327454,0.06505317240953445,0.028988858684897423,1.0167450904846191,,,
,,,,,,,65535.0,1000.0,90.0
264.124,3.3723771572113037,-0.5987014770507812,-0.20981085300445557,0.06696882098913193,0.02896290458738804,0.9906224012374878,,,
,,,,,,,65535.0,1000.0,90.0
264.134,-4.066318511962891,0.9801910519599915,-0.5772665739059448,0.0696849375963211,0.04901788383722305,0.9863675832748413,,,
,,,,,,,65535.0,1000.0,90.0
264.144,1.5394482612609863,-0.46632593870162964,0.6959015130996704,0.06336614489555359,0.03459873050451279,1.0079416036605835,,,
,,,,,,,65535.0,1000.0,90.0
264.154,0.6088201999664307,0.1751493513584137,-0.11796700209379196,0.0660460889339447,0.012202468700706959,1.0078489780426025,,,
,,,,,,,65535.0,1000.0,90.0
264.164,0.36899662017822266,0.1593244969844818,-0.4820134937763214,0.0641375184059143,0.03455114737153053,1.0136500597000122,,,
,,,,,,,65535.0,0.0,90.0
264.174,0.18594497442245483,-0.842595100402832,0.17422889173030853,0.0631246492266655,0.04442305117845535,0.9985811710357666,,,
,,,,,,,58000.0,0.0,90.0
264.184,-1.2974514961242676,1.0976381301879883,-0.2918781340122223,0.06959426403045654,0.029486579820513725,0.9869619607925415,,,
,,,,,,,58000.0,0.0,90.0
264.194,0.8417057991027832,-0.06217450648546219,0.048008259385824203,0.06798148155212402,0.03750654309988022,1.0078730583190918,,,
,,,,,,,58000.0,0.0,90.0
264.204,-0.7740277647972107,-1.4409470558166504,0.08027651906013489,0.06749553978443146,0.029828084632754326,1.0054558515548706,,,
,,,,,,,58000.0,0.0,90.0
264.214,0.8633162379264832,1.7540644407272339,0.3765776753425598,0.07192062586545944,0.02673499472439289,0.9998531937599182,,,
,,,,,,,58000.0,0.0,90.0
264.224,-2.803723096847534,0.8623385429382324,-0.8232973217964172,0.05818553268909454,0.045992735773324966,1.0084450244903564,,,
,,,,,,,58000.0,0.0,90.0
264.234,-1.1204787492752075,-1.3311494588851929,-0.2697381377220154,0.06422511488199234,0.03612866625189781,1.0091646909713745,,,
,,,,,,,58000.0,0.0,90.0
264.244,1.0483261346817017,-0.8041285276412964,0.08941971510648727,0.06827955693006516,0.023450713604688644,0.9926775097846985,,,
,,,,,,,58000.0,0.0,90.0
264.254,2.931288719177246,-0.21102619171142578,0.430262953042984,0.06555181741714478,0.03801611810922623,0.9957219362258911,,,
,,,,,,,58000.0,0.0,90.0
264.264,-0.9405555725097656,0.4699130654335022,0.10686303675174713,0.06475558876991272,0.03667348995804787,1.0052099227905273,,,
,,,,,,,58000.0,0.0,90.0
264.274,-2.1865360736846924,0.24826276302337646,-0.48380929231643677,0.06330069154500961,0.024196717888116837,1.0072587728500366,,,
,,,,,,,38000.0,0.0,90.0
264.284,0.4014808237552643,-0.022860657423734665,-0.239054337143898,0.06172597035765648,0.030266884714365005,1.006238341331482,,,
,,,,,,,38000.0,0.0,90.0
264.294,0.6288637518882751,-0.6374754309654236,0.314911425113678,0.06788960844278336,0.033777736127376556,0.9985174536705017,,,
,,,,,,,38000.0,0.0,90.0
264.304,1.3713916540145874,-1.312887191772461,0.354838490486145,0.07174273580312729,0.03506730869412422,0.9934127330780029,,,
,,,,,,,38000.0,0.0,90.0
264.314,0.649617612361908,0.6903808116912842,0.47398266196250916,0.08002124726772308,0.03951852396130562,0.9988961219787598,,,
,,,,,,,38000.0,0.0,90.0
264.324,-2.361060380935669,1.8412584066390991,-0.9391684532165527,0.06866177916526794,0.038899704813957214,1.0061604976654053,,,
,,,,,,,38000.0,0.0,90.0
264.334,-0.4613080322742462,0.31622251868247986,-0.459907591342926,0.06521159410476685,0.032044533640146255,1.0221366882324219,,,
,,,,,,,38000.0,0.0,90.0
264.344,-3.7821640968322754,0.7084209322929382,-0.4794188439846039,0.057991281151771545,0.029873715713620186,1.0159142017364502,,,
,,,,,,,38000.0,0.0,90.0
264.354,-0.19891773164272308,-3.1438167095184326,0.3341541588306427,0.06549648940563202,0.03577570244669914,1.0044946670532227,,,
,,,,,,,25000.0,0.0,90.0
264.364,5.631202697753906,-0.9076443910598755,0.7630380988121033,0.05746394023299217,0.03216288983821869,0.9719810485839844,,,
,,,,,,,25000.0,0.0,90.0
264.374,-0.7399730682373047,0.32732954621315,0.5129872560501099,0.08540510386228561,0.042019445449113846,0.989942193031311,,,
,,,,,,,25000.0,0.0,90.0
264.384,2.9826102256774902,-0.45651769638061523,-0.2807232439517975,0.07439552992582321,0.03230522200465202,1.004562258720398,,,
,,,,,,,25000.0,0.0,90.0
264.394,-1.1203175783157349,2.0508556365966797,0.20612387359142303,0.07570303976535797,0.02609977312386036,1.0042033195495605,,,
,,,,,,,25000.0,0.0,90.0
264.404,-0.812934935092926,1.337918996810913,-0.18854399025440216,0.052136968821287155,0.03250247985124588,1.0248000621795654,,,
,,,,,,,25000.0,0.0,90.0
264.414,-6.164429664611816,-0.14422999322414398,-0.664659321308136,0.06584347784519196,0.03228994831442833,1.026647925376892,,,
,,,,,,,25000.0,0.0,90.0
264.424,-3.3643863201141357,-2.637883186340332,-0.6792276501655579,0.05644196271896362,0.03526988625526428,1.0000749826431274,,,
,,,,,,,25000.0,0.0,90.0
264.434,7.012721061706543,-3.514031171798706,0.8572636246681213,0.05877764895558357,0.04036851227283478,0.9745898842811584,,,
,,,,,,,25000.0,3000.0,90.0
264.444,3.9442527294158936,0.05541686713695526,0.3322778046131134,0.09847427159547806,0.031427182257175446,0.9747155904769897,,,
,,,,,,,10000.0,3000.0,90.0
264.454,-1.0427120923995972,2.9252471923828125,-0.3759421110153198,0.07874149084091187,0.03364948928356171,0.9875355958938599,,,
,,,,,,,10000.0,3000.0,90.0
264.464,-0.8305125832557678,0.8906140327453613,-0.4297080636024475,0.04938504099845886,0.04883090406656265,1.0179870128631592,,,
,,,,,,,10000.0,3000.0,90.0
264.474,-7.774613857269287,1.520280361175537,-0.5040003061294556,0.04992220178246498,0.032098982483148575,1.0366777181625366,,,
,,,,,,,10000.0,3000.0,90.0
264.484,1.2449959516525269,-2.4929277896881104,0.5072307586669922,0.06083183363080025,0.00560939172282815,1.0251965522766113,,,
,,,,,,,10000.0,3000.0,90.0
264.494,12.849536895751953,-2.014810085296631,0.6624588966369629,0.061974406242370605,0.015684053301811218,0.9791492819786072,,,
,,,,,,,10000.0,3000.0,90.0
264.504,-3.0488758087158203,1.0949268341064453,0.6297107934951782,0.10425837337970734,0.0643790140748024,0.9777827262878418,,,
,,,,,,,10000.0,3000.0,90.0
264.514,-5.069406986236572,2.271552801132202,-0.935266375541687,0.05418430641293526,0.06476447731256485,0.986707329750061,,,
,,,,,,,10000.0,3000.0,90.0
264.524,-7.532558917999268,1.9895496368408203,-0.8146819472312927,0.05917225778102875,0.023481249809265137,1.0241791009902954,,,
,,,,,,,10000.0,14000.0,90.0
264.534,2.03690505027771,-1.9405295848846436,0.04915067180991173,0.0634138435125351,0.004495845176279545,1.0411874055862427,,,
,,,,,,,2000.0,14000.0,90.0
264.544,2.8193814754486084,-1.360539197921753,0.6965731978416443,0.047705259174108505,0.031736452132463455,1.0009543895721436,,,
,,,,,,,2000.0,14000.0,90.0
264.554,0.4644264876842499,-2.4837961196899414,-2.959935426712036,0.07427580654621124,0.054739147424697876,0.9975782036781311,,,
,,,,,,,2000.0,14000.0,90.0
264.564,5.3869428634643555,1.8398768901824951,0.6596179008483887,0.08332274854183197,0.035254478454589844,0.9831152558326721,,,
,,,,,,,2000.0,14000.0,90.0
264.574,7.956950664520264,1.2235877513885498,-0.7791617512702942,0.06594476103782654,0.04496312141418457,0.9761419892311096,,,
,,,,,,,2000.0,14000.0,90.0
264.584,-9.907085418701172,1.7053691148757935,0.4441271424293518,0.06842660158872604,0.06161061301827431,1.0088967084884644,,,
,,,,,,,2000.0,14000.0,90.0
264.594,-2.6966874599456787,-0.260558158159256,0.9699933528900146,0.05653372034430504,0.021797968074679375,1.0333006381988525,,,
,,,,,,,2000.0,14000.0,90.0
264.604,-4.002696514129639,-0.7822217345237732,-0.6193181872367859,0.061581239104270935,0.0058789337053895,1.0160646438598633,,,
,,,,,,,2000.0,25000.0,90.0
264.614,-0.3128814399242401,-1.1627871990203857,-0.07177349925041199,0.062053974717855453,0.038615379482507706,1.005446434020996,,,
,,,,,,,0.0,25000.0,90.0
264.624,4.352991104125977,-0.8082922697067261,-0.2411322444677353,0.06575385481119156,0.04042777046561241,0.9820897579193115,,,
,,,,,,,0.0,25000.0,90.0
264.634,2.4118778705596924,0.24377991259098053,-0.49374422430992126,0.07303017377853394,0.031758055090904236,0.9800188541412354,,,
,,,,,,,0.0,25000.0,90.0
264.644,-4.780714511871338,0.3697975277900696,0.4084249436855316,0.07492231577634811,0.054405104368925095,1.0112419128417969,,,
,,,,,,,0.0,25000.0,90.0
264.654,-3.907198190689087,0.11894585192203522,0.07489059120416641,0.06597547978162766,0.032337624579668045,1.0271241664886475,,,
,,,,,,,0.0,25000.0,90.0
264.664,10.132465362548828,-0.789219319820404,-0.5450374484062195,0.06338357925415039,0.0012489772634580731,1.0089939832687378,,,
,,,,,,,0.0,25000.0,90.0
264.674,6.217366695404053,-0.37277838587760925,-0.889400839805603,0.0648222267627716,0.04261990264058113,0.989015519618988,,,
,,,,,,,0.0,25000.0,90.0
264.684,-3.336864709854126,0.2972514033317566,0.3424450159072876,0.0651903748512268,0.07048424333333969,0.9907376766204834,,,
,,,,,,,0.0,25000.0,90.0
264.694,-5.690042018890381,0.5897266268730164,0.8829666376113892,0.06493542343378067,0.03127925470471382,1.002111792564392,,,
,,,,,,,0.0,32767.0,90.0
264.704,-4.769198417663574,0.6650748252868652,-0.2803390622138977,0.06437148153781891,0.013855635188519955,1.0169669389724731,,,
,,,,,,,0.0,32767.0,90.0
264.714,-0.7558444738388062,-0.6496853232383728,-0.06245245411992073,0.06433016806840897,0.030225103721022606,1.0185022354125977,,,
,,,,,,,0.0,32767.0,90.0
264.724,-5.963568210601807,-0.44892990589141846,-0.4308520555496216,0.0641932263970375,0.042629413306713104,0.9980232119560242,,,
,,,,,,,0.0,32767.0,90.0
264.734,0.8968567252159119,-0.9711355566978455,-1.7667862176895142,0.06995818018913269,0.02536916360259056,1.0170639753341675,,,
,,,,,,,0.0,32767.0,90.0
264.744,28.47286033630371,-1.9032407999038696,0.25845062732696533,0.06893370300531387,0.0006650682189501822,0.9788450002670288,,,
,,,,,,,0.0,32767.0,90.0
264.754,-0.6998675465583801,2.553487777709961,0.5748322606086731,0.07602901756763458,0.07327907532453537,0.9587230086326599,,,
,,,,,,,0.0,32767.0,90.0
264.764,-7.082923889160156,0.5590282678604126,1.521620512008667,0.06172335520386696,0.08970078080892563,1.0153526067733765,,,
,,,,,,,0.0,32767.0,90.0
264.774,-15.952153205871582,1.293396234512329,0.5423088073730469,0.06067141890525818,0.013377421535551548,1.0270403623580933,,,
,,,,,,,0.0,32767.0,90.0
264.784,-5.810373306274414,-0.8162912130355835,-0.9079039096832275,0.061406832188367844,-0.01365218497812748,1.0354602336883545,,,
,,,,,,,0.0,44000.0,90.0
264.794,6.194239616394043,-1.9152003526687622,-0.4677189290523529,0.054714176803827286,0.022843467071652412,1.0129774808883667,,,
,,,,,,,0.0,44000.0,90.0
264.804,6.075861930847168,-0.7901833057403564,-0.31160297989845276,0.07004891335964203,0.04780786484479904,0.9776466488838196,,,
,,,,,,,0.0,44000.0,90.0
264.814,4.3268327713012695,-0.037701379507780075,-0.3600921034812927,0.07161051034927368,0.04704535752534866,0.9687058925628662,,,
,,,,,,,0.0,44000.0,90.0
264.824,-9.367647171020508,2.1599955558776855,0.4646929204463959,0.06619782000780106,0.059354983270168304,0.9867435097694397,,,
,,,,,,,0.0,44000.0,90.0
264.834,-15.283340454101562,0.3543302118778229,-0.5572484731674194,0.06420578807592392,0.045640382915735245,1.049666166305542,,,
,,,,,,,0.0,44000.0,90.0
264.844,14.113560676574707,-2.9809327125549316,-0.34142324328422546,0.04537670314311981,-0.02493615448474884,1.0331652164459229,,,
,,,,,,,0.0,44000.0,90.0
264.854,27.591197967529297,-1.6439909934997559,-1.6677215099334717,0.06440257281064987,-0.002320903353393078,0.9717877507209778,,,
,,,,,,,0.0,44000.0,90.0
264.864,-0.30895569920539856,2.081979990005493,1.5054551362991333,0.08150215446949005,0.10714282840490341,0.9662494659423828,,,
,,,,,,,0.0,48000.0,90.0
264.874,-14.374993324279785,0.27929922938346863,0.5186290740966797,0.05972086638212204,0.09962394088506699,1.0018866062164307,,,
,,,,,,,0.0,48000.0,90.0
264.884,-13.365450859069824,0.8065834045410156,0.16505299508571625,0.06243329122662544,-0.0009480932494625449,1.0197436809539795,,,
,,,,,,,0.0,48000.0,90.0
264.894,-2.756723642349243,0.6980330944061279,-0.14298050105571747,0.06272676587104797,-0.018450001254677773,1.0283527374267578,,,
,,,,,,,0.0,48000.0,90.0
264.904,1.800004482269287,-0.8182820081710815,-1.7575489282608032,0.06057623028755188,0.03035305254161358,1.0073035955429077,,,
,,,,,,,0.0,48000.0,90.0
264.914,-3.6162445545196533,-0.5658454298973083,-1.912158727645874,0.06330014765262604,0.054386354982852936,0.9955082535743713,,,
,,,,,,,0.0,48000.0,90.0
264.924,9.280125617980957,-2.070988416671753,1.2566170692443848,0.06610655784606934,0.02628650702536106,1.009655237197876,,,
,,,,,,,0.0,48000.0,90.0
264.934,16.034025192260742,-2.126339912414551,-1.1824990510940552,0.0676669031381607,0.02077990211546421,0.9792842864990234,,,
,,,,,,,0.0,48000.0,90.0
264.944,1.827480435371399,2.291616439819336,1.7159373760223389,0.07130184769630432,0.07034728676080704,0.9609229564666748,,,
,,,,,,,0.0,48000.0,90.0
264.954,-1.1700993776321411,2.2608160972595215,4.597397327423096,0.07259982079267502,0.0783783346414566,1.0059996843338013,,,
,,,,,,,0.0,58000.0,90.0
264.964,-20.76511573791504,2.277334690093994,-1.5164397954940796,0.05433350056409836,0.017211265861988068,1.0186705589294434,,,
,,,,,,,0.0,58000.0,90.0
264.974,-3.981642007827759,-0.8025386929512024,0.0737796276807785,0.05417744815349579,-0.013643946498632431,1.0617069005966187,,,
,,,,,,,0.0,58000.0,90.0
264.984,5.820755481719971,0.02795703522861004,0.6394005417823792,0.050696343183517456,0.015412861481308937,1.010026454925537,,,
,,,,,,,0.0,58000.0,90.0
264.994,-6.429512977600098,-0.6748867034912109,-5.091675758361816,0.0663234293460846,0.04901168867945671,0.9889737367630005,,,
,,,,,,,0.0,58000.0,90.0
265.004,2.2702815532684326,-1.049234390258789,-0.8945561647415161,0.07176996022462845,0.04944940656423569,0.9946672916412354,,,
,,,,,,,0.0,58000.0,90.0
265.014,11.760223388671875,-0.8912827968597412,0.6918652653694153,0.06699483841657639,0.03364117071032524,0.9803193807601929,,,
,,,,,,,0.0,58000.0,90.0
265.024,1.2910770177841187,-0.01270319428294897,-0.7347791194915771,0.06742574274539948,0.044698379933834076,0.9764602184295654,,,
,,,,,,,0.0,58000.0,90.0
265.034,3.9123752117156982,-0.512986421585083,0.6727953553199768,0.07783017307519913,0.055230386555194855,0.9939002990722656,,,
,,,,,,,0.0,58000.0,90.0
265.044,1.7783797979354858,2.6657896041870117,3.7886619567871094,0.058266229927539825,0.03514683246612549,1.0014548301696777,,,
,,,,,,,0.0,65535.0,90.0
265.054,-3.640129804611206,0.25887444615364075,-2.0098519325256348,0.055978819727897644,0.021505575627088547,1.0206108093261719,,,
,,,,,,,6000.0,65535.0,90.0
265.064,-4.729421615600586,1.4672489166259766,0.11724678426980972,0.06366636604070663,0.025419877842068672,1.0287922620773315,,,
,,,,,,,6000.0,65535.0,90.0
265.074,-1.245985507965088,-0.34000593423843384,0.6066281199455261,0.06647253781557083,0.030025416985154152,1.0141950845718384,,,
,,,,,,,6000.0,65535.0,90.0
265.084,-5.720705509185791,-1.1250509023666382,-1.0459846258163452,0.06462406367063522,0.03818200156092644,1.0020473003387451,,,
,,,,,,,6000.0,65535.0,90.0
265.094,0.16777236759662628,-1.2252998352050781,-0.48618775606155396,0.06280437111854553,0.03190992772579193,0.9947770833969116,,,
,,,,,,,6000.0,65535.0,90.0
265.104,3.598620891571045,-0.0010389020899310708,-0.49001723527908325,0.06883963197469711,0.03303811699151993,0.9776914715766907,,,
,,,,,,,6000.0,65535.0,90.0
265.114,0.9001308083534241,0.4814354181289673,0.15180473029613495,0.06522718071937561,0.04968048632144928,0.9891942143440247,,,
,,,,,,,6000.0,65535.0,90.0
265.124,2.153216600418091,0.07989650219678879,0.29863956570625305,0.06305836141109467,0.031839001923799515,1.0081303119659424,,,
,,,,,,,6000.0,65535.0,90.0
265.134,-0.4040761888027191,0.07765581458806992,-0.7059733867645264,0.0615578331053257,0.021878615021705627,1.0136997699737549,,,
,,,,,,,6000.0,65535.0,90.0
265.144,0.8226732015609741,-0.6342378854751587,-0.14739789068698883,0.06186763942241669,0.0339856892824173,1.0114498138427734,,,
,,,,,,,11000.0,65535.0,90.0
265.154,0.5620437264442444,-0.24766144156455994,0.17637212574481964,0.06461921334266663,0.03445002809166908,0.9897412657737732,,,
,,,,,,,11000.0,65535.0,90.0
265.164,0.41384607553482056,0.23762936890125275,-0.30523228645324707,0.06650912761688232,0.0366014689207077,0.9972456097602844,,,
,,,,,,,11000.0,65535.0,90.0
265.174,-1.7283260822296143,-0.31258541345596313,-0.23145148158073425,0.06365800648927689,0.03502587229013443,1.0045971870422363,,,
,,,,,,,11000.0,65535.0,90.0
265.184,-0.7753515243530273,-0.29290491342544556,-0.08486734330654144,0.0646236315369606,0.028527898713946342,1.0061185359954834,,,
,,,,,,,11000.0,65535.0,90.0
265.194,-0.6396856904029846,-0.06440644711256027,-0.09910405427217484,0.0635187029838562,0.03651900216937065,1.0044785737991333,,,
,,,,,,,11000.0,65535.0,90.0
265.204,-0.8556757569313049,-0.04092033952474594,0.22920949757099152,0.06480373442173004,0.03593159466981888,1.0035523176193237,,,
,,,,,,,11000.0,65535.0,90.0
265.214,0.013336225412786007,0.32121461629867554,0.005324852652847767,0.06453118473291397,0.03109039179980755,1.0021146535873413,,,
,,,,,,,11000.0,65535.0,90.0
265.224,0.11150354146957397,-0.14611698687076569,-0.26366695761680603,0.06411989033222198,0.03382022678852081,1.0010855197906494,,,
,,,,,,,20000.0,65535.0,90.0
265.234,1.6839855909347534,0.04319470748305321,0.3492036461830139,0.0650424137711525,0.03537927195429802,1.0034126043319702,,,
,,,,,,,20000.0,65535.0,90.0
265.244,0.7269052863121033,-0.24226607382297516,-0.011463473550975323,0.06397745758295059,0.037031788378953934,1.00387704372406,,,
,,,,,,,20000.0,65535.0,90.0
265.254,-0.16999775171279907,0.3673156201839447,-0.310530424118042,0.06635642051696777,0.03425031527876854,1.0039952993392944,,,
,,,,,,,20000.0,65535.0,90.0
265.264,0.6149815917015076,-0.7030290961265564,-0.014412940479815006,0.06566844880580902,0.03712252527475357,1.0119379758834839,,,
,,,,,,,20000.0,65535.0,90.0
265.274,-0.5098570585250854,-0.3987536132335663,-0.5644885301589966,0.06645464897155762,0.03466740995645523,1.0050047636032104,,,
,,,,,,,20000.0,65535.0,90.0
265.284,-0.18408150970935822,-0.529771089553833,-0.42574381828308105,0.06402060389518738,0.03871460631489754,0.9931472539901733,,,
,,,,,,,20000.0,65535.0,90.0
265.294,1.8449196815490723,0.27465152740478516,0.40306299924850464,0.0638827532529831,0.04128432646393776,0.9961968660354614,,,
,,,,,,,20000.0,65535.0,90.0
265.304,-0.940840482711792,-0.734876275062561,0.4906955063343048,0.05842636898159981,0.02503923326730728,0.999891459941864,,,
,,,,,,,20000.0,65535.0,90.0
265.314,-1.5016491413116455,1.3530511856079102,-0.36518752574920654,0.06845664978027344,0.030564909800887108,1.0102232694625854,,,
,,,,,,,32767.0,65535.0,90.0
265.324,-3.7860186100006104,-0.03964047133922577,-0.2849924862384796,0.05871422588825226,0.04876789078116417,1.0150288343429565,,,
,,,,,,,32767.0,65535.0,90.0
265.334,0.7606322765350342,-0.38909605145454407,0.09596487134695053,0.06419982761144638,0.015652459114789963,0.9940536618232727,,,
,,,,,,,32767.0,65535.0,90.0
265.344,5.91404390335083,-0.005410594865679741,-0.7869651913642883,0.07118193805217743,0.022304018959403038,1.0043745040893555,,,
,,,,,,,32767.0,65535.0,90.0
265.354,-1.0483382940292358,-1.8664449453353882,-1.0792827606201172,0.06644423305988312,0.05576784163713455,1.0247553586959839,,,
,,,,,,,32767.0,65535.0,90.0
265.364,-8.688813209533691,2.104809045791626,-1.1940244436264038,0.056171827018260956,0.04359395056962967,0.9780213236808777,,,
,,,,,,,32767.0,65535.0,90.0
265.374,-3.958599090576172,-0.7660368084907532,3.3842270374298096,0.051605939865112305,0.044721901416778564,0.986936092376709,,,
,,,,,,,32767.0,65535.0,90.0
265.384,38.64305877685547,-3.8704566955566406,2.6359875202178955,0.13646334409713745,-0.0023883997928351164,0.9749367237091064,,,
,,,,,,,32767.0,65535.0,90.0
265.394,-29.141719818115234,16.284299850463867,-6.563432693481445,0.09243867546319962,0.03470290079712868,0.8997593522071838,,,
,,,,,,,32767.0,65535.0,90.0
265.404,-5.63337516784668,-7.235495567321777,-2.9286065101623535,0.023735063150525093,0.12767912447452545,1.1090651750564575,,,
,,,,,,,42000.0,65535.0,90.0
265.414,7.938466548919678,-8.335221290588379,10.873274803161621,0.023126160725951195,0.01036981213837862,1.1236175298690796,,,
,,,,,,,42000.0,65535.0,90.0
265.424,14.135139465332031,4.709743499755859,-3.5206778049468994,0.06044469773769379,-0.05608716979622841,1.0178123712539673,,,
,,,,,,,42000.0,65535.0,90.0
265.434,-17.22412872314453,-5.644298076629639,-4.648819923400879,0.062375809997320175,0.052586305886507034,1.000717282295227,,,
,,,,,,,42000.0,65535.0,90.0
265.444,8.56459903717041,-3.593439817428589,3.181094169616699,0.0829351469874382,0.09376838803291321,1.000122308731079,,,
,,,,,,,42000.0,65535.0,90.0
265.454,-20.79798698425293,4.0216217041015625,-0.13047458231449127,0.06829959899187088,0.04406200349330902,0.9173152446746826,,,
,,,,,,,42000.0,65535.0,90.0
265.464,14.921427726745605,-5.954578876495361,-0.9255841970443726,0.09307000786066055,0.011874141171574593,0.9869505763053894,,,
,,,,,,,42000.0,65535.0,90.0
265.474,-4.383281230926514,4.670296669006348,0.9161098599433899,0.08642246574163437,0.03701176866889,0.9486436247825623,,,
,,,,,,,42000.0,65535.0,90.0
265.484,-0.4535517990589142,2.677440881729126,-2.959963798522949,0.060026030987501144,0.040281038731336594,1.042344093322754,,,
,,,,,,,47000.0,65535.0,90.0
265.494,3.5979249477386475,3.0723459720611572,1.9008078575134277,0.031313780695199966,0.006741314195096493,1.059857726097107,,,
,,,,,,,47000.0,65535.0,90.0
265.504,4.1494879722595215,-5.871528625488281,-2.2174479961395264,0.0671025961637497,0.018535654991865158,1.0496639013290405,,,
,,,,,,,47000.0,65535.0,90.0
265.514,-4.82772159576416,-3.506932020187378,-0.05010022595524788,0.049009665846824646,0.05947177857160568,0.9731589555740356,,,
,,,,,,,47000.0,65535.0,90.0
265.524,-4.224267482757568,3.3395965099334717,0.964109480381012,0.08723200857639313,0.06141766160726547,0.9640278220176697,,,
,,,,,,,47000.0,65535.0,90.0
265.534,-2.166891574859619,-1.5837056636810303,-0.22781416773796082,0.07291682809591293,0.02135169506072998,0.9936383366584778,,,
,,,,,,,47000.0,65535.0,90.0
265.544,8.993229866027832,1.3181756734848022,0.3898901343345642,0.06450391560792923,0.009892093017697334,1.0112398862838745,,,
,,,,,,,47000.0,65535.0,90.0
265.554,-6.984433174133301,-1.2166365385055542,-0.5947892069816589,0.06380864977836609,0.042465370148420334,1.0160349607467651,,,
,,,,,,,47000.0,65535.0,90.0
265.564,3.2643442153930664,-0.2998877167701721,0.8658721446990967,0.05992348864674568,0.04088306799530983,1.0025625228881836,,,
,,,,,,,47000.0,65535.0,90.0
265.574,-2.506476402282715,0.6049774289131165,-0.8736950159072876,0.06684883683919907,0.024049360305070877,0.9883627891540527,,,
,,,,,,,53000.0,65535.0,90.0
265.584,1.5351629257202148,-0.24777063727378845,0.13627779483795166,0.06238158047199249,0.038037098944187164,1.005751132965088,,,
,,,,,,,53000.0,65535.0,90.0
265.594,-0.4057762920856476,-0.14664188027381897,0.6389880180358887,0.06709283590316772,0.03847086802124977,1.0065962076187134,,,
,,,,,,,53000.0,65535.0,90.0
265.604,-2.911817789077759,1.4495145082473755,-1.0074994564056396,0.06147604063153267,0.03723300248384476,0.9956982731819153,,,
,,,,,,,53000.0,65535.0,90.0
265.614,6.043460369110107,-3.445425033569336,-0.5054419040679932,0.06770431995391846,0.03922605514526367,1.003633737564087,,,
,,,,,,,53000.0,65535.0,90.0
265.624,-0.13699506223201752,0.3378484547138214,0.6761491894721985,0.061236266046762466,0.03928891569375992,0.9735656380653381,,,
,,,,,,,53000.0,65535.0,90.0
265.634,-0.291828453540802,1.947257399559021,0.5315577387809753,0.08194748312234879,0.03720155358314514,1.0030474662780762,,,
,,,,,,,53000.0,65535.0,90.0
265.644,-2.341299295425415,0.6555178165435791,-0.18827179074287415,0.049521587789058685,0.025944000110030174,1.0124667882919312,,,
,,,,,,,53000.0,65535.0,90.0
265.654,-2.527467966079712,0.03773033246397972,-0.31191694736480713,0.061753056943416595,0.02506333589553833,1.0264583826065063,,,
,,,,,,,53000.0,65535.0,90.0
265.664,3.8719642162323,-1.6443828344345093,0.09763489663600922,0.061557091772556305,0.023909466341137886,1.010904312133789,,,
,,,,,,,61000.0,65535.0,90.0
265.674,1.184944987297058,-0.5670868158340454,-0.19327312707901,0.06493764370679855,0.04093875735998154,0.9858830571174622,,,
,,,,,,,61000.0,65535.0,90.0
265.684,-1.7895965576171875,0.19327528774738312,0.09104632586240768,0.06735894829034805,0.04939619079232216,0.9910132884979248,,,
,,,,,,,61000.0,65535.0,90.0
265.694,-2.9743235111236572,0.8295541405677795,-0.06751496344804764,0.06696375459432602,0.03094416670501232,1.0017050504684448,,,
,,,,,,,61000.0,65535.0,90.0
265.704,-2.0029289722442627,1.7709373235702515,-0.4149969816207886,0.060935307294130325,0.026652881875634193,1.015191674232483,,,
,,,,,,,61000.0,65535.0,90.0
265.714,5.629819869995117,-4.04465389251709,-0.31006312370300293,0.06890843063592911,0.03169684484601021,1.0178120136260986,,,
,,,,,,,61000.0,65535.0,90.0
265.724,3.560283660888672,-0.5232049822807312,0.24471120536327362,0.06599746644496918,0.03708624467253685,0.9697737693786621,,,
,,,,,,,61000.0,65535.0,90.0
265.734,-3.0981404781341553,2.4317514896392822,0.08751361817121506,0.08567392081022263,0.05286409333348274,0.9867698550224304,,,
,,,,,,,61000.0,65535.0,90.0
265.744,-0.44446733593940735,1.0578157901763916,0.32530224323272705,0.058451466262340546,0.03138799965381622,1.0083160400390625,,,
,,,,,,,61000.0,59000.0,90.0
265.754,-4.259957313537598,0.8950191736221313,-0.5747408270835876,0.058869391679763794,0.015676427632570267,1.0221402645111084,,,
,,,,,,,65000.0,59000.0,90.0
265.764,5.228764057159424,-1.7518593072891235,0.38695892691612244,0.057377398014068604,0.024726154282689095,1.0334522724151611,,,
,,,,,,,65000.0,59000.0,90.0
265.774,2.592100143432617,-2.1890530586242676,-0.1156611368060112,0.06478261947631836,0.033971939235925674,0.9992819428443909,,,
,,,,,,,65000.0,59000.0,90.0
265.784,-1.4938961267471313,0.9554253220558167,-0.5976066589355469,0.0756186917424202,0.04397963359951973,0.9758786559104919,,,
,,,,,,,65000.0,59000.0,90.0
265.794,-0.07251670956611633,0.2910654842853546,0.30691832304000854,0.07198577374219894,0.04815525561571121,0.9829556941986084,,,
,,,,,,,65000.0,59000.0,90.0
265.804,-6.116704940795898,0.9794647693634033,0.23938043415546417,0.06323041766881943,0.03633926063776016,1.0015264749526978,,,
,,,,,,,65000.0,59000.0,90.0
265.814,-0.2722546458244324,0.7595018744468689,0.2693997621536255,0.05915401130914688,0.021798182278871536,1.0276981592178345,,,
,,,,,,,65000.0,59000.0,90.0
265.824,2.059847116470337,-0.8824760913848877,-0.6251248121261597,0.060981154441833496,0.022576337680220604,1.0176323652267456,,,
,,,,,,,65000.0,51000.0,90.0
265.834,1.7804811000823975,-1.0929527282714844,-0.20786985754966736,0.06711523979902267,0.037378694862127304,0.9943845868110657,,,
,,,,,,,65000.0,51000.0,90.0
265.844,1.3758134841918945,0.33113691210746765,0.09827223420143127,0.06823684275150299,0.0438922643661499,0.9839729070663452,,,
,,,,,,,65000.0,51000.0,90.0
265.854,-1.3881170749664307,0.8678126931190491,0.2309795767068863,0.06298880279064178,0.03447281941771507,0.9983177185058594,,,
,,,,,,,65000.0,51000.0,90.0
265.864,2.968883514404297,-1.7128573656082153,0.01261101383715868,0.06609959900379181,0.029600853100419044,1.029858946800232,,,
,,,,,,,65000.0,51000.0,90.0
265.874,5.669721603393555,-3.194432020187378,-0.2450331449508667,0.06363444775342941,0.021559908986091614,1.0160964727401733,,,
,,,,,,,65000.0,51000.0,90.0
265.884,5.168559551239014,0.4896320104598999,1.7439842224121094,0.057844530791044235,0.04396190866827965,0.9666087031364441,,,
,,,,,,,65000.0,51000.0,90.0
265.894,-4.072760581970215,3.1846842765808105,2.885732412338257,0.10116979479789734,0.07473385334014893,0.9770194888114929,,,
,,,,,,,65000.0,51000.0,90.0
265.904,-29.547611236572266,4.644353866577148,-1.421030044555664,0.06413602083921432,0.05297902971506119,1.0026445388793945,,,
,,,,,,,65000.0,51000.0,90.0
265.914,-8.729410171508789,-1.3224059343338013,-1.1584885120391846,0.03073945827782154,-0.007497667800635099,1.0770249366760254,,,
,,,,,,,65000.0,41000.0,90.0
265.924,12.968116760253906,-4.987831115722656,-1.7949641942977905,0.04883797466754913,-0.0366428941488266,1.0346673727035522,,,
,,,,,,,65000.0,41000.0,90.0
265.934,16.383054733276367,-4.647187232971191,-2.0337774753570557,0.07202968001365662,0.02918265014886856,0.9750353693962097,,,
,,,,,,,65000.0,41000.0,90.0
265.944,16.315189361572266,-4.5464043617248535,0.3531038761138916,0.09261953830718994,0.09612929821014404,0.974371612071991,,,
,,,,,,,65000.0,41000.0,90.0
265.954,10.580109596252441,-0.5665430426597595,2.9717061519622803,0.06898385286331177,0.07855246216058731,0.9316627383232117,,,
,,,,,,,65000.0,41000.0,90.0
265.964,11.57007122039795,11.632040977478027,16.517715454101562,0.08504004031419754,0.0652371272444725,0.9247430562973022,,,
,,,,,,,65000.0,41000.0,90.0
265.974,-43.707740783691406,8.225679397583008,-1.0982474088668823,0.11581584811210632,0.09511642158031464,1.0029480457305908,,,
,,,,,,,65000.0,41000.0,90.0
265.984,-80.6953353881836,4.011984348297119,-2.7076025009155273,0.03900614008307457,0.055877648293972015,1.1434699296951294,,,
,,,,,,,65000.0,41000.0,90.0
265.994,30.41109848022461,-14.18162727355957,-3.2217869758605957,-0.0328579805791378,-0.12445127964019775,1.1849117279052734,,,
,,,,,,,65000.0,32767.0,90.0
266.004,71.63065338134766,-7.202906608581543,1.4325636625289917,0.02592163160443306,-0.16846759617328644,0.9470673203468323,,,
,,,,,,,65000.0,32767.0,90.0
266.014,30.383075714111328,-0.09543143212795258,-6.317818641662598,0.16327053308486938,0.04519194737076759,0.8655974268913269,,,
,,,,,,,65000.0,32767.0,90.0
266.024,-13.29562759399414,2.0780041217803955,-4.228121757507324,0.12437787652015686,0.2733088433742523,0.9498308300971985,,,
,,,,,,,65000.0,32767.0,90.0
266.034,-12.22192668914795,7.02678918838501,13.580777168273926,0.0586015023291111,0.2091245949268341,0.9445276856422424,,,
,,,,,,,65000.0,32767.0,90.0
266.044,-53.8719596862793,1.905529499053955,-1.397705316543579,0.06629110872745514,0.016771886497735977,1.016061782836914,,,
,,,,,,,65000.0,32767.0,90.0
266.054,-26.20723533630371,-1.143202304840088,-10.4913911819458,0.06633014976978302,-0.10969249159097672,1.1198450326919556,,,
,,,,,,,65000.0,32767.0,90.0
266.064,46.26416015625,-3.532630205154419,3.3433725833892822,0.008015594445168972,-0.11394268274307251,1.0383574962615967,,,
,,,,,,,65000.0,32767.0,90.0
266.074,31.321609497070312,-2.1984920501708984,-4.547717571258545,0.05301213264465332,0.0034667165018618107,0.9828596115112305,,,
,,,,,,,65000.0,32767.0,90.0
266.084,-0.5177393555641174,-1.5432848930358887,-3.910529851913452,0.10703664273023605,0.16015012562274933,0.9761016964912415,,,
,,,,,,,65000.0,27000.0,90.0
266.094,-20.044984817504883,0.5901168584823608,0.15290483832359314,0.06494510918855667,0.16866061091423035,0.9832757115364075,,,
,,,,,,,59000.0,27000.0,90.0
266.104,-8.862197875976562,1.004165530204773,1.7809791564941406,0.07415051013231277,0.013500149361789227,0.9658011794090271,,,
,,,,,,,59000.0,27000.0,90.0
266.114,-0.6076365113258362,1.5203750133514404,0.05365483835339546,0.061044298112392426,-0.04200488701462746,1.0074858665466309,,,
,,,,,,,59000.0,27000.0,90.0
266.124,19.063697814941406,-2.8754992485046387,0.1706571727991104,0.06932779401540756,0.010191740468144417,1.0456098318099976,,,
,,,,,,,59000.0,27000.0,90.0
266.134,0.8899038434028625,2.5006215572357178,1.1368426084518433,0.06683821976184845,0.07684943825006485,0.9745396375656128,,,
,,,,,,,59000.0,27000.0,90.0
266.144,-21.341663360595703,2.1118221282958984,-1.2032133340835571,0.05971461161971092,0.08568920940160751,1.016006350517273,,,
,,,,,,,59000.0,27000.0,90.0
266.154,3.4064412117004395,-2.96590256690979,1.01431405544281,0.05640909820795059,-0.0020973794162273407,1.029818058013916,,,
,,,,,,,59000.0,27000.0,90.0
266.164,1.3029117584228516,0.8359415531158447,-1.59067964553833,0.07082707434892654,-0.016831234097480774,0.993727445602417,,,
,,,,,,,59000.0,20000.0,90.0
266.174,9.573369026184082,-1.393235683441162,0.24031388759613037,0.06554806232452393,0.054630130529403687,0.99901282787323,,,
,,,,,,,59000.0,20000.0,90.0
266.184,1.3356363773345947,-0.40129971504211426,0.15982812643051147,0.06778769195079803,0.06049351021647453,0.9835813641548157,,,
,,,,,,,46000.0,20000.0,90.0
266.194,-5.422152996063232,1.0482547283172607,-0.3036324977874756,0.0661548525094986,0.03582104295492172,0.9967212080955505,,,
,,,,,,,46000.0,20000.0,90.0
266.204,10.044118881225586,-0.732235848903656,1.709036946296692,0.07359433174133301,0.02469942346215248,1.0099884271621704,,,
,,,,,,,46000.0,20000.0,90.0
266.214,-5.859225749969482,1.8252170085906982,2.7083306312561035,0.07195381075143814,0.052634719759225845,0.9907930493354797,,,
,,,,,,,46000.0,20000.0,90.0
266.224,-16.620243072509766,2.9328081607818604,-1.9728542566299438,0.07156632095575333,0.04057062417268753,1.024550199508667,,,
,,,,,,,46000.0,20000.0,90.0
266.234,-2.784987449645996,-1.2127625942230225,0.26463156938552856,0.04931236058473587,0.0020507024601101875,1.0404642820358276,,,
,,,,,,,46000.0,20000.0,90.0
266.244,9.965968132019043,-3.1550896167755127,-0.5025251507759094,0.06270048022270203,0.004792692139744759,1.0038264989852905,,,
,,,,,,,46000.0,20000.0,90.0
266.254,0.7566298246383667,-1.2644851207733154,-1.0167627334594727,0.06432661414146423,0.06440506130456924,0.9696510434150696,,,
,,,,,,,46000.0,17000.0,90.0
266.264,5.294583320617676,-0.4915831685066223,0.4412626028060913,0.08404158800840378,0.06380142271518707,0.9679290652275085,,,
,,,,,,,36000.0,17000.0,90.0
266.274,-0.8680871725082397,2.106444835662842,0.38055533170700073,0.08287781476974487,0.019433071836829185,0.9875448942184448,,,
,,,,,,,36000.0,17000.0,90.0
266.284,1.7703756093978882,1.8801952600479126,-0.12121988087892532,0.06220811977982521,0.018960947170853615,1.0215293169021606,,,
,,,,,,,36000.0,17000.0,90.0
266.294,-6.3984832763671875,0.04237237572669983,-0.2046712338924408,0.043260179460048676,0.050460416823625565,1.0257664918899536,,,
,,,,,,,36000.0,17000.0,90.0
266.304,-8.039244651794434,-3.4963254928588867,0.7689395546913147,0.055628687143325806,0.0347779355943203,1.0276190042495728,,,
,,,,,,,36000.0,17000.0,90.0
266.314,7.745079040527344,0.20094582438468933,-1.1108392477035522,0.07446062564849854,-0.002043138723820448,0.9949436783790588,,,
,,,,,,,36000.0,17000.0,90.0
266.324,1.2696871757507324,2.9330577850341797,-0.3195248246192932,0.0839453935623169,0.03215543180704117,0.9894858598709106,,,
,,,,,,,36000.0,17000.0,90.0
266.334,0.9555617570877075,0.05630367249250412,-0.4773997664451599,0.04973607882857323,0.07680032402276993,1.0024548768997192,,,
,,,,,,,36000.0,17000.0,90.0
266.344,-5.734527111053467,-2.0640852451324463,-0.9092515110969543,0.07053372263908386,0.03244069963693619,0.993075966835022,,,
,,,,,,,36000.0,16000.0,90.0
266.354,3.915130138397217,-0.42518895864486694,0.9700090289115906,0.0681566521525383,0.007461122237145901,0.9964302778244019,,,
,,,,,,,28000.0,16000.0,90.0
266.364,3.7727880477905273,0.43883636593818665,1.0897257328033447,0.06252247840166092,0.034596364945173264,1.0118584632873535,,,
,,,,,,,28000.0,16000.0,90.0
266.374,-2.4338483810424805,1.0692802667617798,-1.592929482460022,0.06897388398647308,0.0381210595369339,1.0178381204605103,,,
,,,,,,,28000.0,16000.0,90.0
266.384,0.4160378575325012,-2.621034860610962,-0.8327643275260925,0.06623529642820358,0.0322498120367527,1.006101369857788,,,
,,,,,,,28000.0,16000.0,90.0
266.394,-1.8084228038787842,1.1501628160476685,0.6894775032997131,0.07595862448215485,0.03454155847430229,0.9930081963539124,,,
,,,,,,,28000.0,16000.0,90.0
266.404,-0.9073842763900757,2.310206651687622,0.7171592116355896,0.050692543387413025,0.028508301824331284,1.0025626420974731,,,
,,,,,,,28000.0,16000.0,90.0
266.414,-2.3346004486083984,-1.5157216787338257,-0.00602613715454936,0.06705421954393387,0.04148828238248825,1.0210736989974976,,,
,,,,,,,28000.0,16000.0,90.0
266.424,0.48568442463874817,-2.9190914630889893,-0.5836217403411865,0.0662420392036438,0.0382145419716835,0.9959320425987244,,,
,,,,,,,28000.0,16000.0,90.0
266.434,4.165533542633057,0.27672278881073,0.4414985477924347,0.06660101562738419,0.03268740326166153,0.9783832430839539,,,
,,,,,,,28000.0,16000.0,90.0
266.444,-1.2349753379821777,3.525292158126831,0.1901230365037918,0.08226745575666428,0.033304613083601,1.0002200603485107,,,
,,,,,,,23000.0,16000.0,90.0
266.454,4.084267616271973,-0.5683550238609314,-0.23501449823379517,0.057242680341005325,0.03140611574053764,1.0161553621292114,,,
,,,,,,,23000.0,16000.0,90.0
266.464,-4.369917869567871,1.8996039628982544,-1.345288872718811,0.04359418898820877,0.03431961312890053,1.007416009902954,,,
,,,,,,,23000.0,16000.0,90.0
266.474,-1.7690167427062988,-0.9639773964881897,-0.05504932999610901,0.0674944743514061,0.025816110894083977,1.0278986692428589,,,
,,,,,,,23000.0,16000.0,90.0
266.484,5.643946647644043,-2.7033138275146484,0.9807314872741699,0.05926334857940674,0.01990373805165291,0.9948965907096863,,,
,,,,,,,23000.0,16000.0,90.0
266.494,2.827143907546997,0.07240398973226547,0.26893430948257446,0.08166830986738205,0.042372796684503555,0.9894483685493469,,,
,,,,,,,23000.0,16000.0,90.0
266.504,-3.044217109680176,2.3277206420898438,-0.8925179839134216,0.07793287187814713,0.0472596101462841,0.9921167492866516,,,
,,,,,,,23000.0,16000.0,90.0
266.514,-5.822597503662109,2.022728681564331,-1.005427598953247,0.05264994129538536,0.04089408740401268,1.0105068683624268,,,
,,,,,,,23000.0,16000.0,90.0
266.524,-0.687009334564209,-2.1369733810424805,0.6118137240409851,0.05897856503725052,0.028891751542687416,1.0256671905517578,,,
,,,,,,,23000.0,19000.0,90.0
266.534,5.482926368713379,-1.8815196752548218,0.7153469324111938,0.054632093757390976,0.014826949685811996,0.9929510951042175,,,
,,,,,,,14000.0,19000.0,90.0
266.544,4.674506664276123,0.17294666171073914,0.5406655669212341,0.07594958692789078,0.040762681514024734,0.9927173852920532,,,
,,,,,,,14000.0,19000.0,90.0
266.554,-3.2663207054138184,0.7795736789703369,-0.9321304559707642,0.08007542788982391,0.054772213101387024,0.9956483244895935,,,
,,,,,,,14000.0,19000.0,90.0
266.564,-6.142994403839111,1.0294922590255737,-0.34432607889175415,0.06203869730234146,0.03518737480044365,0.9918361306190491,,,
,,,,,,,14000.0,19000.0,90.0
266.574,0.11282294243574142,0.5329678058624268,1.3795316219329834,0.06869564205408096,0.028124308213591576,1.018815517425537,,,
,,,,,,,14000.0,19000.0,90.0
266.584,2.2935338020324707,0.40131330490112305,-0.11901343613862991,0.06077120825648308,0.016035761684179306,1.0193490982055664,,,
,,,,,,,14000.0,19000.0,90.0
266.594,2.3002591133117676,-0.4166184365749359,-1.2256219387054443,0.06342660635709763,0.03550386056303978,1.0059280395507812,,,
,,,,,,,14000.0,19000.0,90.0
266.604,-3.1611790657043457,-0.8701998591423035,-0.4083280861377716,0.06683549284934998,0.05574984848499298,0.9889088273048401,,,
,,,,,,,14000.0,23000.0,90.0
266.614,-0.8864266872406006,-0.6487178802490234,0.3157677948474884,0.06828868389129639,0.037085384130477905,0.9812626838684082,,,
,,,,,,,9000.0,23000.0,90.0
266.624,1.4305983781814575,0.06049570441246033,0.9399561882019043,0.06774090975522995,0.023124950006604195,0.9968729019165039,,,
,,,,,,,9000.0,23000.0,90.0
266.634,1.1811089515686035,0.24348680675029755,0.15405593812465668,0.0627293586730957,0.028175700455904007,1.0236749649047852,,,
,,,,,,,9000.0,23000.0,90.0
266.644,-5.825998306274414,0.49416306614875793,-0.23966334760189056,0.06353141367435455,0.03740699589252472,1.0116068124771118,,,
,,,,,,,9000.0,23000.0,90.0
266.654,2.255592107772827,0.07427578419446945,-0.3728432059288025,0.06437872350215912,0.024919426068663597,1.0054980516433716,,,
,,,,,,,9000.0,23000.0,90.0
266.664,10.012206077575684,-0.5052490830421448,-0.5568748116493225,0.06897588074207306,0.02156498096883297,0.9906065464019775,,,
,,,,,,,9000.0,23000.0,90.0
266.674,-0.749764084815979,0.5277410745620728,-0.2553817927837372,0.06403560936450958,0.05124032497406006,0.9950018525123596,,,
,,,,,,,9000.0,23000.0,90.0
266.684,-3.327591896057129,-0.40296632051467896,0.6270337700843811,0.06493112444877625,0.05148042365908623,1.0110561847686768,,,
,,,,,,,9000.0,23000.0,90.0
266.694,-5.6186113357543945,-0.2645723223686218,-0.21161620318889618,0.06711924076080322,0.02082507498562336,0.9992368817329407,,,
,,,,,,,9000.0,25000.0,90.0
266.704,-1.2480008602142334,0.22832104563713074,0.05858162045478821,0.06386686116456985,0.02730286866426468,1.005852222442627,,,
,,,,,,,7000.0,25000.0,90.0
266.714,3.102492094039917,-0.09761611372232437,0.12766647338867188,0.06704482436180115,0.03364621847867966,1.001610517501831,,,
,,,,,,,7000.0,25000.0,90.0
266.724,0.2968779504299164,0.20294643938541412,-0.3536608815193176,0.06493591517210007,0.03621295839548111,1.0004478693008423,,,
,,,,,,,7000.0,25000.0,90.0
266.734,4.298778533935547,-0.24311742186546326,-0.1840788573026657,0.06426685303449631,0.03283142298460007,1.003890037536621,,,
,,,,,,,7000.0,25000.0,90.0
266.744,1.4392725229263306,0.12338042259216309,-0.4945273697376251,0.0634908601641655,0.033486660569906235,0.9926250576972961,,,
,,,,,,,7000.0,25000.0,90.0
266.754,-2.3640222549438477,0.08226758241653442,0.17969350516796112,0.06252720206975937,0.04493020102381706,1.0053013563156128,,,
,,,,,,,7000.0,25000.0,90.0
266.764,-3.286973476409912,-0.14693903923034668,0.33012017607688904,0.06376314908266068,0.03288394585251808,1.0109953880310059,,,
,,,,,,,7000.0,25000.0,90.0
266.774,-2.264462471008301,-0.09332108497619629,-0.06291428208351135,0.06587695330381393,0.0202584657818079,1.006478190422058,,,
,,,,,,,7000.0,25000.0,90.0
266.784,1.4698691368103027,-0.26818957924842834,-0.09564688801765442,0.06554688513278961,0.02993319369852543,1.0044114589691162,,,
,,,,,,,7000.0,27000.0,90.0
266.794,2.2684240341186523,-0.19650804996490479,0.06708963960409164,0.06475086510181427,0.03660931810736656,0.996816098690033,,,
,,,,,,,7000.0,27000.0,90.0
266.804,3.19897723197937,-0.12000244110822678,-0.3600463271141052,0.06475307047367096,0.031673554331064224,0.9989312291145325,,,
,,,,,,,7000.0,27000.0,90.0
266.814,-0.9113466143608093,0.23467764258384705,-0.15644827485084534,0.06633290648460388,0.0397510901093483,1.0038267374038696,,,
,,,,,,,7000.0,27000.0,90.0
266.824,-5.99056339263916,-0.043349768966436386,0.155333012342453,0.06322956830263138,0.04468407854437828,1.0056781768798828,,,
,,,,,,,7000.0,27000.0,90.0
266.834,0.4463328719139099,-0.2222159057855606,0.20627661049365997,0.0637526661157608,0.024240585044026375,1.0091378688812256,,,
,,,,,,,7000.0,27000.0,90.0
266.844,4.236176013946533,-0.06526239216327667,-0.2690645158290863,0.06595370918512344,0.019737843424081802,0.9954754710197449,,,
,,,,,,,7000.0,27000.0,90.0
266.854,0.9317086935043335,-0.21856161952018738,-0.2923273742198944,0.062375955283641815,0.04691481590270996,1.0038964748382568,,,
,,,,,,,7000.0,27000.0,90.0
266.864,0.5509703159332275,-0.15043430030345917,0.4099816679954529,0.06484493613243103,0.039566248655319214,1.0042983293533325,,,
,,,,,,,7000.0,27000.0,90.0
266.874,-2.14988374710083,-0.05587870627641678,-0.33429014682769775,0.0665498599410057,0.023372026160359383,1.0025166273117065,,,
,,,,,,,7000.0,32767.0,90.0
266.884,-1.0479222536087036,-0.027337873354554176,-0.035064008086919785,0.06332503259181976,0.03582983836531639,1.0084222555160522,,,
,,,,,,,7000.0,32767.0,90.0
266.894,-1.3532925844192505,0.3079707622528076,0.014900630339980125,0.06744750589132309,0.03387310355901718,0.9954098463058472,,,
,,,,,,,7000.0,32767.0,90.0
266.904,-5.131459712982178,0.2671903073787689,0.4236292243003845,0.0672605037689209,0.0369284525513649,0.998499870300293,,,
,,,,,,,7000.0,32767.0,90.0
266.914,4.316926002502441,-0.965397298336029,-0.8501282334327698,0.06196707859635353,0.02269885130226612,1.0197606086730957,,,
,,,,,,,7000.0,32767.0,90.0
266.924,15.526121139526367,-0.8057857155799866,0.039756953716278076,0.06888458877801895,0.010100776329636574,0.990398108959198,,,
,,,,,,,7000.0,32767.0,90.0
266.934,-2.0207674503326416,0.44999927282333374,-0.7431064248085022,0.06825409084558487,0.06449998170137405,0.9845926761627197,,,
,,,,,,,7000.0,32767.0,90.0
266.944,-4.074685096740723,-0.10952017456293106,1.0590391159057617,0.0620807521045208,0.06647855788469315,1.00902259349823,,,
,,,,,,,7000.0,32767.0,90.0
266.954,-8.389046669006348,0.6523056030273438,-0.1771070659160614,0.06276904791593552,0.008444438688457012,1.0106498003005981,,,
,,,,,,,7000.0,36000.0,90.0
266.964,-3.5739352703094482,-0.09753937274217606,-0.2418697327375412,0.0618588887155056,0.014617891982197762,1.018538475036621,,,
,,,,,,,7000.0,36000.0,90.0
266.974,1.4741512537002563,-1.199838638305664,-0.45692700147628784,0.05856666341423988,0.032460033893585205,1.000893473625183,,,
,,,,,,,7000.0,36000.0,90.0
266.984,0.802446186542511,0.3963955044746399,0.2521224617958069,0.06787453591823578,0.035284318029880524,0.9836347103118896,,,
,,,,,,,7000.0,36000.0,90.0
266.994,5.204004764556885,-0.6835307478904724,-0.433761328458786,0.06514671444892883,0.0333135686814785,1.005655288696289,,,
,,,,,,,7000.0,36000.0,90.0
267.004,12.29242992401123,-0.8547596335411072,-0.389402836561203,0.06492751836776733,0.02123366855084896,0.9892566800117493,,,
,,,,,,,7000.0,36000.0,90.0
267.014,-5.060419082641602,1.100496530532837,-0.6044303774833679,0.06469441950321198,0.056265849620103836,0.9975441098213196,,,
,,,,,,,7000.0,36000.0,90.0
267.024,-4.015048980712891,-0.14289890229701996,1.269017219543457,0.06284471601247787,0.051773637533187866,1.0202587842941284,,,
,,,,,,,7000.0,36000.0,90.0
267.034,-7.871184349060059,-0.05490381270647049,-0.1767546683549881,0.06553090363740921,0.016952138394117355,1.0127061605453491,,,
,,,,,,,7000.0,36000.0,90.0
267.044,-3.9101836681365967,-0.17937269806861877,-0.6655856370925903,0.06282615661621094,0.020292559638619423,1.0130950212478638,,,
,,,,,,,7000.0,40000.0,90.0
267.054,1.5083719491958618,-0.2719389796257019,0.005128941033035517,0.064185231924057,0.03373432531952858,0.9907388687133789,,,
,,,,,,,6000.0,40000.0,90.0
267.064,0.9059231281280518,0.25611767172813416,-0.21733203530311584,0.06903441995382309,0.03803892061114311,0.9870821237564087,,,
,,,,,,,6000.0,40000.0,90.0
267.074,5.221808910369873,-0.2455383837223053,-0.1007208302617073,0.06110124662518501,0.027012107893824577,1.016066551208496,,,
,,,,,,,6000.0,40000.0,90.0
267.084,13.78721809387207,-1.1020089387893677,-0.3724139332771301,0.062190618366003036,0.006316886283457279,0.9905381798744202,,,
,,,,,,,6000.0,40000.0,90.0
267.094,-5.3611931800842285,1.6846579313278198,0.37742477655410767,0.06852564960718155,0.06418643891811371,0.9967642426490784,,,
,,,,,,,6000.0,40000.0,90.0
267.104,-6.836013317108154,-0.16859205067157745,0.7982457876205444,0.05729956924915314,0.05907819792628288,1.0227102041244507,,,
,,,,,,,6000.0,40000.0,90.0
267.114,-4.341944694519043,-0.03402474522590637,-0.2768802344799042,0.06406529992818832,0.0004497511254157871,1.0092295408248901,,,
,,,,,,,6000.0,40000.0,90.0
267.124,-4.879480361938477,0.16076403856277466,-0.9072948694229126,0.06275024265050888,0.021490050479769707,1.015135407447815,,,
,,,,,,,6000.0,40000.0,90.0
267.134,5.040750980377197,-1.0789275169372559,0.4933649003505707,0.06420665979385376,0.0406784750521183,0.9973979592323303,,,
,,,,,,,6000.0,44000.0,90.0
267.144,1.8841084241867065,0.24721820652484894,-0.38034969568252563,0.06979589909315109,0.0311887226998806,0.9766314029693604,,,
,,,,,,,6000.0,44000.0,90.0
267.154,5.448984146118164,0.26119598746299744,-0.22388610243797302,0.06465619802474976,0.03687266260385513,0.9969682097434998,,,
,,,,,,,6000.0,44000.0,90.0
267.164,-5.586427688598633,1.3841737508773804,0.42716383934020996,0.06706400960683823,0.04856361448764801,1.0039366483688354,,,
,,,,,,,6000.0,44000.0,90.0
267.174,-7.112867832183838,-1.281317114830017,0.23460572957992554,0.05677326023578644,0.030205631628632545,1.0359156131744385,,,
,,,,,,,6000.0,44000.0,90.0
267.184,15.016251564025879,-2.1905269622802734,-0.17038807272911072,0.06154512241482735,-0.010233507491648197,1.0056934356689453,,,
,,,,,,,6000.0,44000.0,90.0
267.194,3.2223000526428223,1.613310694694519,-1.357884407043457,0.07409119606018066,0.04552794247865677,0.9583157300949097,,,
,,,,,,,6000.0,44000.0,90.0
267.204,-7.814197540283203,1.038488745689392,0.9231470227241516,0.06716001778841019,0.1013585776090622,1.0063384771347046,,,
,,,,,,,6000.0,44000.0,90.0
267.214,-2.428919792175293,-0.7940378785133362,0.5570411682128906,0.06447821110486984,0.01339722890406847,1.0158298015594482,,,
,,,,,,,6000.0,48000.0,90.0
267.224,-1.635974645614624,0.9335587024688721,-1.492840051651001,0.06794214993715286,-0.014084730297327042,1.002066969871521,,,
,,,,,,,6000.0,48000.0,90.0
267.234,0.3598952293395996,-0.7444133162498474,0.2868397831916809,0.060791581869125366,0.05617664381861687,1.0164685249328613,,,
,,,,,,,6000.0,48000.0,90.0
267.244,-2.266524314880371,0.3390839099884033,0.730773389339447,0.06381473690271378,0.048232175409793854,0.9911552667617798,,,
,,,,,,,6000.0,48000.0,90.0
267.254,-3.323137044906616,0.3435710370540619,-1.2146910429000854,0.07138541340827942,0.02128865011036396,1.0020530223846436,,,
,,,,,,,6000.0,48000.0,90.0
267.264,5.186022758483887,-1.4131525754928589,0.16561591625213623,0.06093757972121239,0.02349277399480343,1.0282185077667236,,,
,,,,,,,6000.0,48000.0,90.0
267.274,14.20970630645752,-2.7364304065704346,-0.7134249806404114,0.062445882707834244,0.018216917291283607,0.9893321990966797,,,
,,,,,,,6000.0,48000.0,90.0
267.284,8.32597541809082,1.5228012800216675,2.7109181880950928,0.06417970359325409,0.04881339520215988,0.9597558975219727,,,
,,,,,,,6000.0,48000.0,90.0
267.294,-5.825329780578613,1.5994266271591187,1.9497976303100586,0.08077789843082428,0.08371194452047348,0.9986413717269897,,,
,,,,,,,6000.0,53000.0,90.0
267.304,-24.54130744934082,2.4973294734954834,-1.1582247018814087,0.056947313249111176,0.04443465918302536,1.0146476030349731,,,
,,,,,,,10000.0,53000.0,90.0
267.314,-0.0341566726565361,-1.888340950012207,-0.007447835523635149,0.05386108532547951,-0.011912290006875992,1.0461786985397339,,,
,,,,,,,10000.0,53000.0,90.0
267.324,5.338164806365967,0.24321198463439941,-0.1979191154241562,0.06086751073598862,-0.007114867679774761,1.003273606300354,,,
,,,,,,,10000.0,53000.0,90.0
267.334,-2.950861930847168,-0.5899777412414551,-4.2689337730407715,0.0703069195151329,0.05128837004303932,1.0022753477096558,,,
,,,,,,,10000.0,53000.0,90.0
267.344,4.542095184326172,-1.730804681777954,0.32922884821891785,0.06343767046928406,0.05386734753847122,1.0049748420715332,,,
,,,,,,,10000.0,53000.0,90.0
267.354,8.90001392364502,-1.7062509059906006,-0.9850066304206848,0.0687403529882431,0.02958722971379757,0.9809503555297852,,,
,,,,,,,10000.0,53000.0,90.0
267.364,1.0757931470870972,0.7428834438323975,-0.9138457775115967,0.07085844874382019,0.04550151154398918,0.9741114377975464,,,
,,,,,,,10000.0,53000.0,90.0
267.374,2.077242136001587,0.46897703409194946,3.278993844985962,0.06847861409187317,0.0564546175301075,0.9951660633087158,,,
,,,,,,,10000.0,57000.0,90.0
267.384,-0.3713468909263611,2.047114133834839,2.3558619022369385,0.06156500056385994,0.03038162738084793,1.010450005531311,,,
,,,,,,,10000.0,57000.0,90.0
267.394,-10.379873275756836,2.051196813583374,-0.9951536655426025,0.06288164854049683,0.013627790845930576,1.0277366638183594,,,
,,,,,,,14000.0,57000.0,90.0
267.404,-1.354689359664917,-1.1155309677124023,-0.4435897767543793,0.060905758291482925,0.027035310864448547,1.0286697149276733,,,
,,,,,,,14000.0,57000.0,90.0
267.414,-4.973397254943848,0.1384207308292389,-0.18746653199195862,0.05919758975505829,0.032065555453300476,1.0039173364639282,,,
,,,,,,,14000.0,57000.0,90.0
267.424,0.5178221464157104,-2.297848701477051,-2.922408103942871,0.06642886251211166,0.02087603136897087,1.0046168565750122,,,
,,,,,,,14000.0,57000.0,90.0
267.434,7.269216060638428,-0.6801714897155762,0.584035336971283,0.07235421985387802,0.02983778715133667,0.9917271733283997,,,
,,,,,,,14000.0,57000.0,90.0
267.444,4.2714619636535645,-0.6788362860679626,-0.528558075428009,0.0677756667137146,0.05396590754389763,0.9769725203514099,,,
,,,,,,,14000.0,57000.0,90.0
267.454,-0.7276950478553772,-0.15395042300224304,-0.03807433694601059,0.06303446739912033,0.048404473811388016,0.9911123514175415,,,
,,,,,,,14000.0,57000.0,90.0
267.464,0.4891713857650757,0.9094623923301697,0.23894090950489044,0.0640190988779068,0.023557860404253006,1.0098588466644287,,,
,,,,,,,14000.0,61000.0,90.0
267.474,-2.1249377727508545,-0.04496757686138153,-0.12255778163671494,0.061175137758255005,0.026099544018507004,1.0233627557754517,,,
,,,,,,,20000.0,61000.0,90.0
267.484,0.12657681107521057,-0.5719559192657471,0.15353672206401825,0.059934455901384354,0.03553186357021332,1.0126492977142334,,,
,,,,,,,20000.0,61000.0,90.0
267.494,-2.6619229316711426,0.031311772763729095,-0.3606923520565033,0.06605276465415955,0.035151779651641846,0.990523636341095,,,
,,,,,,,20000.0,61000.0,90.0
267.504,-1.4444721937179565,0.7122589945793152,-0.47869160771369934,0.06809625774621964,0.04073522612452507,0.996854305267334,,,
,,,,,,,20000.0,61000.0,90.0
267.514,-3.0896615982055664,-0.3452455997467041,-0.4204927384853363,0.06363020092248917,0.034340810030698776,1.0084717273712158,,,
,,,,,,,20000.0,61000.0,90.0
267.524,1.0672637224197388,-0.7268847823143005,-0.0902893990278244,0.06210346147418022,0.02572457492351532,1.0108507871627808,,,
,,,,,,,20000.0,61000.0,90.0
267.534,5.113738536834717,-0.5445336103439331,0.027195779606699944,0.06625369191169739,0.02612772211432457,0.99711012840271,,,
,,,,,,,20000.0,61000.0,90.0
267.544,1.9022979736328125,-0.22247709333896637,-0.2514207661151886,0.0670924112200737,0.04083089902997017,0.9969284534454346,,,
,,,,,,,20000.0,61000.0,90.0
267.554,-0.11456496268510818,0.4569135010242462,-0.32987722754478455,0.06474632024765015,0.03705310821533203,1.0008819103240967,,,
,,,,,,,20000.0,63000.0,90.0
267.564,-1.4947447776794434,0.38490182161331177,-0.1959727704524994,0.058819644153118134,0.02978690341114998,1.0079443454742432,,,
,,,,,,,28000.0,63000.0,90.0
267.574,1.125037670135498,-0.2507021129131317,0.03544916212558746,0.05907219275832176,0.03153461962938309,1.0086196660995483,,,
,,,,,,,28000.0,63000.0,90.0
267.584,-1.274352788925171,0.12193690985441208,0.11557725071907043,0.06640085577964783,0.036040306091308594,0.9965972900390625,,,
,,,,,,,28000.0,63000.0,90.0
267.594,-1.8538076877593994,0.22698238492012024,-0.03563055023550987,0.06812044233083725,0.041793059557676315,1.0010128021240234,,,
,,,,,,,28000.0,63000.0,90.0
267.604,-0.07695987075567245,-0.8603473901748657,-0.16929273307323456,0.06466691195964813,0.03424135223031044,1.0191938877105713,,,
,,,,,,,28000.0,63000.0,90.0
267.614,-3.480034112930298,-0.3579126000404358,-2.1214804649353027,0.061465442180633545,0.02926330268383026,1.0080732107162476,,,
,,,,,,,28000.0,63000.0,90.0
267.624,-0.9145368337631226,0.34549230337142944,-0.07925931364297867,0.06272058933973312,0.047158803790807724,0.98850417137146,,,
,,,,,,,28000.0,63000.0,90.0
267.634,4.888453960418701,0.08595746755599976,2.269138813018799,0.07100102305412292,0.03780405968427658,0.980789303779602,,,
,,,,,,,28000.0,63000.0,90.0
267.644,6.43885612487793,-1.6717698574066162,0.7243380546569824,0.07863181084394455,0.018913116306066513,0.9968528151512146,,,
,,,,,,,28000.0,65535.0,90.0
267.654,-6.449957370758057,2.8450586795806885,-3.0854244232177734,0.07276050746440887,0.03601684793829918,0.9945465326309204,,,
,,,,,,,36000.0,65535.0,90.0
267.664,-7.461308479309082,2.692390203475952,-0.023070326074957848,0.057499971240758896,0.056158244609832764,1.0291807651519775,,,
,,,,,,,36000.0,65535.0,90.0
267.674,6.019370079040527,-2.0679709911346436,1.2399307489395142,0.040796563029289246,0.014353672042489052,1.035068154335022,,,
,,,,,,,36000.0,65535.0,90.0
267.684,1.687792181968689,-2.3324854373931885,-1.288366436958313,0.07446523010730743,0.004622509237378836,1.0150973796844482,,,
,,,,,,,36000.0,65535.0,90.0
267.694,-7.623744010925293,0.840202808380127,-0.425893098115921,0.04395389184355736,0.07771866023540497,0.9850471019744873,,,
,,,,,,,36000.0,65535.0,90.0
267.704,7.637836456298828,-8.152307510375977,3.538870096206665,0.0838962271809578,0.06099030375480652,0.9912937879562378,,,
,,,,,,,36000.0,65535.0,90.0
267.714,-2.662904739379883,11.07355785369873,-1.3146170377731323,0.11276046186685562,0.001405232585966587,0.9154654145240784,,,
,,,,,,,36000.0,65535.0,90.0
267.724,-20.342742919921875,5.412683010101318,-4.82681131362915,0.05226154997944832,0.06291871517896652,1.020052194595337,,,
,,,,,,,36000.0,65535.0,90.0
267.734,13.720012664794922,-10.951156616210938,3.2245588302612305,0.04510744288563728,0.027226964011788368,1.1084296703338623,,,
,,,,,,,36000.0,63000.0,90.0
267.744,10.823467254638672,0.291277676820755,1.9731533527374268,0.029034899547696114,-0.011795873753726482,1.0131999254226685,,,
,,,,,,,39000.0,63000.0,90.0
267.754,-14.291259765625,-2.47963285446167,-2.047206163406372,0.07181064784526825,0.046966537833213806,1.001556634902954,,,
,,,,,,,39000.0,63000.0,90.0
267.764,12.722983360290527,-2.871204376220703,1.541441798210144,0.0774676650762558,0.056998204439878464,0.9875785708427429,,,
,,,,,,,39000.0,63000.0,90.0
267.774,-16.392452239990234,4.186778545379639,-0.9601169228553772,0.07892847806215286,0.03981718420982361,0.9503656625747681,,,
,,,,,,,39000.0,63000.0,90.0
267.784,3.7458133697509766,0.26097992062568665,0.5436217784881592,0.062346719205379486,0.03726538270711899,1.0315806865692139,,,
,,,,,,,39000.0,63000.0,90.0
267.794,1.8807766437530518,-2.9626922607421875,-0.23402661085128784,0.0681084468960762,0.01812543161213398,1.003316044807434,,,
,,,,,,,39000.0,63000.0,90.0
267.804,4.512681484222412,-0.16815589368343353,-0.13322342932224274,0.06649631261825562,0.03355158492922783,0.9858799576759338,,,
,,,,,,,39000.0,63000.0,90.0
267.814,-1.083430290222168,1.6661540269851685,-0.16190887987613678,0.0630728080868721,0.05431042239069939,0.9931531548500061,,,
,,,,,,,39000.0,62000.0,90.0
267.824,-3.2078475952148438,0.7973464727401733,-0.1681741625070572,0.06376604735851288,0.022134440019726753,1.0305593013763428,,,
,,,,,,,41000.0,62000.0,90.0
267.834,0.21217358112335205,-3.4524569511413574,1.2975714206695557,0.05585291609168053,0.011623471975326538,1.0229873657226562,,,
,,,,,,,41000.0,62000.0,90.0
267.844,-4.267219066619873,-0.9955573678016663,0.3107541799545288,0.05753687396645546,0.052724916487932205,0.9932926893234253,,,
,,,,,,,41000.0,62000.0,90.0
267.854,2.471224546432495,0.5381252765655518,0.24879294633865356,0.07407667487859726,0.0369890071451664,0.9867043495178223,,,
,,,,,,,41000.0,62000.0,90.0
267.864,1.7679566144943237,1.5648337602615356,-0.8527790904045105,0.07479244470596313,0.020505692809820175,0.9915286302566528,,,
,,,,,,,41000.0,62000.0,90.0
267.874,0.4017711281776428,-0.31719255447387695,0.011582241393625736,0.057581059634685516,0.03786187991499901,1.0219208002090454,,,
,,,,,,,41000.0,62000.0,90.0
267.884,-0.39769357442855835,-1.5897761583328247,0.32755160331726074,0.06266138702630997,0.03172175958752632,1.006115436553955,,,
,,,,,,,41000.0,62000.0,90.0
267.894,-1.6006330251693726,-0.04350607097148895,-0.273171067237854,0.06853362172842026,0.030410107225179672,0.9889042973518372,,,
,,,,,,,41000.0,62000.0,90.0
267.904,1.4081441164016724,0.28931739926338196,0.3515266180038452,0.06397933512926102,0.04314940422773361,0.9986683130264282,,,
,,,,,,,41000.0,55000.0,90.0
267.914,-0.8310495615005493,0.755490779876709,-0.15269459784030914,0.0649823471903801,0.032949529588222504,1.0075178146362305,,,
,,,,,,,46000.0,55000.0,90.0
267.924,1.5340269804000854,-0.21781902015209198,-0.29750287532806396,0.0642215833067894,0.027212876826524734,1.0114129781723022,,,
,,,,,,,46000.0,55000.0,90.0
267.934,-0.9751057624816895,-0.17762044072151184,-0.20727092027664185,0.06661844253540039,0.03899875283241272,1.0052311420440674,,,
,,,,,,,46000.0,55000.0,90.0
267.944,-0.9597445130348206,0.8199952840805054,-0.3428540825843811,0.0630497857928276,0.037061963230371475,1.006686806678772,,,
,,,,,,,46000.0,55000.0,90.0
267.954,4.6827874183654785,-4.730204105377197,0.008158105425536633,0.06816481053829193,0.026612412184476852,1.0029685497283936,,,
,,,,,,,46000.0,55000.0,90.0
267.964,6.3242106437683105,0.9031333923339844,1.14780855178833,0.06132301315665245,0.04219331964850426,0.9607238173484802,,,
,,,,,,,46000.0,55000.0,90.0
267.974,-7.654863357543945,2.415461301803589,-0.13371619582176208,0.09479144960641861,0.05854189768433571,1.000925064086914,,,
,,,,,,,46000.0,55000.0,90.0
267.984,-9.28431510925293,2.987222909927368,1.3387913703918457,0.04665146768093109,0.032005973160266876,1.018344521522522,,,
,,,,,,,46000.0,55000.0,90.0
267.994,-2.570117235183716,-0.6608132719993591,-1.0302789211273193,0.05005780979990959,0.006511314772069454,1.0438170433044434,,,
,,,,,,,46000.0,52000.0,90.0
268.004,5.901488780975342,-3.635549306869507,-0.30436331033706665,0.06204691529273987,0.012332417070865631,1.0239300727844238,,,
,,,,,,,46000.0,52000.0,90.0
268.014,6.882253646850586,-1.4353660345077515,-0.1373894065618515,0.05730031803250313,0.04593590274453163,0.9714129567146301,,,
,,,,,,,46000.0,52000.0,90.0
268.024,2.2780709266662598,-1.44983971118927,-0.5323938727378845,0.08993032574653625,0.05845141410827637,0.9820042252540588,,,
,,,,,,,46000.0,52000.0,90.0
268.034,1.9853086471557617,0.0008394637261517346,0.016471629962325096,0.0673290491104126,0.030930986627936363,0.9871582388877869,,,
,,,,,,,46000.0,52000.0,90.0
268.044,-0.2524493634700775,2.0476746559143066,0.2429477572441101,0.06901808828115463,0.02745136246085167,0.9977491497993469,,,
,,,,,,,46000.0,52000.0,90.0
268.054,-5.346866130828857,1.6999447345733643,0.8113447427749634,0.05814120173454285,0.044645387679338455,1.0169059038162231,,,
,,,,,,,46000.0,52000.0,90.0
268.064,-7.116525173187256,0.14660680294036865,-0.1624165177345276,0.05949276685714722,0.031581003218889236,1.0259652137756348,,,
,,,,,,,46000.0,52000.0,90.0
268.074,-3.343859910964966,-0.9132432341575623,-0.6271300315856934,0.06025821343064308,0.01683984324336052,1.0172703266143799,,,
,,,,,,,46000.0,52000.0,90.0
268.084,2.8266096115112305,-1.9500732421875,-1.2865732908248901,0.0664651021361351,0.02767299674451351,0.9980896711349487,,,
,,,,,,,46000.0,44000.0,90.0
268.094,5.972862243652344,-1.0399577617645264,0.2110404521226883,0.07377386093139648,0.04452430456876755,0.9923633933067322,,,
,,,,,,,46000.0,44000.0,90.0
268.104,10.13166332244873,-3.012346029281616,0.008791097439825535,0.06716784089803696,0.04182744398713112,1.0140211582183838,,,
,,,,,,,46000.0,44000.0,90.0
268.114,16.13249969482422,-2.4276649951934814,1.1927090883255005,0.055939074605703354,0.03206150233745575,0.9698595404624939,,,
,,,,,,,46000.0,44000.0,90.0
268.124,7.5633368492126465,7.728246212005615,12.173016548156738,0.0836750939488411,0.08820576220750809,0.942416250705719,,,
,,,,,,,46000.0,44000.0,90.0
268.134,-41.398170471191406,5.674393177032471,-4.340168476104736,0.11775986105203629,0.11323784291744232,0.9918171763420105,,,
,,,,,,,46000.0,44000.0,90.0
268.144,-56.86547088623047,0.5990333557128906,-3.2130205631256104,0.043461523950099945,0.035505957901477814,1.0984472036361694,,,
,,,,,,,46000.0,44000.0,90.0
268.154,30.357776641845703,-7.396332263946533,-0.07914353162050247,-0.015140693634748459,-0.10986746847629547,1.110290765762329,,,
,,,,,,,46000.0,44000.0,90.0
268.164,49.505531311035156,-4.928836345672607,-0.6207375526428223,0.06692828238010406,-0.1051061823964119,0.9675734639167786,,,
,,,,,,,46000.0,44000.0,90.0
268.174,17.014013290405273,-1.7803254127502441,-4.406676769256592,0.12910960614681244,0.09181345254182816,0.9107185006141663,,,
,,,,,,,46000.0,32767.0,90.0
268.184,-13.837383270263672,2.1955456733703613,-0.9359781742095947,0.07749610394239426,0.23744507133960724,0.9438702464103699,,,
,,,,,,,44000.0,32767.0,90.0
268.194,-23.678457260131836,3.658567190170288,3.123051643371582,0.07215980440378189,0.10829723626375198,1.004388689994812,,,
,,,,,,,44000.0,32767.0,90.0
268.204,3.4558558464050293,-1.1019409894943237,1.9452919960021973,0.07349075376987457,-0.07450709491968155,1.0368956327438354,,,
,,,,,,,44000.0,32767.0,90.0
268.214,25.155075073242188,0.7333219051361084,1.3091137409210205,0.05743353068828583,-0.06676667928695679,0.9984804391860962,,,
,,,,,,,44000.0,32767.0,90.0
268.224,-12.347535133361816,3.114719867706299,0.5199528336524963,0.08249618113040924,0.10740529000759125,0.9954389929771423,,,
,,,,,,,44000.0,32767.0,90.0
268.234,-52.32891845703125,2.539236068725586,-8.406231880187988,0.05544589087367058,0.13049328327178955,1.061837077140808,,,
,,,,,,,44000.0,32767.0,90.0
268.244,14.989757537841797,-10.044269561767578,-3.349506378173828,0.031470924615859985,-0.05748668685555458,1.0636396408081055,,,
,,,,,,,44000.0,32767.0,90.0
268.254,33.65685272216797,1.2392481565475464,2.122321128845215,0.07567393779754639,-0.08559740334749222,0.9612139463424683,,,
,,,,,,,44000.0,32767.0,90.0
268.264,-3.1274218559265137,2.575547218322754,-5.193977355957031,0.09046433866024017,0.09136129915714264,0.9541354179382324,,,
,,,,,,,44000.0,29000.0,90.0
268.274,-7.332385063171387,-4.140725612640381,0.9099977612495422,0.06843715906143188,0.1757284551858902,1.0012959241867065,,,
,,,,,,,32767.0,29000.0,90.0
268.284,-10.765924453735352,2.0009725093841553,1.8101719617843628,0.06573333591222763,0.037392694503068924,0.9727131128311157,,,
,,,,,,,32767.0,29000.0,90.0
268.294,4.46994161605835,1.568505883216858,0.07656650245189667,0.07398873567581177,-0.04928335174918175,0.9974173903465271,,,
,,,,,,,32767.0,29000.0,90.0
268.304,14.748747825622559,-1.47123122215271,-0.47974124550819397,0.07598190009593964,0.006298614200204611,1.0294185876846313,,,
,,,,,,,32767.0,29000.0,90.0
268.314,3.0704116821289062,2.353693962097168,1.8264626264572144,0.0644439309835434,0.07025600969791412,0.9862095713615417,,,
,,,,,,,32767.0,29000.0,90.0
268.324,-18.365148544311523,4.207615375518799,-2.069026470184326,0.058702778071165085,0.06710469722747803,1.0247398614883423,,,
,,,,,,,32767.0,29000.0,90.0
268.334,-0.34369418025016785,-0.8862516283988953,0.5524076819419861,0.04908426105976105,0.0024788181763142347,1.0427470207214355,,,
,,,,,,,32767.0,29000.0,90.0
268.344,-1.8273200988769531,-3.790004253387451,-1.4002143144607544,0.0631636530160904,0.005234591197222471,1.0106635093688965,,,
,,,,,,,32767.0,27000.0,90.0
268.354,12.755903244018555,-2.5852551460266113,1.2828125953674316,0.06051138788461685,0.050656359642744064,0.9758797287940979,,,
,,,,,,,30000.0,27000.0,90.0
268.364,0.9938949346542358,1.6063703298568726,-0.12666063010692596,0.08056029677391052,0.060322411358356476,0.9673359990119934,,,
,,,,,,,30000.0,27000.0,90.0
268.374,-2.5857627391815186,-0.37087979912757874,0.432281494140625,0.0989036113023758,0.03847625479102135,0.9988646507263184,,,
,,,,,,,30000.0,27000.0,90.0
268.384,-2.584273338317871,2.367579221725464,-0.47914960980415344,0.04191308468580246,0.03172993287444115,1.0044044256210327,,,
,,,,,,,30000.0,27000.0,90.0
268.394,-3.0877907276153564,0.21016259491443634,0.7180716395378113,0.07075968384742737,0.03127807751297951,1.0383121967315674,,,
,,,,,,,30000.0,27000.0,90.0
268.404,-2.615856170654297,-0.7259138822555542,-0.7243183255195618,0.05271230638027191,0.020511126145720482,1.0271075963974,,,
,,,,,,,30000.0,27000.0,90.0
268.414,2.7552382946014404,-2.6875221729278564,0.0410795621573925,0.060282398015260696,0.03189876675605774,1.0002013444900513,,,
,,,,,,,30000.0,27000.0,90.0
268.424,2.8739686012268066,-1.298400640487671,-0.29629629850387573,0.07455948740243912,0.05013268068432808,0.9778277277946472,,,
,,,,,,,30000.0,27000.0,90.0
268.434,0.3934706747531891,1.0005888938903809,0.17743048071861267,0.0795745998620987,0.04575768858194351,0.9749835729598999,,,
,,,,,,,30000.0,27000.0,90.0
268.444,1.2810138463974,1.9838348627090454,0.12106858193874359,0.06907214224338531,0.02976013906300068,0.9976028800010681,,,
,,,,,,,26000.0,27000.0,90.0
268.454,-1.955155372619629,0.41509419679641724,-0.4576983153820038,0.052906207740306854,0.032932817935943604,1.0249909162521362,,,
,,,,,,,26000.0,27000.0,90.0
268.464,-3.0427162647247314,-0.866232693195343,0.21062253415584564,0.05869664251804352,0.02715212106704712,1.0285124778747559,,,
,,,,,,,26000.0,27000.0,90.0
268.474,0.29990512132644653,-1.1529344320297241,0.2891038656234741,0.06367948651313782,0.023158326745033264,0.9997628927230835,,,
,,,,,,,26000.0,27000.0,90.0
268.484,1.9881575107574463,-0.9904118180274963,0.44429394602775574,0.06727133691310883,0.03531728312373161,0.9832791686058044,,,
,,,,,,,26000.0,27000.0,90.0
268.494,2.9539029598236084,0.3040938079357147,0.38252437114715576,0.0802038311958313,0.037292949855327606,0.9998196363449097,,,
,,,,,,,26000.0,27000.0,90.0
268.504,-3.2281301021575928,2.63348650932312,-0.779744029045105,0.06140328571200371,0.026933664456009865,0.9991650581359863,,,
,,,,,,,26000.0,27000.0,90.0
268.514,-3.062993288040161,0.012266271747648716,-0.7443586587905884,0.0611967071890831,0.0414094477891922,1.022898554801941,,,
,,,,,,,26000.0,27000.0,90.0
268.524,1.8560906648635864,-2.215468406677246,0.6749499440193176,0.06429456174373627,0.030427198857069016,1.006043791770935,,,
,,,,,,,26000.0,27000.0,90.0
268.534,3.379739761352539,-1.0186117887496948,0.4933355152606964,0.06291458010673523,0.027233263477683067,0.9886793494224548,,,
,,,,,,,23000.0,27000.0,90.0
268.544,0.3034851551055908,-0.13390855491161346,0.10213512927293777,0.0804736465215683,0.04659958556294441,1.001711368560791,,,
,,,,,,,23000.0,27000.0,90.0
268.554,-4.697224140167236,1.4330123662948608,-0.785630464553833,0.06726010143756866,0.03954954072833061,0.9921293258666992,,,
,,,,,,,23000.0,27000.0,90.0
268.564,0.008969645015895367,0.6258181929588318,-0.2451009899377823,0.05985800176858902,0.033260829746723175,1.0048136711120605,,,
,,,,,,,23000.0,27000.0,90.0
268.574,3.4160778522491455,-0.5648725032806396,0.4238600432872772,0.06467176973819733,0.021609457209706306,1.0177924633026123,,,
,,,,,,,23000.0,27000.0,90.0
268.584,-0.24344231188297272,0.075286865234375,-0.16669291257858276,0.06198791787028313,0.026168668642640114,1.0099235773086548,,,
,,,,,,,23000.0,27000.0,90.0
268.594,-2.7145135402679443,-0.4813518822193146,-0.4758167564868927,0.06482936441898346,0.048212986439466476,0.9997515082359314,,,
,,,,,,,23000.0,28000.0,90.0
268.604,-2.0806143283843994,-0.21149970591068268,0.06557858735322952,0.06716398149728775,0.0410575196146965,0.983404815196991,,,
,,,,,,,16000.0,28000.0,90.0
268.614,2.4948999881744385,-0.08140704035758972,0.22800631821155548,0.06768422573804855,0.026292046532034874,0.992591917514801,,,
,,,,,,,16000.0,28000.0,90.0
268.624,2.320612668991089,0.3692062497138977,0.07839158922433853,0.06441759318113327,0.02918209880590439,1.0159268379211426,,,
,,,,,,,16000.0,28000.0,90.0
268.634,-0.9295259118080139,-0.117653027176857,-0.3114302158355713,0.06002682447433472,0.03092636726796627,1.0147901773452759,,,
,,,,,,,16000.0,28000.0,90.0
268.644,-4.378669738769531,-1.4325941801071167,0.19506485760211945,0.060177505016326904,0.0392892062664032,0.9984269142150879,,,
,,,,,,,16000.0,28000.0,90.0
268.654,3.328902244567871,-1.7009656429290771,1.1491730213165283,0.07319456338882446,0.030222328379750252,1.0012202262878418,,,
,,,,,,,16000.0,28000.0,90.0
268.664,-0.031754907220602036,1.1834489107131958,-0.16464948654174805,0.07070774585008621,0.02203349582850933,0.9987201690673828,,,
,,,,,,,16000.0,28000.0,90.0
268.674,-2.9889204502105713,0.6062576770782471,-0.5104794502258301,0.05523844435811043,0.03979194164276123,1.0094636678695679,,,
,,,,,,,16000.0,28000.0,90.0
268.684,-2.2391302585601807,-1.0579975843429565,0.02387085184454918,0.06421536952257156,0.031438861042261124,1.010668158531189,,,
,,,,,,,16000.0,32767.0,90.0
268.694,0.9254626631736755,-1.0297659635543823,0.08255960047245026,0.06342677026987076,0.020221861079335213,0.9987661838531494,,,
,,,,,,,11000.0,32767.0,90.0
268.704,4.684216499328613,-0.3724118173122406,0.42551925778388977,0.06744740158319473,0.037976864725351334,0.9947332143783569,,,
,,,,,,,11000.0,32767.0,90.0
268.714,0.4192951023578644,0.7424686551094055,-0.11867037415504456,0.07154484838247299,0.04310906305909157,0.9976595640182495,,,
,,,,,,,11000.0,32767.0,90.0
268.724,-7.656922817230225,0.7235860824584961,0.10508999228477478,0.07100944966077805,0.04429713636636734,1.0059216022491455,,,
,,,,,,,11000.0,32767.0,90.0
268.734,-0.6942673921585083,-0.3747107982635498,-0.5862153172492981,0.06052205711603165,0.024788659065961838,1.021740436553955,,,
,,,,,,,11000.0,32767.0,90.0
268.744,12.400619506835938,-0.7211077809333801,-0.28302040696144104,0.06655661016702652,0.006043721921741962,0.9951802492141724,,,
,,,,,,,11000.0,32767.0,90.0
268.754,-2.730288028717041,0.932353675365448,-0.6362338662147522,0.06416914612054825,0.05939260497689247,0.9931131601333618,,,
,,,,,,,11000.0,32767.0,90.0
268.764,-1.2552598714828491,-0.9395058155059814,1.2051383256912231,0.06295793503522873,0.06056131795048714,1.0057836771011353,,,
,,,,,,,11000.0,32767.0,90.0
268.774,-6.732874393463135,0.37785062193870544,-0.16972124576568604,0.06604595482349396,0.016047989949584007,0.9975670576095581,,,
,,,,,,,8000.0,35000.0,90.0
268.784,-0.10234604775905609,0.0041945986449718475,0.0014732778072357178,0.06337787210941315,0.02124684862792492,1.0162155628204346,,,
,,,,,,,8000.0,35000.0,90.0
268.794,1.9785902500152588,-0.4516313672065735,-0.02719046361744404,0.06304367631673813,0.03236622363328934,1.0096242427825928,,,
,,,,,,,8000.0,35000.0,90.0
268.804,0.3825744390487671,-0.030025465413928032,-0.36988839507102966,0.06465400755405426,0.027608120813965797,0.9928197264671326,,,
,,,,,,,8000.0,35000.0,90.0
268.814,2.719302177429199,-0.5891224145889282,-0.22421865165233612,0.060453880578279495,0.0359785258769989,1.0084595680236816,,,
,,,,,,,8000.0,35000.0,90.0
268.824,6.527873516082764,-0.5836860537528992,-0.03522828221321106,0.06541288644075394,0.020961105823516846,0.9944400191307068,,,
,,,,,,,8000.0,35000.0,90.0
268.834,-5.601466655731201,0.9566739201545715,-0.5146436095237732,0.06373883038759232,0.04687550663948059,1.001364827156067,,,
,,,,,,,8000.0,35000.0,90.0
268.844,0.7408778667449951,-0.6197041869163513,0.7863788604736328,0.06414798647165298,0.041738416999578476,1.0108267068862915,,,
,,,,,,,8000.0,35000.0,90.0
268.854,-6.602135181427002,0.1762922704219818,-0.40544939041137695,0.06523901224136353,0.02606380358338356,1.0004658699035645,,,
,,,,,,,8000.0,42000.0,90.0
268.864,1.0759097337722778,-0.3568389117717743,0.03765123710036278,0.06725326925516129,0.03018013760447502,1.0093183517456055,,,
,,,,,,,8000.0,42000.0,90.0
268.874,0.6043521165847778,0.022736528888344765,-0.4072740972042084,0.0664428099989891,0.03551463037729263,0.9987636208534241,,,
,,,,,,,8000.0,42000.0,90.0
268.884,-4.563220500946045,0.9466678500175476,0.07074391096830368,0.06752721965312958,0.044389646500349045,0.9915528297424316,,,
,,,,,,,8000.0,42000.0,90.0
268.894,-2.0692403316497803,-0.8217426538467407,-0.17510299384593964,0.06537220627069473,0.035605624318122864,1.0308839082717896,,,
,,,,,,,8000.0,42000.0,90.0
268.904,21.53648567199707,-2.238776445388794,-0.7381488084793091,0.0580483004450798,-0.012233822606503963,1.0008783340454102,,,
,,,,,,,8000.0,42000.0,90.0
268.914,11.669794082641602,2.3660888671875,3.383305311203003,0.07487717270851135,0.04961734637618065,0.9585572481155396,,,
,,,,,,,8000.0,42000.0,90.0
268.924,-14.009513854980469,0.2529948949813843,-0.7498894333839417,0.0737927183508873,0.10954289883375168,1.006324052810669,,,
,,,,,,,8000.0,42000.0,90.0
268.934,-13.767963409423828,1.295014500617981,1.7466340065002441,0.0592961460351944,0.033267680555582047,1.0227069854736328,,,
,,,,,,,8000.0,42000.0,90.0
268.944,0.4354466497898102,-0.2724224030971527,0.3256625831127167,0.06212438642978668,-0.027406364679336548,1.0092121362686157,,,
,,,,,,,8000.0,45000.0,90.0
268.954,-0.7229799628257751,-0.6861822605133057,-0.7330856919288635,0.0631178542971611,0.024871855974197388,1.0222359895706177,,,
,,,,,,,8000.0,45000.0,90.0
268.964,6.849957466125488,-1.569125771522522,-0.5519243478775024,0.059613775461912155,0.05124790221452713,0.9962166547775269,,,
,,,,,,,8000.0,45000.0,90.0
268.974,1.3545056581497192,0.3157220482826233,-0.8155626058578491,0.06945402920246124,0.04135797545313835,0.972798764705658,,,
,,,,,,,8000.0,45000.0,90.0
268.984,-3.9191224575042725,1.0824469327926636,0.1978040188550949,0.06711000949144363,0.04815320298075676,0.9926279783248901,,,
,,,,,,,8000.0,45000.0,90.0
268.994,-4.348891258239746,-0.2846372425556183,0.2915666103363037,0.06118914112448692,0.032525911927223206,1.0240625143051147,,,
,,,,,,,8000.0,45000.0,90.0
269.004,6.628644943237305,-1.6277945041656494,0.08968328684568405,0.06007441133260727,-0.004214578773826361,1.0139027833938599,,,
,,,,,,,8000.0,45000.0,90.0
269.014,6.062407970428467,0.3256855905056,-0.0599655956029892,0.06581689417362213,0.03268346190452576,0.9861593842506409,,,
,,,,,,,8000.0,45000.0,90.0
269.024,-5.289851665496826,0.6978892683982849,0.1982576847076416,0.06273460388183594,0.07597199082374573,0.9968643188476562,,,
,,,,,,,8000.0,48000.0,90.0
269.034,-2.211867570877075,-0.47838640213012695,0.10852766782045364,0.06694651395082474,0.03410472720861435,1.0046696662902832,,,
,,,,,,,8000.0,48000.0,90.0
269.044,-0.6202893853187561,1.105004906654358,-0.4476188123226166,0.06653322279453278,0.00979098491370678,1.0024794340133667,,,
,,,,,,,8000.0,48000.0,90.0
269.054,-1.0025403499603271,-0.06367813795804977,0.19248592853546143,0.06225206330418587,0.04621071368455887,1.017141580581665,,,
,,,,,,,8000.0,48000.0,90.0
269.064,-2.335257053375244,0.0028948194812983274,0.39932408928871155,0.0644187182188034,0.042061030864715576,0.9987990856170654,,,
,,,,,,,8000.0,48000.0,90.0
269.074,-2.9204607009887695,0.22145240008831024,-0.2872851490974426,0.06546101719141006,0.029484108090400696,1.0014262199401855,,,
,,,,,,,8000.0,48000.0,90.0
269.084,6.440299034118652,-1.5328010320663452,-0.5714614987373352,0.06283610314130783,0.023834597319364548,1.0129387378692627,,,
,,,,,,,8000.0,48000.0,90.0
269.094,11.301676750183105,-1.5802505016326904,-0.5946550369262695,0.06757945567369461,0.024689681828022003,0.9889780282974243,,,
,,,,,,,8000.0,48000.0,90.0
269.104,4.8546953201293945,1.1700818538665771,1.8044112920761108,0.06840232759714127,0.051632512360811234,0.9753574132919312,,,
,,,,,,,8000.0,48000.0,90.0
269.114,-5.589420795440674,1.3898028135299683,0.8944351673126221,0.06918264925479889,0.0654183104634285,1.0078843832015991,,,
,,,,,,,8000.0,53000.0,90.0
269.124,-16.379497528076172,1.3898478746414185,0.03408604487776756,0.05709702894091606,0.026063567027449608,1.0267212390899658,,,
,,,,,,,8000.0,53000.0,90.0
269.134,-0.6916563510894775,-1.0608959197998047,-0.26529937982559204,0.06101684644818306,0.0009754938073456287,1.025365948677063,,,
,,,,,,,8000.0,53000.0,90.0
269.144,0.5255665183067322,0.51307612657547,-1.2867439985275269,0.06366187334060669,0.02124009281396866,0.9869821667671204,,,
,,,,,,,8000.0,53000.0,90.0
269.154,-3.32594895362854,0.5391493439674377,-2.355962038040161,0.06942196190357208,0.05430812016129494,1.000613808631897,,,
,,,,,,,8000.0,53000.0,90.0
269.164,6.196690559387207,-2.2187659740448,1.1598204374313354,0.06029205396771431,0.03239116072654724,1.0061120986938477,,,
,,,,,,,8000.0,53000.0,90.0
269.174,8.569732666015625,-1.7745901346206665,-1.0726051330566406,0.06806157529354095,0.023954782634973526,0.9874621033668518,,,
,,,,,,,8000.0,53000.0,90.0
269.184,3.576418876647949,0.5421043038368225,-1.144587755203247,0.06792674958705902,0.05387652665376663,0.9810435175895691,,,
,,,,,,,8000.0,53000.0,90.0
269.194,1.3912625312805176,1.62351393699646,4.194637775421143,0.06893973052501678,0.059188567101955414,0.9966226816177368,,,
,,,,,,,8000.0,53000.0,90.0
269.204,-3.024580240249634,0.7080858945846558,0.3269672691822052,0.05912047252058983,0.02068844810128212,1.0106054544448853,,,
,,,,,,,8000.0,56000.0,90.0
269.214,-10.822049140930176,1.6651325225830078,-0.054827846586704254,0.059619031846523285,0.02032933384180069,1.0296385288238525,,,
,,,,,,,8000.0,56000.0,90.0
269.224,0.927297055721283,-1.4883153438568115,0.7374676465988159,0.058148518204689026,0.03217019513249397,1.0261718034744263,,,
,,,,,,,8000.0,56000.0,90.0
269.234,-3.1590206623077393,-0.4271995723247528,-0.4269998073577881,0.0619824156165123,0.02720567397773266,0.9964008927345276,,,
,,,,,,,8000.0,56000.0,90.0
269.244,0.8521674871444702,-0.7735641002655029,-2.587677240371704,0.06462269276380539,0.029104605317115784,0.9964739084243774,,,
,,,,,,,8000.0,56000.0,90.0
269.254,0.5913888216018677,0.18775483965873718,0.5354962348937988,0.06744896620512009,0.04418457671999931,0.9999482035636902,,,
,,,,,,,8000.0,56000.0,90.0
269.264,2.2029457092285156,-0.9461281299591064,0.12541887164115906,0.06582080572843552,0.03658527508378029,1.0000768899917603,,,
,,,,,,,8000.0,56000.0,90.0
269.274,3.425459384918213,-0.6688428521156311,-0.26902782917022705,0.06652271002531052,0.02581561915576458,1.0018538236618042,,,
,,,,,,,8000.0,56000.0,90.0
269.284,4.914134979248047,-0.3049265444278717,-0.3625606894493103,0.06229741871356964,0.03632725775241852,0.9981943368911743,,,
,,,,,,,8000.0,61000.0,90.0
269.294,-1.2703111171722412,0.5828865170478821,0.19898934662342072,0.06379009038209915,0.043601177632808685,0.9995721578598022,,,
,,,,,,,15000.0,61000.0,90.0
269.304,-2.7437548637390137,0.82001793384552,0.4756394624710083,0.06576097756624222,0.03397504612803459,1.0083614587783813,,,
,,,,,,,15000.0,61000.0,90.0
269.314,-4.2917985916137695,-0.15338870882987976,-0.1808660328388214,0.06323499232530594,0.029945462942123413,1.0080331563949585,,,
,,,,,,,15000.0,61000.0,90.0
269.324,-3.7157392501831055,0.3099195659160614,-0.16303589940071106,0.06840162724256516,0.03593062981963158,1.0087449550628662,,,
,,,,,,,15000.0,61000.0,90.0
269.334,-1.472907304763794,0.7273292541503906,-0.5135945677757263,0.06104230508208275,0.03224854916334152,1.006463885307312,,,
,,,,,,,15000.0,61000.0,90.0
269.344,2.6931283473968506,-0.8353294730186462,0.037820447236299515,0.06370636075735092,0.029118387028574944,1.0037860870361328,,,
,,,,,,,15000.0,61000.0,90.0
269.354,4.502152919769287,-0.885992169380188,0.1781090348958969,0.06662342697381973,0.035206589847803116,0.9951289892196655,,,
,,,,,,,15000.0,61000.0,90.0
269.364,0.8874197006225586,0.1871201992034912,-0.14119231700897217,0.06378311663866043,0.043639663606882095,0.9923290610313416,,,
,,,,,,,15000.0,61000.0,90.0
269.374,-0.6261972784996033,0.2431555688381195,-0.2626241147518158,0.0640297383069992,0.03757344186306,1.0073683261871338,,,
,,,,,,,15000.0,61000.0,90.0
269.384,0.18140874803066254,-0.682325541973114,-0.14012131094932556,0.06439223140478134,0.02343735098838806,1.0144044160842896,,,
,,,,,,,25000.0,61000.0,90.0
269.394,1.4021015167236328,-0.20807868242263794,-0.12199404090642929,0.06531626731157303,0.03049331344664097,1.0075536966323853,,,
,,,,,,,25000.0,61000.0,90.0
269.404,-0.12569142878055573,-0.08442726731300354,-0.08990911394357681,0.06525184959173203,0.04296502098441124,0.9952694177627563,,,
,,,,,,,25000.0,61000.0,90.0
269.414,-1.9119083881378174,0.6355624198913574,-0.04443133622407913,0.06824488937854767,0.039725739508867264,0.9946972131729126,,,
,,,,,,,25000.0,61000.0,90.0
269.424,-0.9205227494239807,0.11469290405511856,-0.39941924810409546,0.06549695879220963,0.03812914714217186,1.0197334289550781,,,
,,,,,,,25000.0,61000.0,90.0
269.434,-2.3439383506774902,-1.2940186262130737,-1.0384697914123535,0.0639200508594513,0.031973697245121,1.0170855522155762,,,
,,,,,,,25000.0,61000.0,90.0
269.444,-2.3344602584838867,-0.8087953329086304,-0.8628412485122681,0.06286062300205231,0.03790672495961189,0.9960180521011353,,,
,,,,,,,25000.0,61000.0,90.0
269.454,3.7048230171203613,-0.41743722558021545,0.7532858848571777,0.06688088178634644,0.04357467591762543,0.9807421565055847,,,
,,,,,,,25000.0,61000.0,90.0
269.464,3.1389260292053223,0.4304395318031311,0.805334746837616,0.07063744217157364,0.033791884779930115,0.99071204662323,,,
,,,,,,,25000.0,59000.0,90.0
269.474,-1.0401843786239624,0.5996432304382324,-0.23603728413581848,0.06861937791109085,0.03120044618844986,1.0184857845306396,,,
,,,,,,,32767.0,59000.0,90.0
269.484,-3.107915163040161,0.09714638441801071,-1.0446852445602417,0.06756424903869629,0.02728697657585144,1.0143866539001465,,,
,,,,,,,32767.0,59000.0,90.0
269.494,1.0792651176452637,-0.35584843158721924,-0.4742315709590912,0.06155523657798767,0.02487780526280403,1.0065269470214844,,,
,,,,,,,32767.0,59000.0,90.0
269.504,7.536614894866943,-1.9988895654678345,-0.11964914202690125,0.06445316970348358,0.02879747375845909,1.0183887481689453,,,
,,,,,,,32767.0,59000.0,90.0
269.514,-6.307142734527588,2.116042137145996,-1.527119517326355,0.0625508725643158,0.04683496803045273,0.9949206709861755,,,
,,,,,,,32767.0,59000.0,90.0
269.524,-5.881405830383301,-2.288924217224121,2.5867223739624023,0.04751726612448692,0.06738271564245224,0.9874192476272583,,,
,,,,,,,32767.0,59000.0,90.0
269.534,26.988075256347656,-3.88681960105896,3.351083278656006,0.117000050842762,0.009942329488694668,0.9663943648338318,,,
,,,,,,,32767.0,59000.0,90.0
269.544,-32.07455062866211,14.6061429977417,-7.133073329925537,0.0978669822216034,0.0218069925904274,0.913503885269165,,,
,,,,,,,32767.0,59000.0,90.0
269.554,-6.001167297363281,-2.9226582050323486,-3.6016218662261963,0.025824163109064102,0.1041039228439331,1.0942686796188354,,,
,,,,,,,32767.0,54000.0,90.0
269.564,12.603797912597656,-12.115269660949707,7.057086944580078,0.01588841900229454,-0.005029094405472279,1.108058214187622,,,
,,,,,,,35000.0,54000.0,90.0
269.574,12.715909957885742,-0.2163320779800415,-3.6939659118652344,0.06087450310587883,-0.03576919436454773,1.0113166570663452,,,
,,,,,,,35000.0,54000.0,90.0
269.584,-14.771077156066895,0.09815417975187302,-2.8579113483428955,0.07264193147420883,0.06870506703853607,0.9975194931030273,,,
,,,,,,,35000.0,54000.0,90.0
269.594,10.633139610290527,-6.405168056488037,3.1190199851989746,0.07160959392786026,0.08093108981847763,0.9825717210769653,,,
,,,,,,,35000.0,54000.0,90.0
269.604,0.3410366475582123,2.155365228652954,-0.29838210344314575,0.08589965105056763,0.020484568551182747,0.906488299369812,,,
,,,,,,,35000.0,54000.0,90.0
269.614,-10.379433631896973,3.2843263149261475,-0.86253821849823,0.07377297431230545,0.06136801838874817,0.9783070087432861,,,
,,,,,,,35000.0,54000.0,90.0
269.624,2.921889305114746,-0.05630439892411232,1.882351279258728,0.065948985517025,0.040417060256004333,1.0451198816299438,,,
,,,,,,,35000.0,54000.0,90.0
269.634,-8.288422584533691,1.688279628753662,-1.1250449419021606,0.049017284065485,-0.011203596368432045,1.0286625623703003,,,
,,,,,,,35000.0,52000.0,90.0
269.644,5.725532531738281,-2.243705987930298,-0.6354284882545471,0.05968394875526428,0.020460404455661774,1.0318894386291504,,,
,,,,,,,37000.0,52000.0,90.0
269.654,4.812960624694824,-2.105949878692627,-0.09599658846855164,0.050891339778900146,0.05437896400690079,0.9756633043289185,,,
,,,,,,,37000.0,52000.0,90.0
269.664,-3.2548134326934814,-1.7700517177581787,0.5767418146133423,0.08818869292736053,0.04991108551621437,0.9849739670753479,,,
,,,,,,,37000.0,52000.0,90.0
269.674,8.910802841186523,0.3773457407951355,0.21249575912952423,0.06347434967756271,0.027626685798168182,0.9846071600914001,,,
,,,,,,,37000.0,52000.0,90.0
269.684,-3.67482852935791,2.375378370285034,-0.7773135304450989,0.08487248420715332,0.03737878426909447,0.9965311884880066,,,
,,,,,,,37000.0,52000.0,90.0
269.694,-3.2567410469055176,0.46951866149902344,0.3819022476673126,0.05054445192217827,0.04993966221809387,1.0171234607696533,,,
,,,,,,,37000.0,52000.0,90.0
269.704,-2.615990161895752,-1.019493818283081,0.7735145688056946,0.06308788806200027,0.027450650930404663,1.0200780630111694,,,
,,,,,,,37000.0,52000.0,90.0
269.714,-4.040952205657959,0.4299778938293457,-0.5649123787879944,0.06596924364566803,0.022886285558342934,1.0090895891189575,,,
,,,,,,,37000.0,52000.0,90.0
269.724,3.203876256942749,-1.1421834230422974,0.0887184739112854,0.06164088845252991,0.03817678242921829,1.0040161609649658,,,
,,,,,,,37000.0,45000.0,90.0
269.734,3.7012853622436523,-0.3171367347240448,0.1201300173997879,0.07320468872785568,0.03734138607978821,0.9966819286346436,,,
,,,,,,,37000.0,45000.0,90.0
269.744,7.073530197143555,-2.9290173053741455,-0.04872075468301773,0.06652199476957321,0.03324113413691521,1.0206575393676758,,,
,,,,,,,37000.0,45000.0,90.0
269.754,15.725186347961426,-2.000803232192993,1.6402969360351562,0.05051236227154732,0.032112278044223785,0.9741119742393494,,,
,,,,,,,37000.0,45000.0,90.0
269.764,1.3024331331253052,6.246906280517578,8.49721908569336,0.08839788287878036,0.08293814212083817,0.9577486515045166,,,
,,,,,,,37000.0,45000.0,90.0
269.774,-37.53062057495117,3.4585955142974854,-4.222990036010742,0.10666295140981674,0.09231701493263245,0.9977988600730896,,,
,,,,,,,37000.0,45000.0,90.0
269.784,-40.925052642822266,2.397268056869507,-2.5832386016845703,0.03690341114997864,0.01027074083685875,1.0875649452209473,,,
,,,,,,,37000.0,45000.0,90.0
269.794,26.513723373413086,-7.783114433288574,0.8916522860527039,0.013787169940769672,-0.09576782584190369,1.089841604232788,,,
,,,,,,,37000.0,45000.0,90.0
269.804,38.412784576416016,-5.267441749572754,-1.6278389692306519,0.06866777688264847,-0.05870886892080307,0.9586076736450195,,,
,,,,,,,37000.0,43000.0,90.0
269.814,10.295891761779785,-0.13432247936725616,-2.729398488998413,0.11263028532266617,0.12187497317790985,0.9120507836341858,,,
,,,,,,,37000.0,43000.0,90.0
269.824,-9.671384811401367,2.5996384620666504,0.6998260617256165,0.09457788616418839,0.19221815466880798,0.95209139585495,,,
,,,,,,,37000.0,43000.0,90.0
269.834,-14.684797286987305,4.451567649841309,2.16996431350708,0.06687194108963013,0.04828772321343422,0.9954063892364502,,,
,,,,,,,37000.0,43000.0,90.0
269.844,1.2937548160552979,1.077270269393921,-0.21759158372879028,0.042403288185596466,-0.060664352029561996,1.0543731451034546,,,
,,,,,,,37000.0,43000.0,90.0
269.854,9.026323318481445,-0.8051306009292603,-1.2758129835128784,0.05511181801557541,-0.011629559099674225,1.0566359758377075,,,
,,,,,,,37000.0,43000.0,90.0
269.864,-11.452157974243164,-0.8966361880302429,0.18923689424991608,0.05866951867938042,0.08765145391225815,1.019466757774353,,,
,,,,,,,37000.0,43000.0,90.0
269.874,-7.725259304046631,-2.910036325454712,-4.077664852142334,0.05544373393058777,0.045087020844221115,0.9983459115028381,,,
,,,,,,,37000.0,43000.0,90.0
269.884,7.6105194091796875,-0.22324387729167938,0.8845601677894592,0.08854784071445465,-0.010474626906216145,0.9686751961708069,,,
,,,,,,,37000.0,43000.0,90.0
269.894,8.781648635864258,0.8386058211326599,-1.2706722021102905,0.08105574548244476,0.05066743865609169,0.9657441973686218,,,
,,,,,,,37000.0,39000.0,90.0
269.904,-7.47952938079834,1.4872119426727295,0.1584051549434662,0.05586699768900871,0.08504326641559601,1.0030126571655273,,,
,,,,,,,37000.0,39000.0,90.0
269.914,3.831982374191284,-0.24455003440380096,1.2871382236480713,0.057482875883579254,0.009498823434114456,1.0235828161239624,,,
,,,,,,,37000.0,39000.0,90.0
269.924,3.34116792678833,-0.9753007888793945,-1.559696912765503,0.06428994983434677,-0.008855631574988365,1.01991868019104,,,
,,,,,,,37000.0,39000.0,90.0
269.934,4.315110206604004,0.315631240606308,0.9400031566619873,0.0680004358291626,0.05074135214090347,0.9918811321258545,,,
,,,,,,,37000.0,39000.0,90.0
269.944,-18.825763702392578,1.591036319732666,0.7055478096008301,0.06346286833286285,0.08785844594240189,0.9971818923950195,,,
,,,,,,,37000.0,39000.0,90.0
269.954,-7.055449962615967,-0.38859859108924866,-2.132685899734497,0.05611227825284004,0.010437007993459702,1.0297496318817139,,,
,,,,,,,37000.0,39000.0,90.0
269.964,9.166372299194336,-0.9553242921829224,0.6384609937667847,0.06651396304368973,-0.02210700884461403,1.0032057762145996,,,
,,,,,,,37000.0,39000.0,90.0
269.974,5.347311019897461,-0.9861311316490173,-0.6882209777832031,0.06770028173923492,0.04744734242558479,0.9938080310821533,,,
,,,,,,,37000.0,38000.0,90.0
269.984,6.029837131500244,-0.708552360534668,0.31487029790878296,0.0668564960360527,0.06524957716464996,0.9863200783729553,,,
,,,,,,,37000.0,38000.0,90.0
269.994,-1.9567025899887085,1.4055147171020508,-0.40392032265663147,0.06618914753198624,0.03126934543251991,0.986323356628418,,,
,,,,,,,37000.0,38000.0,90.0
270.004,-3.923830986022949,0.1036776453256607,-0.7805564999580383,0.06364110857248306,0.0265546552836895,1.0257084369659424,,,
,,,,,,,37000.0,38000.0,90.0
270.014,0.0617927610874176,-0.9899492263793945,0.6994142532348633,0.06306891143321991,0.026930736377835274,1.0195415019989014,,,
,,,,,,,37000.0,38000.0,90.0
270.024,-8.459321022033691,0.266902357339859,0.04153340682387352,0.06230144202709198,0.037718765437603,1.0068575143814087,,,
,,,,,,,37000.0,38000.0,90.0
270.034,3.798997402191162,-1.0920408964157104,-0.09117257595062256,0.06027498096227646,0.027516961097717285,1.000959873199463,,,
,,,,,,,37000.0,38000.0,90.0
270.044,2.504685640335083,-0.19132111966609955,-0.8639006018638611,0.06931929290294647,0.0309841837733984,0.9798707962036133,,,
,,,,,,,37000.0,38000.0,90.0
270.054,1.8537242412567139,-0.06284435838460922,0.1230565756559372,0.06473377346992493,0.04549359902739525,1.0052353143692017,,,
,,,,,,,37000.0,38000.0,90.0
270.064,4.50221061706543,-0.4641110897064209,0.4290942847728729,0.06349363923072815,0.026294471696019173,1.0053828954696655,,,
,,,,,,,37000.0,37000.0,90.0
270.074,-4.944568157196045,0.666107714176178,-0.630928099155426,0.06578086316585541,0.0292308758944273,1.0061999559402466,,,
,,,,,,,36000.0,37000.0,90.0
270.084,-1.5622138977050781,-0.6935967803001404,0.5782241821289062,0.0636187419295311,0.039158426225185394,1.0144551992416382,,,
,,,,,,,36000.0,37000.0,90.0
270.094,-2.444309711456299,-0.006001010071486235,-0.2313316911458969,0.06568539887666702,0.025824284180998802,0.9953466057777405,,,
,,,,,,,36000.0,37000.0,90.0
270.104,1.7488294839859009,-0.5738309025764465,0.0843275859951973,0.06584808230400085,0.02772412821650505,1.002737283706665,,,
,,,,,,,36000.0,37000.0,90.0
270.114,4.223758697509766,0.2903059422969818,0.3262972831726074,0.06343355774879456,0.036907415837049484,0.996357262134552,,,
,,,,,,,36000.0,37000.0,90.0
270.124,-4.850411415100098,0.8500646948814392,-0.15112698078155518,0.06588932871818542,0.04275181517004967,1.007833480834961,,,
,,,,,,,36000.0,37000.0,90.0
270.134,4.16111946105957,-0.7620679140090942,-0.08938094973564148,0.06229729577898979,0.02033674158155918,1.007717251777649,,,
,,,,,,,36000.0,37000.0,90.0
270.144,-2.898850202560425,0.5391333103179932,-0.4251447021961212,0.06631269305944443,0.037002481520175934,0.9982572793960571,,,
,,,,,,,36000.0,37000.0,90.0
270.154,0.12354204058647156,-0.3223954737186432,0.29936930537223816,0.06474553048610687,0.04148535057902336,1.0074996948242188,,,
,,,,,,,36000.0,37000.0,90.0
270.164,-0.026594363152980804,0.26924148201942444,0.18798603117465973,0.06722331047058105,0.026733368635177612,0.9942679405212402,,,
,,,,,,,36000.0,37000.0,90.0
270.174,-0.8891429901123047,0.286635160446167,-0.2774815857410431,0.0635039359331131,0.03077111393213272,1.003642201423645,,,
,,,,,,,36000.0,37000.0,90.0
270.184,2.4726998805999756,-0.5752567052841187,0.3673847019672394,0.062118932604789734,0.03512411192059517,1.0071176290512085,,,
,,,,,,,36000.0,37000.0,90.0
270.194,-1.3892818689346313,0.3608420491218567,-0.3142496347427368,0.06525745242834091,0.029158391058444977,0.996928334236145,,,
,,,,,,,36000.0,37000.0,90.0
270.204,1.2742228507995605,-0.13248807191848755,-0.22602738440036774,0.06500544399023056,0.03485637158155441,1.0012816190719604,,,
,,,,,,,36000.0,37000.0,90.0
270.214,-2.119778871536255,0.2969229817390442,-0.07509366422891617,0.06662516295909882,0.03798072785139084,1.0032989978790283,,,
,,,,,,,36000.0,37000.0,90.0
270.224,0.6397368311882019,0.2665298581123352,0.059508562088012695,0.06450911611318588,0.028857117518782616,1.0054625272750854,,,
,,,,,,,36000.0,37000.0,90.0
270.234,-0.2823788821697235,-0.11082281172275543,-0.2824469208717346,0.06566987186670303,0.030287712812423706,1.0091584920883179,,,
,,,,,,,36000.0,37000.0,90.0
270.244,1.0065044164657593,-0.2884654700756073,0.011878136545419693,0.06497156620025635,0.03399934992194176,1.0049927234649658,,,
,,,,,,,36000.0,37000.0,90.0
270.254,0.41354042291641235,0.16951395571231842,0.07105190306901932,0.06369001418352127,0.03402851149439812,1.000592827796936,,,
,,,,,,,36000.0,36000.0,90.0
270.264,-0.3525281846523285,0.19822916388511658,-0.008331398479640484,0.06289387494325638,0.037176087498664856,1.0018550157546997,,,
,,,,,,,35000.0,36000.0,90.0
270.274,-0.3090460002422333,-0.12804733216762543,0.21717913448810577,0.06449597328901291,0.03373829275369644,1.0030601024627686,,,
,,,,,,,35000.0,36000.0,90.0
270.284,1.3013758659362793,-0.3803863823413849,-0.05701346695423126,0.0653541088104248,0.02648083306849003,0.9977226853370667,,,
,,,,,,,35000.0,36000.0,90.0
270.294,-1.5066040754318237,0.7557188868522644,0.16118942201137543,0.06750281900167465,0.03934882581233978,1.0001230239868164,,,
,,,,,,,35000.0,36000.0,90.0
270.304,-3.870640277862549,-0.09669516235589981,0.17664547264575958,0.0633111447095871,0.036221347749233246,1.0128026008605957,,,
,,,,,,,35000.0,36000.0,90.0
270.314,4.275206565856934,-0.4049608111381531,-0.20476703345775604,0.06483441591262817,0.017139391973614693,1.0000113248825073,,,
,,,,,,,35000.0,36000.0,90.0
270.324,-1.2793458700180054,0.19028887152671814,-0.07624980062246323,0.06628520786762238,0.04007098078727722,1.0051445960998535,,,
,,,,,,,35000.0,36000.0,90.0
270.334,3.343050956726074,-0.5193968415260315,0.3852507174015045,0.06554411351680756,0.0362619124352932,1.0034288167953491,,,
,,,,,,,35000.0,39000.0,90.0
270.344,-2.887235403060913,0.11085562407970428,-0.5233095288276672,0.06582267582416534,0.03247581794857979,0.997407078742981,,,
,,,,,,,35000.0,39000.0,90.0
270.354,0.8922732472419739,-0.20724715292453766,0.17808707058429718,0.06266214698553085,0.03928641974925995,1.0074677467346191,,,
,,,,,,,35000.0,39000.0,90.0
270.364,-3.3103575706481934,0.037549007683992386,-0.1570919305086136,0.06278790533542633,0.0356084406375885,0.996130645275116,,,
,,,,,,,35000.0,39000.0,90.0
270.374,-3.7232580184936523,0.13127046823501587,0.22182361781597137,0.0657682791352272,0.03361382707953453,1.00304114818573,,,
,,,,,,,35000.0,39000.0,90.0
270.384,5.7769975662231445,-1.1551116704940796,-0.10788936167955399,0.06476226449012756,0.0183834508061409,1.0138518810272217,,,
,,,,,,,35000.0,39000.0,90.0
270.394,9.377911567687988,0.3940626382827759,-0.33543696999549866,0.07113642990589142,0.01959379017353058,0.978293776512146,,,
,,,,,,,35000.0,39000.0,90.0
270.404,-6.770728588104248,0.7816728353500366,-0.20828166604042053,0.06360173225402832,0.07029973715543747,1.0016049146652222,,,
,,,,,,,35000.0,39000.0,90.0
270.414,1.182411789894104,-0.5165646076202393,0.9776941537857056,0.06406118720769882,0.034218210726976395,1.0128930807113647,,,
,,,,,,,35000.0,39000.0,90.0
270.424,-6.187018394470215,1.1561267375946045,-0.3377433121204376,0.06925290077924728,0.012783747166395187,0.9967766404151917,,,
,,,,,,,35000.0,40000.0,90.0
270.434,-0.7012245059013367,-0.6426440477371216,0.4541144371032715,0.06485363841056824,0.04262624680995941,1.0186086893081665,,,
,,,,,,,35000.0,40000.0,90.0
270.444,2.4620425701141357,-0.6960107088088989,0.6550443172454834,0.06777055561542511,0.030852390453219414,0.9895310997962952,,,
,,,,,,,35000.0,40000.0,90.0
270.454,1.038894534111023,0.3159567713737488,-0.5114631652832031,0.06875039637088776,0.026941346004605293,0.9858620762825012,,,
,,,,,,,35000.0,40000.0,90.0
270.464,2.807565689086914,0.3245371878147125,0.35488975048065186,0.06365440040826797,0.043904926627874374,1.006412386894226,,,
,,,,,,,35000.0,40000.0,90.0
270.474,-3.8031632900238037,-0.19025994837284088,-0.016677992418408394,0.06092385947704315,0.030772734433412552,1.0113723278045654,,,
,,,,,,,35000.0,40000.0,90.0
270.484,2.909517288208008,-0.27716755867004395,-0.08020834624767303,0.06500379741191864,0.016887091100215912,1.0073652267456055,,,
,,,,,,,35000.0,40000.0,90.0
270.494,-1.3593308925628662,0.3349109888076782,-0.2543569505214691,0.06521657109260559,0.04313180595636368,0.9953400492668152,,,
,,,,,,,35000.0,40000.0,90.0
270.504,-2.90297794342041,0.10665324330329895,0.11379202455282211,0.06656873226165771,0.04518020153045654,1.0004876852035522,,,
,,,,,,,35000.0,40000.0,90.0
270.514,0.5381289720535278,0.17093069851398468,-0.2048487812280655,0.0673246830701828,0.02100437879562378,1.0009645223617554,,,
,,,,,,,35000.0,44000.0,90.0
270.524,0.7099061608314514,-0.22498959302902222,-0.1940108835697174,0.06489361822605133,0.03123742900788784,1.0069658756256104,,,
,,,,,,,35000.0,44000.0,90.0
270.534,1.8961352109909058,-0.6048678159713745,0.07843509316444397,0.06541144102811813,0.03632926568388939,1.0059911012649536,,,
,,,,,,,35000.0,44000.0,90.0
270.544,-5.033688545227051,0.6103999018669128,-0.32180920243263245,0.06977248191833496,0.037082377821207047,0.9915093183517456,,,
,,,,,,,35000.0,44000.0,90.0
270.554,-5.696652412414551,-0.3684007525444031,0.09551455080509186,0.06120917201042175,0.041090428829193115,1.0240366458892822,,,
,,,,,,,35000.0,44000.0,90.0
270.564,14.230758666992188,-2.320211172103882,0.2279871553182602,0.061664897948503494,0.0009211578289978206,1.0072240829467773,,,
,,,,,,,35000.0,44000.0,90.0
270.574,10.761470794677734,0.835631787776947,-0.6496429443359375,0.06692954152822495,0.027097435668110847,0.9593873023986816,,,
,,,,,,,35000.0,44000.0,90.0
270.584,-6.389523983001709,1.6301978826522827,0.5941674113273621,0.07784222811460495,0.09096691757440567,1.003226399421692,,,
,,,,,,,35000.0,44000.0,90.0
270.594,-9.158295631408691,0.09916733205318451,1.188791275024414,0.05708969756960869,0.029566051438450813,1.030219554901123,,,
,,,,,,,35000.0,45000.0,90.0
270.604,1.4981327056884766,-0.5126007795333862,-0.5917180180549622,0.06488824635744095,-0.02239377610385418,1.0104106664657593,,,
,,,,,,,35000.0,45000.0,90.0
270.614,-2.697355031967163,-0.23968712985515594,-0.9300940632820129,0.0636177584528923,0.03901621699333191,1.0054997205734253,,,
,,,,,,,35000.0,45000.0,90.0
270.624,0.26572495698928833,-1.1664488315582275,1.0587358474731445,0.06309843808412552,0.06074870005249977,1.001118540763855,,,
,,,,,,,35000.0,45000.0,90.0
270.634,5.149354457855225,-0.16838914155960083,-0.6109784245491028,0.06948977708816528,0.0139611242339015,0.9769207835197449,,,
,,,,,,,35000.0,45000.0,90.0
270.644,1.1809161901474,0.6752883791923523,-1.1670985221862793,0.0668019950389862,0.04041177034378052,1.0042452812194824,,,
,,,,,,,35000.0,45000.0,90.0
270.654,1.970959186553955,-0.8601661920547485,0.5947733521461487,0.06304938346147537,0.04754207655787468,1.0206170082092285,,,
,,,,,,,35000.0,45000.0,90.0
270.664,-0.47007036209106445,-0.22960244119167328,-0.19934453070163727,0.06546416878700256,0.01769900694489479,0.994704008102417,,,
,,,,,,,35000.0,45000.0,90.0
270.674,-3.257476329803467,0.28737202286720276,-0.19967840611934662,0.06679557263851166,0.044152919203042984,1.0017385482788086,,,
,,,,,,,35000.0,47000.0,90.0
270.684,-4.589629650115967,0.021286774426698685,0.40401846170425415,0.06448419392108917,0.04729972407221794,1.0075068473815918,,,
,,,,,,,35000.0,47000.0,90.0
270.694,-1.0434844493865967,-0.1901494562625885,0.01436453964561224,0.06469622999429703,0.017364637926220894,0.9994301199913025,,,
,,,,,,,35000.0,47000.0,90.0
270.704,2.594207525253296,0.43554654717445374,-0.375092476606369,0.06454741209745407,0.025500988587737083,0.9985824227333069,,,
,,,,,,,35000.0,47000.0,90.0
270.714,-1.6216344833374023,-0.5204223394393921,0.2822866439819336,0.061492204666137695,0.046578988432884216,1.0140503644943237,,,
,,,,,,,35000.0,47000.0,90.0
270.724,6.473423480987549,-1.5111610889434814,-0.06391023844480515,0.06120279058814049,0.017144765704870224,1.0087701082229614,,,
,,,,,,,35000.0,47000.0,90.0
270.734,7.6793131828308105,-0.9736316204071045,-0.7301893830299377,0.06854300200939178,0.020769666880369186,0.9851213097572327,,,
,,,,,,,35000.0,47000.0,90.0
270.744,0.8692072033882141,0.4904625713825226,-0.012803713791072369,0.06782552599906921,0.061707813292741776,0.9867861270904541,,,
,,,,,,,35000.0,47000.0,90.0
270.754,-6.90953254699707,0.9758583307266235,1.1484005451202393,0.0689946711063385,0.05249834433197975,1.0062346458435059,,,
,,,,,,,35000.0,47000.0,90.0
270.764,-5.398604869842529,1.0438867807388306,0.1897774189710617,0.05849470570683479,0.014461931772530079,1.0164083242416382,,,
,,,,,,,35000.0,50000.0,90.0
270.774,-2.68273663520813,-0.08528347313404083,-0.11571871489286423,0.06081802025437355,0.018784619867801666,1.0178500413894653,,,
,,,,,,,35000.0,50000.0,90.0
270.784,0.7043337225914001,-0.6257755756378174,-0.08579107373952866,0.0651850625872612,0.035603560507297516,1.0025010108947754,,,
,,,,,,,35000.0,50000.0,90.0
270.794,2.6242215633392334,-0.5104174613952637,0.008111119270324707,0.0702788457274437,0.03354049101471901,0.9880574941635132,,,
,,,,,,,35000.0,50000.0,90.0
270.804,-0.020535144954919815,1.1731696128845215,-0.23546500504016876,0.07329078018665314,0.03570084646344185,0.9958723187446594,,,
,,,,,,,35000.0,50000.0,90.0
270.814,-2.676332950592041,-0.47384557127952576,0.25492367148399353,0.06373734772205353,0.04164862632751465,1.02684485912323,,,
,,,,,,,35000.0,50000.0,90.0
270.824,5.7244553565979,-2.314926862716675,-0.23220233619213104,0.05748579278588295,0.012112988159060478,1.0167641639709473,,,
,,,,,,,35000.0,50000.0,90.0
270.834,9.831417083740234,-1.2833001613616943,-0.743899941444397,0.05909373611211777,0.028360385447740555,0.9792134761810303,,,
,,,,,,,35000.0,50000.0,90.0
270.844,2.5288894176483154,1.771068811416626,3.3594393730163574,0.07889734953641891,0.07256978750228882,0.9842391610145569,,,
,,,,,,,35000.0,50000.0,90.0
270.854,-13.0465669631958,1.504015326499939,-1.138182520866394,0.0714336633682251,0.05457132309675217,0.9928334355354309,,,
,,,,,,,35000.0,50000.0,90.0
270.864,-11.955215454101562,1.452480435371399,0.017164604738354683,0.05537198856472969,0.012985797598958015,1.0287964344024658,,,
,,,,,,,35000.0,50000.0,90.0
270.874,3.8843441009521484,-1.653934359550476,0.8785659670829773,0.057293783873319626,-0.0013249518815428019,1.0300906896591187,,,
,,,,,,,35000.0,50000.0,90.0
270.884,3.890807628631592,-1.3930631875991821,-0.954253613948822,0.05918194353580475,0.02191556803882122,0.9904000759124756,,,
,,,,,,,35000.0,50000.0,90.0
270.894,2.966090679168701,-0.4472607374191284,-0.22041793167591095,0.07519371062517166,0.05654636770486832,0.9834128618240356,,,
,,,,,,,35000.0,50000.0,90.0
270.904,1.0549135208129883,-0.2496633231639862,-0.29728055000305176,0.06537003815174103,0.046122029423713684,0.9855024814605713,,,
,,,,,,,35000.0,50000.0,90.0
270.914,-0.19690074026584625,0.5914548635482788,-0.42534536123275757,0.06397783756256104,0.022374745458364487,1.0072728395462036,,,
,,,,,,,35000.0,50000.0,90.0
270.924,2.173560380935669,-0.5641734600067139,0.3712015151977539,0.06122709810733795,0.026360267773270607,1.0211771726608276,,,
,,,,,,,35000.0,50000.0,90.0
270.934,-2.2810862064361572,-0.06348883360624313,-0.1527516096830368,0.06230832263827324,0.03777318447828293,1.0034594535827637,,,
,,,,,,,35000.0,47000.0,90.0
270.944,-3.3545453548431396,0.6011530756950378,0.2093636840581894,0.06524549424648285,0.04063574597239494,0.99212646484375,,,
,,,,,,,35000.0,47000.0,90.0
270.954,-3.2192270755767822,0.7580283880233765,0.16112273931503296,0.06488501280546188,0.03597184270620346,0.9964696168899536,,,
,,,,,,,35000.0,47000.0,90.0
270.964,2.32643461227417,-0.6283775568008423,0.12081530690193176,0.06738833338022232,0.027476195245981216,1.0197073221206665,,,
,,,,,,,35000.0,47000.0,90.0
270.974,8.371018409729004,-2.105645179748535,-0.07803107798099518,0.0583939328789711,0.02073996141552925,1.013471245765686,,,
,,,,,,,35000.0,47000.0,90.0
270.984,6.6929240226745605,0.9165282845497131,-0.5062510967254639,0.0703069195151329,0.03624911233782768,0.9678626656532288,,,
,,,,,,,35000.0,47000.0,90.0
270.994,-9.190423965454102,2.314143419265747,0.4828856587409973,0.08618931472301483,0.07948139309883118,0.9872957468032837,,,
,,,,,,,35000.0,47000.0,90.0
271.004,-15.164665222167969,1.141143798828125,0.9466683864593506,0.0538029819726944,0.04516107216477394,1.032557725906372,,,
,,,,,,,35000.0,47000.0,90.0
271.014,2.196507453918457,-2.2191264629364014,-1.5131560564041138,0.05229206010699272,-0.02117169462144375,1.0363287925720215,,,
,,,,,,,35000.0,47000.0,90.0
271.024,12.71948528289795,-1.6887907981872559,-0.4683515429496765,0.06810849905014038,0.006939084734767675,0.9953887462615967,,,
,,,,,,,35000.0,44000.0,90.0
271.034,3.7315633296966553,0.18421612679958344,0.14491403102874756,0.07306132465600967,0.08149097114801407,0.9707972407341003,,,
,,,,,,,35000.0,44000.0,90.0
271.044,-1.4758340120315552,-0.9307925701141357,0.5625061392784119,0.06461850553750992,0.06405175477266312,1.0008074045181274,,,
,,,,,,,35000.0,44000.0,90.0
271.054,5.408586502075195,0.21946078538894653,-0.30968400835990906,0.06531228125095367,0.0021043492015451193,0.983129620552063,,,
,,,,,,,35000.0,44000.0,90.0
271.064,-4.851402759552002,3.8306832313537598,3.1223621368408203,0.07366642355918884,0.053494054824113846,0.9952130913734436,,,
,,,,,,,35000.0,44000.0,90.0
271.074,-22.706998825073242,0.8499216437339783,-1.393189787864685,0.05874159187078476,0.06651569157838821,1.0362030267715454,,,
,,,,,,,35000.0,44000.0,90.0
271.084,-4.819799423217773,-2.229853391647339,-2.6410975456237793,0.04214410483837128,-0.02255195938050747,1.0484867095947266,,,
,,,,,,,35000.0,44000.0,90.0
271.094,23.073314666748047,-2.8613269329071045,0.6787013411521912,0.06526060402393341,-0.031906820833683014,1.0046634674072266,,,
,,,,,,,35000.0,44000.0,90.0
271.104,7.284482479095459,-1.2694997787475586,-1.2898955345153809,0.0840245857834816,0.07503267377614975,0.9547879099845886,,,
,,,,,,,35000.0,42000.0,90.0
271.114,-7.624397277832031,0.4528290629386902,-0.09584523737430573,0.06798431277275085,0.11889930814504623,0.9736313819885254,,,
,,,,,,,35000.0,42000.0,90.0
271.124,-1.2714828252792358,1.5882272720336914,0.7424961924552917,0.06601790338754654,0.02414287067949772,0.9970771670341492,,,
,,,,,,,35000.0,42000.0,90.0
271.134,-2.5531115531921387,1.7929604053497314,-0.5366138815879822,0.06676608324050903,-0.01289631612598896,1.0258710384368896,,,
,,,,,,,35000.0,42000.0,90.0
271.144,3.905109167098999,-1.8156691789627075,0.26423683762550354,0.04915986955165863,0.03603292256593704,1.0453730821609497,,,
,,,,,,,35000.0,42000.0,90.0
271.154,0.7215935587882996,-0.7393508553504944,0.6082875728607178,0.06726568192243576,0.040268875658512115,0.9917816519737244,,,
,,,,,,,35000.0,42000.0,90.0
271.164,-7.4350457191467285,1.2457399368286133,-0.6261130571365356,0.07339340448379517,0.04968032240867615,0.9677314162254333,,,
,,,,,,,35000.0,42000.0,90.0
271.174,-2.7651262283325195,0.4591367244720459,0.41773200035095215,0.06553177535533905,0.04866382107138634,1.0011929273605347,,,
,,,,,,,35000.0,42000.0,90.0
271.184,2.6572253704071045,-0.24407289922237396,0.28049373626708984,0.06107255816459656,0.01011668611317873,1.0170376300811768,,,
,,,,,,,35000.0,42000.0,90.0
271.194,6.2771453857421875,-0.93107008934021,-0.2962947189807892,0.06248092278838158,0.015097216702997684,1.0162131786346436,,,
,,,,,,,35000.0,37000.0,90.0
271.204,1.5340251922607422,-0.5903096199035645,-0.30675292015075684,0.06571944057941437,0.04826236516237259,1.0010764598846436,,,
,,,,,,,35000.0,37000.0,90.0
271.214,-2.5682146549224854,-0.14886386692523956,-0.0781443864107132,0.06806471943855286,0.0481603629887104,0.9880682229995728,,,
,,,,,,,35000.0,37000.0,90.0
271.224,5.6134161949157715,-0.133940190076828,-0.2754835784435272,0.0642426535487175,0.02273581176996231,0.9954061508178711,,,
,,,,,,,35000.0,37000.0,90.0
271.234,2.334085702896118,2.4116086959838867,2.9202351570129395,0.07530700415372849,0.038284365087747574,0.9834108948707581,,,
,,,,,,,35000.0,37000.0,90.0
271.244,-26.610576629638672,0.9249923229217529,-1.437235713005066,0.07039563357830048,0.07778583467006683,1.0162081718444824,,,
,,,,,,,35000.0,37000.0,90.0
271.254,-9.749451637268066,-1.645259141921997,-4.890135765075684,0.04563521221280098,-0.003731823991984129,1.0491117238998413,,,
,,,,,,,35000.0,37000.0,90.0
271.264,20.75235366821289,-1.428812861442566,2.2868800163269043,0.058977268636226654,-0.04334930703043938,1.0048749446868896,,,
,,,,,,,35000.0,37000.0,90.0
271.274,8.96112060546875,-2.1123759746551514,-2.187847137451172,0.07735780626535416,0.053533345460891724,0.978147566318512,,,
,,,,,,,35000.0,35000.0,90.0
271.284,-1.4493212699890137,0.18444828689098358,-0.4749625027179718,0.071014903485775,0.10919662564992905,0.9724228382110596,,,
,,,,,,,35000.0,35000.0,90.0
271.294,-8.652105331420898,1.5251178741455078,0.20980647206306458,0.06398014724254608,0.04944874346256256,0.9839279651641846,,,
,,,,,,,35000.0,35000.0,90.0
271.304,3.867588520050049,0.2994181215763092,-0.06245439499616623,0.06357031315565109,-0.013835291378200054,1.015617847442627,,,
,,,,,,,35000.0,35000.0,90.0
271.314,2.9694323539733887,0.1855383813381195,0.9990324974060059,0.06376756727695465,0.01999538391828537,1.0250122547149658,,,
,,,,,,,35000.0,35000.0,90.0
271.324,-8.712085723876953,-0.5882771015167236,0.1451788991689682,0.055834703147411346,0.0590205043554306,1.0273878574371338,,,
,,,,,,,35000.0,35000.0,90.0
271.334,1.4600708484649658,-1.3050049543380737,-0.8285427689552307,0.06506086140871048,0.020342476665973663,0.9926374554634094,,,
,,,,,,,35000.0,35000.0,90.0
271.344,-0.11045883595943451,0.2235603630542755,-1.3187861442565918,0.07158061861991882,0.028319718316197395,0.9764717221260071,,,
,,,,,,,35000.0,35000.0,90.0
271.354,6.312911033630371,-0.09312592446804047,0.8141066431999207,0.06611371040344238,0.04657505825161934,0.9980672001838684,,,
,,,,,,,35000.0,35000.0,90.0
271.364,1.1031396389007568,0.43391284346580505,0.2245781123638153,0.06383562088012695,0.03218728303909302,1.0050169229507446,,,
,,,,,,,35000.0,32767.0,90.0
271.374,-1.3827385902404785,0.13564419746398926,-0.32365572452545166,0.06314657628536224,0.02722577005624771,1.0168195962905884,,,
,,,,,,,35000.0,32767.0,90.0
271.384,-1.7618530988693237,-0.49299219250679016,-0.23319339752197266,0.06113853305578232,0.03957461938261986,1.0121049880981445,,,
,,,,,,,35000.0,32767.0,90.0
271.394,0.7783846259117126,0.1393871307373047,0.04776990786194801,0.06549662351608276,0.03265365585684776,0.9812440276145935,,,
,,,,,,,35000.0,32767.0,90.0
271.404,-6.176968097686768,0.9474971294403076,0.0632898360490799,0.06297112256288528,0.045777320861816406,0.9974468350410461,,,
,,,,,,,35000.0,32767.0,90.0
271.414,1.2772539854049683,-0.9575461149215698,0.1685161590576172,0.06206800416111946,0.027803082019090652,1.0204408168792725,,,
,,,,,,,35000.0,32767.0,90.0
271.424,2.0721259117126465,-0.698387622833252,-0.8016199469566345,0.06619704514741898,0.015438460744917393,1.0009019374847412,,,
,,,,,,,35000.0,32767.0,90.0
271.434,3.748760223388672,-0.40833011269569397,-0.44677576422691345,0.06739263981580734,0.043762631714344025,0.9989763498306274,,,
,,,,,,,35000.0,32767.0,90.0
271.444,1.5304116010665894,-0.09323378652334213,0.18986694514751434,0.06677556782960892,0.047183919697999954,0.9913280606269836,,,
,,,,,,,35000.0,32767.0,90.0
271.454,-2.1512362957000732,0.959944486618042,-0.3018375039100647,0.06469201296567917,0.028986431658267975,1.0023221969604492,,,
,,,,,,,35000.0,32767.0,90.0
271.464,-2.402817487716675,0.2429608404636383,0.13425175845623016,0.06436121463775635,0.03453575074672699,1.0179486274719238,,,
,,,,,,,35000.0,32767.0,90.0
271.474,-2.788545846939087,-0.19465848803520203,0.01975652202963829,0.06348337978124619,0.032716475427150726,1.0064289569854736,,,
,,,,,,,35000.0,32767.0,90.0
271.484,0.4360845685005188,-0.3346569240093231,-0.20697100460529327,0.06476563215255737,0.03124738670885563,0.9989433884620667,,,
,,,,,,,35000.0,32767.0,90.0
271.494,2.95698881149292,0.19390036165714264,-0.04388260096311569,0.06824133545160294,0.03658653423190117,0.9960174560546875,,,
,,,,,,,35000.0,32767.0,90.0
271.504,1.104153037071228,-0.042588260024785995,0.18068914115428925,0.064176045358181,0.037290189415216446,1.0015352964401245,,,
,,,,,,,35000.0,32767.0,90.0
271.514,1.0960586071014404,-0.2349638193845749,-0.28776824474334717,0.06322112679481506,0.030080879107117653,1.0069358348846436,,,
,,,,,,,35000.0,32767.0,90.0
271.524,-2.1124179363250732,0.1633095145225525,-0.45149701833724976,0.06426634639501572,0.03347283974289894,1.0045527219772339,,,
,,,,,,,35000.0,30000.0,90.0
271.534,-1.0690017938613892,-0.20565780997276306,-0.0039683193899691105,0.06548485904932022,0.03534314036369324,1.0032662153244019,,,
,,,,,,,35000.0,30000.0,90.0
271.544,-1.0771892070770264,0.02094106934964657,0.07187115401029587,0.06363668292760849,0.03482948616147041,1.0016140937805176,,,
,,,,,,,35000.0,30000.0,90.0
271.554,0.8038849830627441,-0.29314708709716797,0.20538194477558136,0.06604287773370743,0.03214900568127632,1.0070078372955322,,,
,,,,,,,35000.0,30000.0,90.0
271.564,5.799307823181152,-0.8240994215011597,-0.15393683314323425,0.06700465828180313,0.024581288918852806,1.0020581483840942,,,
,,,,,,,35000.0,30000.0,90.0
271.574,-1.9853038787841797,0.7497051358222961,-0.18837261199951172,0.06597770750522614,0.044541552662849426,0.9886189103126526,,,
,,,,,,,35000.0,30000.0,90.0
271.584,-7.321658611297607,0.5060190558433533,0.4896411895751953,0.06381490081548691,0.04998965561389923,1.0160678625106812,,,
,,,,,,,35000.0,30000.0,90.0
271.594,3.2914373874664307,-0.4280770421028137,0.40795180201530457,0.06401118636131287,0.0060283164493739605,1.0037271976470947,,,
,,,,,,,35000.0,30000.0,90.0
271.604,-1.3971635103225708,0.4012065529823303,-0.964112401008606,0.06515398621559143,0.024938147515058517,1.0023550987243652,,,
,,,,,,,35000.0,30000.0,90.0
271.614,4.552142143249512,-0.7749963402748108,0.7457554936408997,0.06169344112277031,0.05030542239546776,1.001126766204834,,,
,,,,,,,35000.0,29000.0,90.0
271.624,-0.5786218047142029,0.22232218086719513,-0.3521387279033661,0.06721504777669907,0.030791934579610825,0.9892070293426514,,,
,,,,,,,35000.0,29000.0,90.0
271.634,0.3757825195789337,0.34732723236083984,-0.2091386765241623,0.06529939919710159,0.0331886000931263,1.0036685466766357,,,
,,,,,,,35000.0,29000.0,90.0
271.644,0.28226521611213684,-0.41498231887817383,-0.1874157190322876,0.06470604985952377,0.03797187656164169,1.0116220712661743,,,
,,,,,,,35000.0,29000.0,90.0
271.654,-3.42368745803833,-0.07185515761375427,-0.1538524031639099,0.06610524654388428,0.033363889902830124,1.0007346868515015,,,
,,,,,,,35000.0,29000.0,90.0
271.664,-0.8962557911872864,-0.17064359784126282,-0.07969588786363602,0.06552465260028839,0.03254451975226402,1.0044770240783691,,,
,,,,,,,35000.0,29000.0,90.0
271.674,0.3866368532180786,-0.1725906878709793,0.16441580653190613,0.06622911244630814,0.03063015826046467,0.9970597624778748,,,
,,,,,,,35000.0,29000.0,90.0
271.684,1.8368796110153198,0.04043111205101013,-0.27783504128456116,0.06579890847206116,0.028731543570756912,1.0014592409133911,,,
,,,,,,,35000.0,29000.0,90.0
271.694,2.6010501384735107,-0.3017136752605438,0.03243493661284447,0.06509190052747726,0.030906595289707184,1.006056547164917,,,
,,,,,,,35000.0,29000.0,90.0
271.704,-0.47426533699035645,0.0602954663336277,-0.6085492372512817,0.06725408881902695,0.03476371616125107,1.0034526586532593,,,
,,,,,,,35000.0,29000.0,90.0
271.714,-1.9498190879821777,-0.0972607359290123,-0.22302015125751495,0.06469163298606873,0.036944206804037094,1.0013288259506226,,,
,,,,,,,35000.0,29000.0,90.0
271.724,-1.3413937091827393,0.08808296918869019,-0.05741924047470093,0.06317822635173798,0.034307967871427536,0.9986332058906555,,,
,,,,,,,35000.0,29000.0,90.0
271.734,-1.1007702350616455,-0.13853825628757477,0.26311376690864563,0.06296279281377792,0.031561218202114105,1.0038230419158936,,,
,,,,,,,35000.0,29000.0,90.0
271.744,1.157863736152649,-0.33236369490623474,-0.2137770801782608,0.06330880522727966,0.030154850333929062,1.0061830282211304,,,
,,,,,,,35000.0,29000.0,90.0
271.754,0.804071843624115,-0.17899879813194275,-0.034093622118234634,0.06515499949455261,0.031643595546483994,1.0022708177566528,,,
,,,,,,,35000.0,29000.0,90.0
271.764,1.1935091018676758,0.2484448105096817,0.2730149030685425,0.06544112414121628,0.03496399149298668,1.0016818046569824,,,
,,,,,,,35000.0,29000.0,90.0
271.774,-0.6551013588905334,0.09315048158168793,-0.23443351686000824,0.06667765229940414,0.034859735518693924,1.003061056137085,,,
,,,,,,,35000.0,27000.0,90.0
271.784,-1.5934401750564575,0.020427117124199867,-0.2670137286186218,0.06478965282440186,0.03382916748523712,1.0022764205932617,,,
,,,,,,,35000.0,27000.0,90.0
271.794,-0.3798493444919586,-0.5180029273033142,-0.11084504425525665,0.06337083876132965,0.03211044520139694,1.0039783716201782,,,
,,,,,,,35000.0,27000.0,90.0
271.804,3.7994496822357178,0.09865891188383102,-0.29938480257987976,0.0657234787940979,0.02468056045472622,0.9979878664016724,,,
,,,,,,,35000.0,27000.0,90.0
271.814,-3.1485323905944824,0.0880574882030487,-0.1976177990436554,0.06681027263402939,0.043840475380420685,0.9972302913665771,,,
,,,,,,,35000.0,27000.0,90.0
271.824,-2.2819011211395264,-0.13172151148319244,0.20064479112625122,0.06640822440385818,0.037314675748348236,1.0098721981048584,,,
,,,,,,,35000.0,27000.0,90.0
271.834,1.366396188735962,-0.030231161043047905,-0.14708568155765533,0.0646917074918747,0.018200691789388657,0.9994508028030396,,,
,,,,,,,35000.0,27000.0,90.0
271.844,1.209733486175537,0.1807941049337387,-0.21064156293869019,0.06352865695953369,0.03421087935566902,1.0032545328140259,,,
,,,,,,,35000.0,27000.0,90.0
271.854,1.7562838792800903,-0.5816813707351685,0.3986603021621704,0.062846340239048,0.041028063744306564,1.0020860433578491,,,
,,,,,,,35000.0,27000.0,90.0
271.864,-0.7876626253128052,0.24534685909748077,-0.2963545322418213,0.06504686176776886,0.027346128597855568,0.9943623542785645,,,
,,,,,,,35000.0,27000.0,90.0
271.874,-1.2502497434616089,0.19014020264148712,-0.2697291076183319,0.0625513568520546,0.037271369248628616,1.006201982498169,,,
,,,,,,,35000.0,27000.0,90.0
271.884,-1.2905553579330444,-0.18585260212421417,-0.09428820013999939,0.06629728525876999,0.03541917726397514,1.0043604373931885,,,
,,,,,,,35000.0,27000.0,90.0
271.894,-0.2504630982875824,0.027661681175231934,-0.12268062680959702,0.066460520029068,0.02662177011370659,1.0013805627822876,,,
,,,,,,,35000.0,27000.0,90.0
271.904,1.168609619140625,-0.1007574051618576,0.12669870257377625,0.06318581104278564,0.03523200750350952,1.003246784210205,,,
,,,,,,,35000.0,27000.0,90.0
271.914,0.5624714493751526,-0.14240314066410065,0.044739630073308945,0.06351915001869202,0.034055326133966446,1.0045803785324097,,,
,,,,,,,35000.0,27000.0,90.0
271.924,0.8649172782897949,-0.14939983189105988,-0.187147319316864,0.06276042014360428,0.029707498848438263,1.0060656070709229,,,
,,,,,,,35000.0,27000.0,90.0
271.934,-0.8194167613983154,-0.014800751581788063,-0.019800296053290367,0.0645533949136734,0.03623461350798607,1.0030667781829834,,,
,,,,,,,35000.0,27000.0,90.0
271.944,-1.4475162029266357,-0.10568222403526306,0.16119098663330078,0.06301818042993546,0.03239286690950394,1.0029754638671875,,,
,,,,,,,35000.0,27000.0,90.0
271.954,-0.21083635091781616,-0.1452905237674713,-0.12531204521656036,0.06528738141059875,0.029137182980775833,1.001940131187439,,,
,,,,,,,35000.0,26000.0,90.0
271.964,0.6013349890708923,-0.06216143071651459,-0.2441563755273819,0.06571438163518906,0.03401736915111542,1.0038710832595825,,,
,,,,,,,35000.0,26000.0,90.0
271.974,0.9518399238586426,-0.338635116815567,-0.01582621969282627,0.06414172053337097,0.03629273921251297,1.0078401565551758,,,
,,,,,,,35000.0,26000.0,90.0
271.984,2.0041770935058594,0.22180086374282837,-0.35007038712501526,0.06291566789150238,0.031312715262174606,0.9994135499000549,,,
,,,,,,,35000.0,26000.0,90.0
271.994,-1.9813780784606934,-0.01090830285102129,-0.1295728087425232,0.06529033929109573,0.03850654140114784,1.000635027885437,,,
,,,,,,,35000.0,26000.0,90.0
272.004,-2.1190903186798096,0.20776928961277008,-0.05533889681100845,0.06701799482107162,0.03668595850467682,1.0060545206069946,,,
,,,,,,,35000.0,26000.0,90.0
272.014,-0.16332000494003296,0.08396463096141815,0.0026583417784422636,0.06509222835302353,0.026171673089265823,1.0036284923553467,,,
,,,,,,,35000.0,26000.0,90.0
272.024,1.2610101699829102,-0.21212653815746307,0.03366830199956894,0.06402350962162018,0.03180478885769844,1.0063822269439697,,,
,,,,,,,35000.0,26000.0,90.0
272.034,1.2701036930084229,-0.15981532633304596,0.05913399159908295,0.06345247477293015,0.03586236387491226,1.0033410787582397,,,
,,,,,,,35000.0,25000.0,90.0
272.044,0.22344329953193665,0.045187924057245255,-0.2881122827529907,0.06316981464624405,0.03231063112616539,0.9970766305923462,,,
,,,,,,,35000.0,25000.0,90.0
272.054,-0.12864544987678528,0.04209078103303909,-0.14043092727661133,0.06265217810869217,0.03831283375620842,1.0027676820755005,,,
,,,,,,,35000.0,25000.0,90.0
272.064,-0.33585602045059204,-0.01955381967127323,-0.1396944224834442,0.06664833426475525,0.030963677912950516,1.0040658712387085,,,
,,,,,,,35000.0,25000.0,90.0
272.074,-2.411567449569702,-0.16213800013065338,-0.1946883499622345,0.06378649920225143,0.033071693032979965,1.003830909729004,,,
,,,,,,,35000.0,25000.0,90.0
272.084,-0.43641799688339233,-0.008904755115509033,0.10811418294906616,0.0624200664460659,0.032732002437114716,1.0080219507217407,,,
,,,,,,,35000.0,25000.0,90.0
272.094,0.7430145144462585,-0.04354081302881241,-0.10890175402164459,0.06475210189819336,0.02634809911251068,1.0012675523757935,,,
,,,,,,,35000.0,25000.0,90.0
272.104,2.2847564220428467,-0.4830586016178131,-0.24049820005893707,0.06245360150933266,0.032593417912721634,1.0039006471633911,,,
,,,,,,,35000.0,25000.0,90.0
272.114,0.6927418112754822,-0.2526644468307495,0.19689467549324036,0.06410067528486252,0.03603920713067055,1.0051642656326294,,,
,,,,,,,35000.0,25000.0,90.0
272.124,-1.222982406616211,0.20428453385829926,0.21182703971862793,0.06623505800962448,0.03295964002609253,1.0008183717727661,,,
,,,,,,,35000.0,23000.0,90.0
272.134,-1.3047688007354736,0.2431812882423401,-0.14119848608970642,0.065992571413517,0.033903125673532486,1.0039329528808594,,,
,,,,,,,36000.0,23000.0,90.0
272.144,-1.2521008253097534,-0.08933662623167038,-0.04083513095974922,0.0655730739235878,0.033821623772382736,1.0014853477478027,,,
,,,,,,,36000.0,23000.0,90.0
272.154,0.882088303565979,0.00888834334909916,0.15360374748706818,0.06405755877494812,0.030880194157361984,1.0034290552139282,,,
,,,,,,,36000.0,23000.0,90.0
272.164,4.990771770477295,-0.016436655074357986,-0.22599834203720093,0.06377440690994263,0.026599464938044548,1.0021814107894897,,,
,,,,,,,36000.0,23000.0,90.0
272.174,-2.094325304031372,0.5181351900100708,-0.48568961024284363,0.06471122801303864,0.04317663982510567,0.998120903968811,,,
,,,,,,,36000.0,23000.0,90.0
272.184,-2.962893486022949,-0.6753917336463928,0.077951580286026,0.06467434763908386,0.04031243175268173,1.0072847604751587,,,
,,,,,,,36000.0,23000.0,90.0
272.194,-1.3497052192687988,0.36271756887435913,0.3677749037742615,0.0660533457994461,0.01899089850485325,1.0032236576080322,,,
,,,,,,,36000.0,23000.0,90.0
272.204,0.5970162153244019,-0.2118094265460968,0.21868854761123657,0.06307891011238098,0.027439720928668976,1.0072193145751953,,,
,,,,,,,36000.0,23000.0,90.0
272.214,2.4972829818725586,-0.6299498081207275,-0.022189976647496223,0.06491274386644363,0.037275124341249466,1.001918077468872,,,
,,,,,,,36000.0,23000.0,90.0
272.224,0.5768916606903076,-0.2146047204732895,-0.5150834918022156,0.0643373355269432,0.03392487391829491,0.9962143898010254,,,
,,,,,,,36000.0,23000.0,90.0
272.234,0.9948484301567078,0.1925084888935089,-0.06623510271310806,0.06372292339801788,0.035930950194597244,1.0050548315048218,,,
,,,,,,,36000.0,23000.0,90.0
272.244,-2.6608428955078125,-0.020289892330765724,0.06261887401342392,0.06548181921243668,0.0378284715116024,1.010401725769043,,,
,,,,,,,36000.0,23000.0,90.0
272.254,-1.1581991910934448,-0.0014575822278857231,-0.008480955846607685,0.06397239118814468,0.028872719034552574,1.0052894353866577,,,
,,,,,,,36000.0,23000.0,90.0
272.264,0.10497972369194031,-0.24028849601745605,-0.036425068974494934,0.06442241370677948,0.03028753027319908,1.001699447631836,,,
,,,,,,,36000.0,23000.0,90.0
272.274,0.6626959443092346,-0.4046475887298584,-0.058965060859918594,0.06494811177253723,0.03615349903702736,1.0032068490982056,,,
,,,,,,,36000.0,23000.0,90.0
272.284,1.378612995147705,-0.03276628255844116,-0.1559668928384781,0.06418410688638687,0.03178520128130913,1.0005638599395752,,,
,,,,,,,36000.0,23000.0,90.0
272.294,0.42916572093963623,0.05589989945292473,-0.2472759485244751,0.0649285838007927,0.030754027888178825,1.0050268173217773,,,
,,,,,,,36000.0,25000.0,90.0
272.304,-0.4954093396663666,-0.3682686686515808,-0.15250660479068756,0.06422154605388641,0.0358344167470932,1.0072739124298096,,,
,,,,,,,36000.0,25000.0,90.0
272.314,-1.7731091976165771,-0.23944664001464844,-0.23828034102916718,0.06568508595228195,0.03215762972831726,1.0040709972381592,,,
,,,,,,,36000.0,25000.0,90.0
272.324,-1.2573477029800415,-0.13498124480247498,0.3898821771144867,0.06639204174280167,0.0313994325697422,1.0031670331954956,,,
,,,,,,,36000.0,25000.0,90.0
272.334,0.5113368034362793,0.15458627045154572,-0.046961817890405655,0.06285864114761353,0.034462910145521164,0.9973593354225159,,,
,,,,,,,36000.0,25000.0,90.0
272.344,-1.973365306854248,-0.5116719007492065,0.056544311344623566,0.06587815284729004,0.036498092114925385,1.0080633163452148,,,
,,,,,,,36000.0,25000.0,90.0
272.354,7.358675479888916,-0.3401539623737335,0.02745451219379902,0.06584623456001282,0.0174176637083292,0.9999032020568848,,,
,,,,,,,36000.0,25000.0,90.0
272.364,-1.4498733282089233,0.30465543270111084,-0.8446213006973267,0.06608099490404129,0.040911223739385605,0.9944972991943359,,,
,,,,,,,36000.0,25000.0,90.0
272.374,-0.7068809270858765,-0.4717123806476593,0.1831514686346054,0.06105777621269226,0.045402150601148605,1.0067245960235596,,,
,,,,,,,36000.0,25000.0,90.0
272.384,-3.227005958557129,0.37016695737838745,-0.11153782904148102,0.06570357084274292,0.021598421037197113,1.0027905702590942,,,
,,,,,,,36000.0,29000.0,90.0
272.394,-1.1410936117172241,0.3575471341609955,0.10448818653821945,0.06323152780532837,0.026363488286733627,1.0103391408920288,,,
,,,,,,,36000.0,29000.0,90.0
272.404,1.899785041809082,-0.7645502090454102,0.5188134908676147,0.06454713642597198,0.03388918191194534,1.0084457397460938,,,
,,,,,,,36000.0,29000.0,90.0
272.414,0.22018645703792572,0.3479025065898895,-0.3970968723297119,0.06701704859733582,0.02921466715633869,0.9935946464538574,,,
,,,,,,,36000.0,29000.0,90.0
272.424,-2.478705406188965,0.5119652152061462,0.05420059710741043,0.0677584782242775,0.042001716792583466,0.9995371103286743,,,
,,,,,,,36000.0,29000.0,90.0
272.434,1.5453002452850342,-0.4601723551750183,-0.2465556263923645,0.0655045136809349,0.030280642211437225,1.0179661512374878,,,
,,,,,,,36000.0,29000.0,90.0
272.444,11.834747314453125,-0.28317952156066895,-0.1349695920944214,0.06711683422327042,0.00936820823699236,0.9835350513458252,,,
,,,,,,,36000.0,29000.0,90.0
272.454,-7.499546527862549,0.6625400185585022,-1.1334213018417358,0.06581787765026093,0.06530545651912689,1.001146912574768,,,
,,,,,,,36000.0,29000.0,90.0
272.464,0.5374923348426819,-0.3377434015274048,1.6849066019058228,0.061978328973054886,0.046796973794698715,1.0105767250061035,,,
,,,,,,,36000.0,32767.0,90.0
272.474,-7.711138725280762,0.9473583698272705,-0.7538144588470459,0.06518926471471786,0.009465819224715233,1.0039544105529785,,,
,,,,,,,36000.0,32767.0,90.0
272.484,1.0917543172836304,-0.7177891731262207,-0.18691925704479218,0.06267419457435608,0.03016367182135582,1.0134423971176147,,,
,,,,,,,36000.0,32767.0,90.0
272.494,1.4826980829238892,-0.6414110064506531,0.013096536509692669,0.06598661839962006,0.03602471575140953,0.9913792014122009,,,
,,,,,,,36000.0,32767.0,90.0
272.504,-2.5407259464263916,0.1738024652004242,-0.07682625204324722,0.06724213063716888,0.04147785156965256,0.9905779957771301,,,
,,,,,,,36000.0,32767.0,90.0
272.514,4.380605697631836,-0.6685853004455566,-0.17076733708381653,0.06589551270008087,0.031869761645793915,1.0189398527145386,,,
,,,,,,,36000.0,32767.0,90.0
272.524,10.678890228271484,-0.7167176604270935,-0.2748435437679291,0.0673777163028717,0.011632213369011879,0.9869571924209595,,,
,,,,,,,36000.0,32767.0,90.0
272.534,-6.480656623840332,0.6900497078895569,-0.8803489208221436,0.06469397991895676,0.056320298463106155,1.002306580543518,,,
,,,,,,,36000.0,32767.0,90.0
272.544,-0.7076036334037781,-0.2870185971260071,1.5320249795913696,0.06483832001686096,0.041499752551317215,1.0151008367538452,,,
,,,,,,,36000.0,32767.0,90.0
272.554,-8.188008308410645,1.094943642616272,-0.9007357954978943,0.06753865629434586,0.011807845905423164,1.0044208765029907,,,
,,,,,,,36000.0,32767.0,90.0
272.564,-0.4935982823371887,-0.12055499106645584,-0.19820596277713776,0.06393332779407501,0.02782370150089264,1.0165866613388062,,,
,,,,,,,36000.0,32767.0,90.0
272.574,1.8087239265441895,-0.6442881226539612,0.057897672057151794,0.06379787623882294,0.03460078686475754,0.9998458623886108,,,
,,,,,,,36000.0,32767.0,90.0
272.584,4.183624744415283,-0.18710744380950928,-0.5074703693389893,0.0668729841709137,0.029740694910287857,0.9842361807823181,,,
,,,,,,,36000.0,32767.0,90.0
272.594,4.236544132232666,-0.1986752450466156,-0.2210848033428192,0.06502782553434372,0.0462171770632267,0.9983378648757935,,,
,,,,,,,36000.0,32767.0,90.0
272.604,-2.466747760772705,0.029985720291733742,0.10584463179111481,0.06246742233633995,0.04383723437786102,1.0087032318115234,,,
,,,,,,,36000.0,32767.0,90.0
272.614,-3.3518996238708496,0.21255388855934143,-0.285200834274292,0.06533971428871155,0.023379376158118248,1.0123599767684937,,,
,,,,,,,36000.0,32767.0,90.0
272.624,-1.268173336982727,-0.08600769937038422,0.3658791780471802,0.0645790547132492,0.027030503377318382,1.006427526473999,,,
,,,,,,,36000.0,32767.0,90.0
272.634,-2.176279306411743,0.021947849541902542,0.41069477796554565,0.0660010352730751,0.03763994947075844,1.0051833391189575,,,
,,,,,,,30000.0,32767.0,90.0
272.644,2.130934953689575,-0.4064154624938965,0.03482357785105705,0.06496509909629822,0.02603253908455372,0.9964471459388733,,,
,,,,,,,30000.0,32767.0,90.0
272.654,2.573035955429077,-0.11644826084375381,-0.41442909836769104,0.06596768647432327,0.025389691814780235,0.9928673505783081,,,
,,,,,,,30000.0,32767.0,90.0
272.664,0.5551260113716125,-1.8702805042266846,0.5422025322914124,0.06834658980369568,0.042574360966682434,1.001013159751892,,,
,,,,,,,30000.0,32767.0,90.0
272.674,4.6110734939575195,1.448468565940857,0.8843700289726257,0.07551608979701996,0.026848403736948967,1.0058914422988892,,,
,,,,,,,30000.0,32767.0,90.0
272.684,-7.463169574737549,3.3481063842773438,-1.0057445764541626,0.0507056787610054,0.030790038406848907,1.0062633752822876,,,
,,,,,,,30000.0,32767.0,90.0
272.694,-4.464094161987305,-2.138382911682129,0.44437408447265625,0.06688527762889862,0.04363042488694191,1.0337374210357666,,,
,,,,,,,30000.0,32767.0,90.0
272.704,2.5195188522338867,-1.9958730936050415,0.3495595455169678,0.06215909868478775,0.018860962241888046,0.9916667938232422,,,
,,,,,,,30000.0,32767.0,90.0
272.714,2.4788830280303955,0.7150787115097046,-0.7060213685035706,0.06167428195476532,0.029908567667007446,0.9811092019081116,,,
,,,,,,,30000.0,32767.0,90.0
272.724,3.692052125930786,-1.0972697734832764,1.371242642402649,0.08218199014663696,0.043757837265729904,1.0105383396148682,,,
,,,,,,,27000.0,32767.0,90.0
272.734,-2.0008738040924072,0.994805634021759,-0.23067350685596466,0.06191274896264076,0.0300018060952425,1.000301718711853,,,
,,,,,,,27000.0,32767.0,90.0
272.744,-3.025878429412842,0.668583333492279,-0.8029571175575256,0.05934065580368042,0.03486069664359093,1.0150517225265503,,,
,,,,,,,27000.0,32767.0,90.0
272.754,0.1570238322019577,-0.9039722084999084,0.23104627430438995,0.06179067865014076,0.03869625926017761,1.009996771812439,,,
,,,,,,,27000.0,32767.0,90.0
272.764,-0.19609247148036957,-0.7795386910438538,0.6291600465774536,0.06622077524662018,0.031934868544340134,0.9898088574409485,,,
,,,,,,,27000.0,32767.0,90.0
272.774,3.427578926086426,0.41247957944869995,0.808125913143158,0.06951235979795456,0.036639511585235596,0.9985438585281372,,,
,,,,,,,27000.0,32767.0,90.0
272.784,-4.613389015197754,1.8786495923995972,-0.8079302310943604,0.06684727966785431,0.03743547201156616,1.0039312839508057,,,
,,,,,,,27000.0,32767.0,90.0
272.794,-1.4446427822113037,-0.2865341007709503,-0.5229054689407349,0.06206445023417473,0.03470759093761444,1.0203397274017334,,,
,,,,,,,27000.0,32767.0,90.0
272.804,3.6178343296051025,-1.1210453510284424,0.25828561186790466,0.05971715971827507,0.023633243516087532,1.0010242462158203,,,
,,,,,,,27000.0,32767.0,90.0
272.814,1.502139687538147,-0.02208584174513817,0.2192051112651825,0.07029804587364197,0.03548554703593254,0.9901304244995117,,,
,,,,,,,17000.0,32767.0,90.0
272.824,0.45901402831077576,0.3977559506893158,0.39640435576438904,0.0678476095199585,0.04531254991889,0.9998730421066284,,,
,,,,,,,17000.0,32767.0,90.0
272.834,-4.369552135467529,0.7983647584915161,-0.3584044277667999,0.06496280431747437,0.030178209766745567,0.9993981122970581,,,
,,,,,,,17000.0,32767.0,90.0
272.844,-1.4267451763153076,-0.28168410062789917,0.19901789724826813,0.06599675863981247,0.02761954814195633,1.0073049068450928,,,
,,,,,,,17000.0,32767.0,90.0
272.854,4.396065711975098,-0.3451298177242279,0.9055994749069214,0.07373066991567612,0.022842464968562126,1.008972406387329,,,
,,,,,,,17000.0,32767.0,90.0
272.864,-0.5646253228187561,1.3833873271942139,-0.3261478543281555,0.06433627754449844,0.02936714142560959,1.0033111572265625,,,
,,,,,,,17000.0,32767.0,90.0
272.874,-3.10638689994812,0.6817312836647034,-0.5437218546867371,0.06179095432162285,0.041931651532649994,1.0181446075439453,,,
,,,,,,,17000.0,32767.0,90.0
272.884,-3.339421033859253,-1.4694949388504028,-0.37700310349464417,0.06380046904087067,0.03275752067565918,1.0016525983810425,,,
,,,,,,,17000.0,35000.0,90.0
272.894,1.5961647033691406,-1.7502355575561523,0.3028300404548645,0.06088488921523094,0.0297219417989254,0.9848994016647339,,,
,,,,,,,8000.0,35000.0,90.0
272.904,4.78754997253418,-0.25737226009368896,0.9712582230567932,0.06791689246892929,0.03466540947556496,0.9928395748138428,,,
,,,,,,,8000.0,35000.0,90.0
272.914,0.829403281211853,0.6220752000808716,-0.038520097732543945,0.0739767998456955,0.028625093400478363,1.0052510499954224,,,
,,,,,,,8000.0,35000.0,90.0
272.924,-5.780704975128174,1.3681769371032715,-0.4717194139957428,0.0715414360165596,0.03507557138800621,1.0073456764221191,,,
,,,,,,,8000.0,35000.0,90.0
272.934,-0.32755017280578613,-0.06895046681165695,-0.3522826135158539,0.060126181691884995,0.03414047136902809,1.0189017057418823,,,
,,,,,,,8000.0,35000.0,90.0
272.944,7.187269687652588,-0.30592477321624756,-0.10525757819414139,0.06792036443948746,0.015515600331127644,0.9952240586280823,,,
,,,,,,,8000.0,35000.0,90.0
272.954,-4.031024932861328,-0.30196690559387207,-0.5716647505760193,0.0633411779999733,0.0469851978123188,1.0021779537200928,,,
,,,,,,,8000.0,35000.0,90.0
272.964,1.3175091743469238,-0.8329958319664001,1.0005673170089722,0.06407823413610458,0.04590220004320145,0.9977656006813049,,,
,,,,,,,8000.0,37000.0,90.0
272.974,-6.564537048339844,0.5189230442047119,-0.5885952115058899,0.06741071492433548,0.02749083936214447,0.9903730154037476,,,
,,,,,,,8000.0,37000.0,90.0
272.984,3.814751625061035,-0.35899826884269714,0.25924232602119446,0.06231467425823212,0.025341270491480827,1.0106580257415771,,,
,,,,,,,4000.0,37000.0,90.0
272.994,-0.14001020789146423,-0.24556998908519745,-0.05286450311541557,0.06259927898645401,0.027987247332930565,1.009104609489441,,,
,,,,,,,4000.0,37000.0,90.0
273.004,-0.06894952058792114,0.08565443009138107,-0.22579091787338257,0.06516561657190323,0.029438015073537827,1.001432180404663,,,
,,,,,,,4000.0,37000.0,90.0
273.014,-0.36266544461250305,-0.3129480481147766,-0.072113037109375,0.062105655670166016,0.04098890721797943,1.0056232213974,,,
,,,,,,,4000.0,37000.0,90.0
273.024,5.253280162811279,-0.57034832239151,-0.09293939918279648,0.06749627739191055,0.022952675819396973,0.9925832748413086,,,
,,,,,,,4000.0,37000.0,90.0
273.034,-4.033777236938477,-0.08410154283046722,-0.4914754629135132,0.06632614880800247,0.04500975459814072,1.0055773258209229,,,
,,,,,,,4000.0,37000.0,90.0
273.044,0.6897789835929871,-0.9448398947715759,0.7360339164733887,0.06368523091077805,0.036787696182727814,1.008112907409668,,,
,,,,,,,4000.0,37000.0,90.0
273.054,-3.7918198108673096,0.08756779134273529,-0.32481229305267334,0.06514307856559753,0.02448832057416439,1.0007915496826172,,,
,,,,,,,4000.0,44000.0,90.0
273.064,1.3281748294830322,-0.3425790071487427,0.06692571192979813,0.06531087309122086,0.03283444419503212,1.0076444149017334,,,
,,,,,,,4000.0,44000.0,90.0
273.074,1.0777454376220703,-0.1310383528470993,-0.33844396471977234,0.06512925028800964,0.03444346413016319,0.9951828122138977,,,
,,,,,,,4000.0,44000.0,90.0
273.084,-6.938581466674805,1.2842527627944946,-0.08968522399663925,0.06923719495534897,0.04563824459910393,1.0013008117675781,,,
,,,,,,,4000.0,44000.0,90.0
273.094,-3.4180314540863037,-1.5833197832107544,-0.6037924885749817,0.060028064996004105,0.03246886283159256,1.0385822057724,,,
,,,,,,,4000.0,44000.0,90.0
273.104,20.713533401489258,-2.888286590576172,-0.14287348091602325,0.06072436645627022,-0.009886694140732288,0.9998244047164917,,,
,,,,,,,4000.0,44000.0,90.0
273.114,14.087349891662598,1.5214695930480957,2.9150636196136475,0.06939146667718887,0.054338663816452026,0.9507747292518616,,,
,,,,,,,4000.0,44000.0,90.0
273.124,-10.204476356506348,1.1406196355819702,0.35772934556007385,0.08213172107934952,0.11438596248626709,0.9959553480148315,,,
,,,,,,,4000.0,44000.0,90.0
273.134,-21.27206039428711,2.0442073345184326,0.967427134513855,0.05416157841682434,0.043372903019189835,1.0255296230316162,,,
,,,,,,,4000.0,44000.0,90.0
273.144,4.045485973358154,-1.4147812128067017,0.3809458613395691,0.05952901765704155,-0.0360608845949173,1.0266832113265991,,,
,,,,,,,4000.0,52000.0,90.0
273.154,0.4414038360118866,-0.059103600680828094,-1.0705344676971436,0.06332708150148392,0.008927452377974987,1.0117963552474976,,,
,,,,,,,6000.0,52000.0,90.0
273.164,0.32605743408203125,-0.3354727029800415,-2.0196735858917236,0.06416576355695724,0.06389804929494858,0.9962929487228394,,,
,,,,,,,6000.0,52000.0,90.0
273.174,-9.767852783203125,1.0522300004959106,-1.6300140619277954,0.07851649075746536,0.04940645769238472,0.9927428364753723,,,
,,,,,,,6000.0,52000.0,90.0
273.184,3.010545492172241,-1.9229910373687744,-1.1577552556991577,0.06354381144046783,0.015810806304216385,1.024228811264038,,,
,,,,,,,6000.0,52000.0,90.0
273.194,19.324790954589844,-3.1051430702209473,0.19291414320468903,0.06065759062767029,0.00987931340932846,0.9960961937904358,,,
,,,,,,,6000.0,52000.0,90.0
273.204,13.23741626739502,0.39202532172203064,0.8039492964744568,0.06912409514188766,0.056294817477464676,0.9524543285369873,,,
,,,,,,,6000.0,52000.0,90.0
273.214,4.592543601989746,2.985081195831299,6.425045967102051,0.07784806191921234,0.0955582931637764,0.9844734072685242,,,
,,,,,,,6000.0,52000.0,90.0
273.224,-16.286958694458008,3.1781463623046875,-0.03438001498579979,0.06545761972665787,0.0528789721429348,1.0071117877960205,,,
,,,,,,,6000.0,57000.0,90.0
273.234,-19.369508743286133,1.1467400789260864,-0.4284837245941162,0.05285252630710602,0.0031550012063235044,1.0512958765029907,,,
,,,,,,,11000.0,57000.0,90.0
273.244,5.436659812927246,-1.9942915439605713,2.0529308319091797,0.0490831583738327,-0.017063766717910767,1.0512725114822388,,,
,,,,,,,11000.0,57000.0,90.0
273.254,3.177093744277954,-1.4627972841262817,-2.484565019607544,0.05263660475611687,0.0014976816019043326,1.0023671388626099,,,
,,,,,,,11000.0,57000.0,90.0
273.264,-1.4448821544647217,-2.4591875076293945,-4.457926273345947,0.0779230147600174,0.05194585397839546,0.985040009021759,,,
,,,,,,,11000.0,57000.0,90.0
273.274,-1.3107974529266357,-0.1480138897895813,0.9218702912330627,0.07068381458520889,0.07295381277799606,0.9815556406974792,,,
,,,,,,,11000.0,57000.0,90.0
273.284,-0.7848671674728394,-0.13244052231311798,0.1865285038948059,0.06665187329053879,0.04282207414507866,0.9824564456939697,,,
,,,,,,,11000.0,57000.0,90.0
273.294,3.401097297668457,-0.6553246974945068,-0.6399418711662292,0.06622656434774399,0.01773114502429962,1.0009515285491943,,,
,,,,,,,11000.0,57000.0,90.0
273.304,10.382001876831055,-0.39537543058395386,-0.004997119307518005,0.07420302927494049,0.031107701361179352,1.001358151435852,,,
,,,,,,,11000.0,57000.0,90.0
273.314,3.40915584564209,2.303093194961548,2.363659620285034,0.060798827558755875,0.04819114878773689,0.993549108505249,,,
,,,,,,,11000.0,61000.0,90.0
273.324,-4.979335308074951,0.5797131657600403,-0.6400208473205566,0.05936453491449356,0.04109203815460205,1.0120264291763306,,,
,,,,,,,13000.0,61000.0,90.0
273.334,-6.741970062255859,-0.5088768005371094,-0.04332902655005455,0.05609890818595886,0.024987269192934036,1.0286390781402588,,,
,,,,,,,13000.0,61000.0,90.0
273.344,-4.1653618812561035,-0.1596997231245041,0.3748287260532379,0.06020662188529968,0.027901576831936836,1.0087603330612183,,,
,,,,,,,13000.0,61000.0,90.0
273.354,-3.0849153995513916,-0.053932979702949524,-1.1724295616149902,0.06326288729906082,0.03331615775823593,1.001304030418396,,,
,,,,,,,13000.0,61000.0,90.0
273.364,2.880709648132324,-0.8925529718399048,-0.8197003602981567,0.0647658258676529,0.02753911167383194,1.0010545253753662,,,
,,,,,,,13000.0,61000.0,90.0
273.374,3.977384090423584,-0.19671954214572906,-0.2880617380142212,0.06661757826805115,0.03373033180832863,0.9882354140281677,,,
,,,,,,,13000.0,61000.0,90.0
273.384,-1.0815544128417969,0.42280498147010803,0.15189768373966217,0.06745897978544235,0.04894230514764786,0.9882920980453491,,,
,,,,,,,13000.0,61000.0,90.0
273.394,-0.6820594072341919,-0.1570662558078766,0.30903488397598267,0.06545423716306686,0.03522465378046036,1.0030744075775146,,,
,,,,,,,13000.0,61000.0,90.0
273.404,0.8895617127418518,0.1026359274983406,-0.2868459224700928,0.06258811801671982,0.02131083980202675,1.0132911205291748,,,
,,,,,,,17000.0,61000.0,90.0
273.414,2.2747230529785156,-0.7709478139877319,0.025546472519636154,0.0636238306760788,0.02854814939200878,1.009724497795105,,,
,,,,,,,17000.0,61000.0,90.0
273.424,0.5483831167221069,0.06450360268354416,-0.08530334383249283,0.06400810182094574,0.04018933326005936,0.995420515537262,,,
,,,,,,,17000.0,61000.0,90.0
273.434,-1.589447021484375,0.31979554891586304,-0.06045834347605705,0.06341847032308578,0.043535564094781876,0.9939336776733398,,,
,,,,,,,17000.0,61000.0,90.0
273.444,-1.5571147203445435,-0.004264534916728735,-0.25336965918540955,0.06487179547548294,0.035998210310935974,1.0106923580169678,,,
,,,,,,,17000.0,61000.0,90.0
273.454,-2.841742515563965,0.06461858749389648,-0.4155076742172241,0.06117863208055496,0.03010445646941662,1.0100831985473633,,,
,,,,,,,17000.0,61000.0,90.0
273.464,0.9308289885520935,-0.3635583817958832,0.15810897946357727,0.061197251081466675,0.03228435665369034,1.0043604373931885,,,
,,,,,,,17000.0,61000.0,90.0
273.474,1.1929497718811035,-0.20412595570087433,0.001036261674016714,0.06487344205379486,0.03591937944293022,0.9956275224685669,,,
,,,,,,,17000.0,61000.0,90.0
273.484,0.13493020832538605,0.24497124552726746,0.2038341611623764,0.06551621109247208,0.03176704794168472,0.9976145029067993,,,
,,,,,,,17000.0,61000.0,90.0
273.494,-0.8056008219718933,0.6455420255661011,-0.16792386770248413,0.06362616270780563,0.030791563913226128,1.0082883834838867,,,
,,,,,,,24000.0,61000.0,90.0
273.504,0.34796133637428284,-0.3270892798900604,-0.15041369199752808,0.061649665236473083,0.02946546860039234,1.0093225240707397,,,
,,,,,,,24000.0,61000.0,90.0
273.514,1.7627310752868652,-0.9160435795783997,0.12502160668373108,0.06546837091445923,0.028951553627848625,1.0019527673721313,,,
,,,,,,,24000.0,61000.0,90.0
273.524,2.0795531272888184,-0.6577651500701904,-0.4541851282119751,0.06552198529243469,0.0373602993786335,1.006948471069336,,,
,,,,,,,24000.0,61000.0,90.0
273.534,-1.8754003047943115,-0.7998383045196533,-1.2915427684783936,0.06201331317424774,0.038777463138103485,0.9989176988601685,,,
,,,,,,,24000.0,61000.0,90.0
273.544,-0.7251828908920288,-0.10410719364881516,-0.09790821373462677,0.06346091628074646,0.04181394726037979,0.9888697862625122,,,
,,,,,,,24000.0,61000.0,90.0
273.554,3.2640013694763184,0.01730567030608654,1.0951231718063354,0.06497803330421448,0.03644055500626564,0.9961575269699097,,,
,,,,,,,24000.0,61000.0,90.0
273.564,-0.3713219165802002,0.8246749639511108,0.5835956931114197,0.06723674386739731,0.02967390976846218,1.0134849548339844,,,
,,,,,,,24000.0,61000.0,90.0
273.574,-3.1887667179107666,0.22966544330120087,-0.6254700422286987,0.06385564804077148,0.03161929175257683,1.0184258222579956,,,
,,,,,,,24000.0,61000.0,90.0
273.584,-2.1388072967529297,-0.4052397608757019,-0.915408194065094,0.05762140080332756,0.032515667378902435,1.003868579864502,,,
,,,,,,,32767.0,61000.0,90.0
273.594,2.3348562717437744,-0.23317278921604156,0.09195737540721893,0.06454356759786606,0.02992948517203331,0.9936675429344177,,,
,,,,,,,32767.0,61000.0,90.0
273.604,2.556241989135742,0.5170063376426697,0.3845735788345337,0.06643493473529816,0.0350801907479763,0.996545672416687,,,
,,,,,,,32767.0,61000.0,90.0
273.614,-1.1443305015563965,-0.3658924698829651,0.19016548991203308,0.06360621005296707,0.037861939519643784,1.010276198387146,,,
,,,,,,,32767.0,61000.0,90.0
273.624,-0.09117589145898819,-2.234575033187866,-0.5745669603347778,0.06782481074333191,0.03179020807147026,1.025160789489746,,,
,,,,,,,32767.0,61000.0,90.0
273.634,-5.319210529327393,1.6302268505096436,-1.8199211359024048,0.058897465467453,0.03759640455245972,0.9950368404388428,,,
,,,,,,,32767.0,61000.0,90.0
273.644,-4.956635475158691,-0.08629146218299866,1.671342134475708,0.049593787640333176,0.06024530529975891,0.990026593208313,,,
,,,,,,,32767.0,61000.0,90.0
273.654,30.75581932067871,-7.450991153717041,4.167065143585205,0.10325316339731216,0.010069681331515312,0.9793611764907837,,,
,,,,,,,32767.0,60000.0,90.0
273.664,-13.271783828735352,13.559992790222168,-4.90134334564209,0.104062519967556,0.02262919954955578,0.9056199789047241,,,
,,,,,,,37000.0,60000.0,90.0
273.674,-20.85501480102539,2.580803155899048,-3.6844165325164795,0.04068761691451073,0.11876105517148972,1.0707342624664307,,,
,,,,,,,37000.0,60000.0,90.0
273.684,10.305227279663086,-13.028250694274902,7.499619960784912,0.02488979697227478,0.010625929571688175,1.127034306526184,,,
,,,,,,,37000.0,60000.0,90.0
273.694,11.603163719177246,5.393420219421387,-1.4721275568008423,0.053712572902441025,-0.058925479650497437,0.9943645000457764,,,
,,,,,,,37000.0,60000.0,90.0
273.704,-11.597743034362793,-1.8754428625106812,-4.9389142990112305,0.0776420459151268,0.049580346792936325,0.9987332224845886,,,
,,,,,,,37000.0,60000.0,90.0
273.714,7.2369513511657715,-8.508071899414062,3.2665462493896484,0.06141090765595436,0.09689342975616455,0.9928585290908813,,,
,,,,,,,37000.0,60000.0,90.0
273.724,-3.174802780151367,3.537238359451294,1.4156993627548218,0.08946875482797623,0.028220204636454582,0.9200801849365234,,,
,,,,,,,37000.0,60000.0,90.0
273.734,-9.556541442871094,3.904188871383667,-1.6860647201538086,0.07812663912773132,0.040067512542009354,0.984687864780426,,,
,,,,,,,37000.0,60000.0,90.0
273.744,7.893000602722168,-2.044891834259033,0.44761085510253906,0.05485823005437851,0.030939074233174324,1.0487372875213623,,,
,,,,,,,37000.0,56000.0,90.0
273.754,-0.10526522994041443,1.1787331104278564,-0.84879070520401,0.04772288724780083,0.0009248047135770321,1.0214664936065674,,,
,,,,,,,38000.0,56000.0,90.0
273.764,3.9344449043273926,-2.9303014278411865,0.17013515532016754,0.06554165482521057,0.03873629495501518,1.0171231031417847,,,
,,,,,,,38000.0,56000.0,90.0
273.774,1.5382647514343262,-0.4076337218284607,0.25551146268844604,0.07204890251159668,0.05999268591403961,0.9730273485183716,,,
,,,,,,,38000.0,56000.0,90.0
273.784,-9.8349609375,1.927668809890747,-0.2954728603363037,0.07592865824699402,0.04723278433084488,0.9925371408462524,,,
,,,,,,,38000.0,56000.0,90.0
273.794,5.4151530265808105,-0.9813399910926819,0.49293556809425354,0.056920792907476425,0.015442349016666412,1.0213998556137085,,,
,,,,,,,38000.0,56000.0,90.0
273.804,1.2706812620162964,-0.5531463027000427,-0.5504981279373169,0.0666499212384224,0.017400924116373062,1.0045733451843262,,,
,,,,,,,38000.0,56000.0,90.0
273.814,0.9425421357154846,0.6891361474990845,0.3459065556526184,0.06642010807991028,0.05152219533920288,0.9950244426727295,,,
,,,,,,,38000.0,56000.0,90.0
273.824,-4.812995433807373,0.9273815155029297,0.46607476472854614,0.06455636769533157,0.048905663192272186,0.9954260587692261,,,
,,,,,,,38000.0,56000.0,90.0
273.834,-4.243032455444336,-0.04544149339199066,-0.201255202293396,0.0623820461332798,0.02611846663057804,1.0140541791915894,,,
,,,,,,,38000.0,52000.0,90.0
273.844,2.4583370685577393,-1.2180132865905762,0.13461284339427948,0.06061340123414993,0.02301151305437088,1.0167146921157837,,,
,,,,,,,39000.0,52000.0,90.0
273.854,4.519857883453369,-0.7646267414093018,0.08326376974582672,0.06534209102392197,0.03123769536614418,0.99656742811203,,,
,,,,,,,39000.0,52000.0,90.0
273.864,5.403347492218018,-0.9639272689819336,-0.38505232334136963,0.06638088822364807,0.04168358072638512,1.001809000968933,,,
,,,,,,,39000.0,52000.0,90.0
273.874,2.4960367679595947,-0.6693479418754578,-0.4396681785583496,0.06596656888723373,0.040412891656160355,0.9912413954734802,,,
,,,,,,,39000.0,52000.0,90.0
273.884,-2.150020122528076,1.6027634143829346,-0.00761856185272336,0.06695038825273514,0.04064105451107025,0.9861962795257568,,,
,,,,,,,39000.0,52000.0,90.0
273.894,-7.929361820220947,0.9133808612823486,0.8447774648666382,0.06354744732379913,0.04716780409216881,1.011196494102478,,,
,,,,,,,39000.0,52000.0,90.0
273.904,-6.560360908508301,0.07215138524770737,0.3544920086860657,0.06239252910017967,0.016797823831439018,1.0257083177566528,,,
,,,,,,,39000.0,52000.0,90.0
273.914,-4.485034465789795,-0.9988707304000854,-3.8128292560577393,0.052859995514154434,0.003478240454569459,1.01717209815979,,,
,,,,,,,39000.0,46000.0,90.0
273.924,8.132204055786133,-2.1149675846099854,0.37105700373649597,0.0654757171869278,0.033244289457798004,1.0095949172973633,,,
,,,,,,,40000.0,46000.0,90.0
273.934,7.315070152282715,-1.4165124893188477,-0.25530529022216797,0.07323356717824936,0.05195552855730057,0.9732179045677185,,,
,,,,,,,40000.0,46000.0,90.0
273.944,1.0047247409820557,-1.9078500270843506,-0.5836531519889832,0.06849272549152374,0.050868768244981766,0.9916552901268005,,,
,,,,,,,40000.0,46000.0,90.0
273.954,11.885223388671875,-1.2731550931930542,1.849786639213562,0.05849754065275192,0.03159207105636597,0.9795205593109131,,,
,,,,,,,40000.0,46000.0,90.0
273.964,4.7846293449401855,5.6723713874816895,8.357419967651367,0.08186673372983932,0.059871822595596313,0.9679574966430664,,,
,,,,,,,40000.0,46000.0,90.0
273.974,-28.126140594482422,2.701143503189087,-3.675018548965454,0.08201081305742264,0.07465457171201706,1.00634765625,,,
,,,,,,,40000.0,46000.0,90.0
273.984,-31.46903419494629,2.161513328552246,-0.5872236490249634,0.03958779573440552,0.02017916366457939,1.0812948942184448,,,
,,,,,,,40000.0,46000.0,90.0
273.994,17.585494995117188,-5.997574806213379,-0.17831335961818695,0.022106830030679703,-0.06673158705234528,1.080026626586914,,,
,,,,,,,40000.0,46000.0,90.0
274.004,25.75402069091797,-5.016768455505371,-1.791598916053772,0.06260114163160324,-0.03419290855526924,0.9738534092903137,,,
,,,,,,,40000.0,42000.0,90.0
274.014,12.905291557312012,-1.5941505432128906,-1.5896779298782349,0.10605626553297043,0.10507386922836304,0.9265572428703308,,,
,,,,,,,40000.0,42000.0,90.0
274.024,-7.284219264984131,2.095045566558838,0.4836900532245636,0.08817002177238464,0.15243235230445862,0.9367062449455261,,,
,,,,,,,40000.0,42000.0,90.0
274.034,-12.52547550201416,3.926356554031372,1.6871756315231323,0.07394275069236755,0.043228112161159515,0.9977177977561951,,,
,,,,,,,40000.0,42000.0,90.0
274.044,6.733358383178711,-0.879919171333313,-0.18861962854862213,0.04182501137256622,-0.041791755706071854,1.0593031644821167,,,
,,,,,,,40000.0,42000.0,90.0
274.054,10.951096534729004,0.04179517552256584,0.2763795256614685,0.06319784373044968,0.0004495650064200163,1.0197314023971558,,,
,,,,,,,40000.0,42000.0,90.0
274.064,-14.798930168151855,0.6760464310646057,-0.6522554159164429,0.0689961239695549,0.0976087898015976,1.0030838251113892,,,
,,,,,,,40000.0,42000.0,90.0
274.074,-30.607458114624023,0.2256167083978653,-6.029021739959717,0.05671720951795578,0.062369365245103836,1.0309319496154785,,,
,,,,,,,40000.0,42000.0,90.0
274.084,7.983288764953613,-3.448141098022461,-2.8384459018707275,0.0455058254301548,-0.04664469510316849,1.0285983085632324,,,
,,,,,,,40000.0,32767.0,90.0
274.094,30.567161560058594,-1.7328226566314697,1.3772892951965332,0.0836314782500267,-0.02080717496573925,0.9757676124572754,,,
,,,,,,,37000.0,32767.0,90.0
274.104,-6.5527024269104,0.9698560237884521,-2.0115444660186768,0.07407145202159882,0.11169607192277908,0.9494746327400208,,,
,,,,,,,37000.0,32767.0,90.0
274.114,-5.710357666015625,-0.567211925983429,0.5829856991767883,0.06741040199995041,0.12052760273218155,0.9902125597000122,,,
,,,,,,,37000.0,32767.0,90.0
274.124,3.2181296348571777,-0.9473459720611572,0.774070680141449,0.07235763967037201,0.009986242279410362,1.0073362588882446,,,
,,,,,,,37000.0,32767.0,90.0
274.134,21.999204635620117,4.759922027587891,9.406410217285156,0.07904550433158875,-0.025061121210455894,0.9813757538795471,,,
,,,,,,,37000.0,32767.0,90.0
274.144,-24.10651206970215,2.1530866622924805,-3.465611457824707,0.057604335248470306,0.08811690658330917,1.0093709230422974,,,
,,,,,,,37000.0,32767.0,90.0
274.154,-41.79719161987305,-0.2060752660036087,-6.124017238616943,0.046794917434453964,0.07348031550645828,1.1153761148452759,,,
,,,,,,,37000.0,32767.0,90.0
274.164,34.952754974365234,-6.012907028198242,5.046496868133545,0.027521494776010513,-0.07531441748142242,1.037812352180481,,,
,,,,,,,37000.0,32767.0,90.0
274.174,13.786290168762207,-1.9834251403808594,-4.2386016845703125,0.07896819710731506,-0.03548372536897659,0.9346597194671631,,,
,,,,,,,37000.0,32767.0,90.0
274.184,4.990055084228516,1.292908787727356,-1.157166600227356,0.10157819092273712,0.12793733179569244,0.9706280827522278,,,
,,,,,,,32767.0,32767.0,90.0
274.194,-11.128212928771973,0.4406573474407196,1.1702382564544678,0.0623999759554863,0.147862508893013,0.9795060157775879,,,
,,,,,,,32767.0,32767.0,90.0
274.204,-8.042630195617676,1.2671316862106323,0.8506993651390076,0.07607223093509674,0.0009018256096169353,0.9920533299446106,,,
,,,,,,,32767.0,32767.0,90.0
274.214,2.815342903137207,1.2545520067214966,-0.3122696280479431,0.054930251091718674,-0.03333960473537445,1.033332109451294,,,
,,,,,,,32767.0,32767.0,90.0
274.224,4.699672698974609,-2.04620623588562,0.28575465083122253,0.05681799724698067,0.036186832934617996,1.0432207584381104,,,
,,,,,,,32767.0,32767.0,90.0
274.234,-0.38743308186531067,-0.970639169216156,-0.11953073740005493,0.06495403498411179,0.05113515630364418,1.003186821937561,,,
,,,,,,,32767.0,32767.0,90.0
274.244,-1.25136137008667,2.0222365856170654,-1.1134783029556274,0.06283630430698395,0.029940670356154442,0.9721354842185974,,,
,,,,,,,32767.0,32767.0,90.0
274.254,-1.2397340536117554,-0.7673171758651733,-0.37458518147468567,0.06699574738740921,0.050390008836984634,1.0026975870132446,,,
,,,,,,,32767.0,29000.0,90.0
274.264,2.6210927963256836,-0.525367259979248,0.9584497809410095,0.06171747297048569,0.033537689596414566,1.0054939985275269,,,
,,,,,,,30000.0,29000.0,90.0
274.274,-1.2200011014938354,0.4121084213256836,0.3023146390914917,0.06194089353084564,0.02113109454512596,1.0030378103256226,,,
,,,,,,,30000.0,29000.0,90.0
274.284,8.051530838012695,-1.2006276845932007,-0.3614058196544647,0.06852910667657852,0.027991434559226036,1.0082560777664185,,,
,,,,,,,30000.0,29000.0,90.0
274.294,-6.407792568206787,1.7025166749954224,-0.36870768666267395,0.06550106406211853,0.05580363795161247,0.9774624705314636,,,
,,,,,,,30000.0,29000.0,90.0
274.304,-14.229129791259766,0.4299992322921753,0.16297651827335358,0.05750633031129837,0.05658368021249771,1.024017095565796,,,
,,,,,,,30000.0,29000.0,90.0
274.314,11.12018871307373,-1.5769460201263428,1.339435338973999,0.06340023130178452,-0.010789606720209122,1.016320824623108,,,
,,,,,,,30000.0,29000.0,90.0
274.324,-3.032864570617676,1.143131971359253,-2.3436944484710693,0.06697666645050049,0.015073234215378761,0.9896106123924255,,,
,,,,,,,30000.0,29000.0,90.0
274.334,6.01282262802124,-2.0902576446533203,0.4821617305278778,0.06309819221496582,0.07076021283864975,1.0050241947174072,,,
,,,,,,,30000.0,29000.0,90.0
274.344,0.8691686391830444,-0.7104465365409851,0.5835565328598022,0.06569507718086243,0.03957030922174454,0.9724850058555603,,,
,,,,,,,30000.0,29000.0,90.0
274.354,-1.8671382665634155,1.3635146617889404,-0.2209218144416809,0.06806894391775131,0.02548629604279995,0.9967771172523499,,,
,,,,,,,28000.0,29000.0,90.0
274.364,0.1234949454665184,0.21305234730243683,0.6868807673454285,0.06747721880674362,0.037622466683387756,1.031762719154358,,,
,,,,,,,28000.0,29000.0,90.0
274.374,-4.159195899963379,-0.29569390416145325,-0.3181118667125702,0.059547074139118195,0.02701084315776825,1.0155439376831055,,,
,,,,,,,28000.0,29000.0,90.0
274.384,0.400644987821579,-0.7362208962440491,-0.0973445251584053,0.06346849352121353,0.028252124786376953,0.998162567615509,,,
,,,,,,,28000.0,29000.0,90.0
274.394,2.25536847114563,-0.17948290705680847,0.5035644769668579,0.06910282373428345,0.04357292130589485,0.9907768964767456,,,
,,,,,,,28000.0,29000.0,90.0
274.404,0.3207797706127167,0.6182305216789246,-0.06161729618906975,0.06436623632907867,0.033474985510110855,0.9936447739601135,,,
,,,,,,,28000.0,29000.0,90.0
274.414,-0.4362524151802063,0.023688586428761482,-0.3329791724681854,0.06382745504379272,0.029021333903074265,1.0132824182510376,,,
,,,,,,,28000.0,29000.0,90.0
274.424,-0.6991697549819946,-0.9668211936950684,0.12341713905334473,0.0653044655919075,0.03160303086042404,1.0107576847076416,,,
,,,,,,,28000.0,29000.0,90.0
274.434,-0.7152243852615356,-0.18138186633586884,0.09829750657081604,0.0659719705581665,0.030053047463297844,0.9998500943183899,,,
,,,,,,,28000.0,29000.0,90.0
274.444,0.23377758264541626,0.07032044231891632,0.03764894977211952,0.06355646252632141,0.033021241426467896,1.0003571510314941,,,
,,,,,,,26000.0,29000.0,90.0
274.454,-0.60317462682724,-0.24111230671405792,-0.15875953435897827,0.06390269100666046,0.03429790586233139,1.0038535594940186,,,
,,,,,,,26000.0,29000.0,90.0
274.464,0.4071020483970642,-0.19258564710617065,-0.1612529456615448,0.06337609142065048,0.0314541831612587,1.0047537088394165,,,
,,,,,,,26000.0,29000.0,90.0
274.474,1.3223413228988647,-0.07505103200674057,-0.05179141089320183,0.0637221708893776,0.0355042926967144,1.0001364946365356,,,
,,,,,,,26000.0,29000.0,90.0
274.484,-0.42601802945137024,-0.30880698561668396,0.3842296302318573,0.06638994812965393,0.035387445241212845,0.996692419052124,,,
,,,,,,,26000.0,29000.0,90.0
274.494,1.340113639831543,3.1485240015172167e-06,0.1528758704662323,0.06572052836418152,0.0326005257666111,1.003425121307373,,,
,,,,,,,26000.0,29000.0,90.0
274.504,-3.0555922985076904,1.552221655845642,-0.4189456105232239,0.061605095863342285,0.033626046031713486,1.0077245235443115,,,
,,,,,,,26000.0,29000.0,90.0
274.514,-2.4335269927978516,-0.2746092677116394,-0.01894904486835003,0.0654662549495697,0.033393535763025284,1.014918327331543,,,
,,,,,,,26000.0,29000.0,90.0
274.524,3.1460556983947754,-1.1992329359054565,0.18651854991912842,0.06786351650953293,0.027003303170204163,0.996872067451477,,,
,,,,,,,23000.0,29000.0,90.0
274.534,2.2580976486206055,-0.22473150491714478,0.042270150035619736,0.06695307046175003,0.036064423620700836,0.9842116832733154,,,
,,,,,,,23000.0,29000.0,90.0
274.544,0.14235781133174896,0.7259527444839478,-0.017583230510354042,0.06928248703479767,0.04366728663444519,1.00214684009552,,,
,,,,,,,23000.0,29000.0,90.0
274.554,-2.2429261207580566,0.08755476772785187,-0.04561016708612442,0.06291040778160095,0.029586290940642357,1.0153262615203857,,,
,,,,,,,23000.0,29000.0,90.0
274.564,-1.3236995935440063,-0.6196393966674805,-0.1944921910762787,0.06602679938077927,0.028011491522192955,1.009774923324585,,,
,,,,,,,23000.0,29000.0,90.0
274.574,2.3793983459472656,-0.7267550230026245,0.3583638072013855,0.06495225429534912,0.03642134368419647,1.0025646686553955,,,
,,,,,,,23000.0,29000.0,90.0
274.584,-1.0340139865875244,1.1578084230422974,-0.13236811757087708,0.06518325954675674,0.03688475862145424,0.9976193904876709,,,
,,,,,,,23000.0,29000.0,90.0
274.594,-3.1038460731506348,0.33702439069747925,-0.6886929869651794,0.06472957134246826,0.038433656096458435,1.0080335140228271,,,
,,,,,,,23000.0,29000.0,90.0
274.604,0.6158474087715149,-1.1575020551681519,-0.37575390934944153,0.06661897897720337,0.03158394992351532,1.0009286403656006,,,
,,,,,,,23000.0,32767.0,90.0
274.614,2.4018514156341553,-0.3591448962688446,0.30729174613952637,0.06665434688329697,0.02664046175777912,0.9913405179977417,,,
,,,,,,,13000.0,32767.0,90.0
274.624,2.062351703643799,-0.07237923890352249,0.173043891787529,0.06612487137317657,0.036061231046915054,1.0010876655578613,,,
,,,,,,,13000.0,32767.0,90.0
274.634,-1.6176151037216187,0.19827112555503845,-0.20750093460083008,0.062826968729496,0.03364540636539459,1.008355736732483,,,
,,,,,,,13000.0,32767.0,90.0
274.644,-5.538121700286865,-0.2000216543674469,-0.033699680119752884,0.0681561827659607,0.03197871521115303,1.0020081996917725,,,
,,,,,,,13000.0,32767.0,90.0
274.654,-3.125540256500244,0.4265143871307373,1.2405931949615479,0.06961560249328613,0.042911700904369354,1.0106345415115356,,,
,,,,,,,13000.0,32767.0,90.0
274.664,7.942305564880371,-0.25457513332366943,-0.4077116549015045,0.0680849552154541,0.008133829571306705,1.0095455646514893,,,
,,,,,,,13000.0,32767.0,90.0
274.674,7.91265344619751,0.8204192519187927,-0.7021747827529907,0.06362359970808029,0.02664024569094181,0.9872228503227234,,,
,,,,,,,13000.0,32767.0,90.0
274.684,-10.63131332397461,0.23934417963027954,-0.8531609177589417,0.0625329464673996,0.08160866051912308,1.012871503829956,,,
,,,,,,,13000.0,37000.0,90.0
274.694,1.923267126083374,-1.5767724514007568,1.7118648290634155,0.06797324120998383,0.03146374970674515,0.9968602061271667,,,
,,,,,,,5000.0,37000.0,90.0
274.704,-4.457212448120117,0.5297936201095581,-0.5265758633613586,0.06986997276544571,0.009645349346101284,0.9873541593551636,,,
,,,,,,,5000.0,37000.0,90.0
274.714,5.408599853515625,-0.773357093334198,0.5303444862365723,0.06605028361082077,0.04261812940239906,1.0150731801986694,,,
,,,,,,,5000.0,37000.0,90.0
274.724,-9.916483879089355,1.9747755527496338,-1.3147106170654297,0.0674796774983406,0.040240414440631866,1.00440514087677,,,
,,,,,,,5000.0,37000.0,90.0
274.734,0.5332528352737427,-1.0966817140579224,-1.3050329685211182,0.06190011277794838,0.018238352611660957,1.0278435945510864,,,
,,,,,,,5000.0,37000.0,90.0
274.744,22.457868576049805,-1.585035800933838,-0.09207680076360703,0.06678254902362823,0.0046179997734725475,0.9883721470832825,,,
,,,,,,,5000.0,37000.0,90.0
274.754,-8.310813903808594,1.0140509605407715,-0.9293063879013062,0.06841259449720383,0.07267679274082184,0.9737226366996765,,,
,,,,,,,5000.0,37000.0,90.0
274.764,-3.090257406234741,-0.7015101313591003,1.9138274192810059,0.06147176772356033,0.06960910558700562,1.015236496925354,,,
,,,,,,,5000.0,37000.0,90.0
274.774,-6.817852020263672,0.32445529103279114,0.36222773790359497,0.06668557971715927,0.002165385754778981,1.0002094507217407,,,
,,,,,,,5000.0,41000.0,90.0
274.784,-4.955273628234863,0.22511468827724457,-1.058858871459961,0.06332986801862717,0.01944766938686371,1.0281795263290405,,,
,,,,,,,3000.0,41000.0,90.0
274.794,7.2715067863464355,-1.7917605638504028,0.5563352108001709,0.06200776249170303,0.0372406542301178,1.0101158618927002,,,
,,,,,,,3000.0,41000.0,90.0
274.804,-4.979793071746826,0.8268181681632996,-0.7652665376663208,0.06764233857393265,0.03717772662639618,0.9807505011558533,,,
,,,,,,,3000.0,41000.0,90.0
274.814,6.976952075958252,-1.213930606842041,0.072333425283432,0.06038227677345276,0.033733416348695755,1.0131438970565796,,,
,,,,,,,3000.0,41000.0,90.0
274.824,12.075194358825684,-0.33611980080604553,-0.40090879797935486,0.06656871736049652,0.01596345566213131,0.9910138249397278,,,
,,,,,,,3000.0,41000.0,90.0
274.834,-0.7128632068634033,1.4733455181121826,1.7374359369277954,0.07045912742614746,0.05496612563729286,0.9945995807647705,,,
,,,,,,,3000.0,41000.0,90.0
274.844,-11.410550117492676,-0.46700841188430786,0.1317002922296524,0.05899640917778015,0.0628388300538063,1.022512674331665,,,
,,,,,,,3000.0,41000.0,90.0
274.854,-3.7737135887145996,-0.31856945157051086,-0.07361289113759995,0.06425721943378448,0.004493348300457001,1.0109531879425049,,,
,,,,,,,3000.0,44000.0,90.0
274.864,-1.2250796556472778,0.6289376616477966,-0.3071909546852112,0.0642729178071022,0.016673490405082703,1.0013859272003174,,,
,,,,,,,3000.0,44000.0,90.0
274.874,2.8024563789367676,-0.8782491087913513,-0.26105502247810364,0.063402459025383,0.04868495464324951,1.0039567947387695,,,
,,,,,,,3000.0,44000.0,90.0
274.884,2.340658187866211,0.22632628679275513,0.1491267830133438,0.07190590351819992,0.04156540706753731,0.977325975894928,,,
,,,,,,,3000.0,44000.0,90.0
274.894,-5.319657802581787,-0.19151900708675385,-0.32507914304733276,0.06446492671966553,0.044637326151132584,1.0097620487213135,,,
,,,,,,,3000.0,44000.0,90.0
274.904,12.742504119873047,-2.611438274383545,-0.006044355686753988,0.06144604831933975,0.012333627790212631,1.0169414281845093,,,
,,,,,,,3000.0,44000.0,90.0
274.914,7.46104097366333,1.8144139051437378,2.029677152633667,0.06891805678606033,0.026804927736520767,0.9703729748725891,,,
,,,,,,,3000.0,44000.0,90.0
274.924,-7.942026138305664,0.5338469743728638,-0.5197737216949463,0.07571212947368622,0.07782398909330368,1.0074087381362915,,,
,,,,,,,3000.0,44000.0,90.0
274.934,-13.309188842773438,0.6916050314903259,0.7921915054321289,0.055690061300992966,0.0371328629553318,1.0292026996612549,,,
,,,,,,,3000.0,44000.0,90.0
274.944,3.7468059062957764,-0.9235043525695801,-0.14009307324886322,0.06269925087690353,-0.020071497187018394,1.006382703781128,,,
,,,,,,,5000.0,48000.0,90.0
274.954,-0.23229388892650604,0.02544672042131424,-0.7065798044204712,0.06547829508781433,0.033056728541851044,0.996850848197937,,,
,,,,,,,5000.0,48000.0,90.0
274.964,0.010572169907391071,-0.42454373836517334,0.6387996673583984,0.0621347650885582,0.06494622677564621,0.9968502521514893,,,
,,,,,,,5000.0,48000.0,90.0
274.974,-4.5214715003967285,0.09061422199010849,-0.7884439826011658,0.07018277794122696,0.029510006308555603,0.9971969723701477,,,
,,,,,,,5000.0,48000.0,90.0
274.984,6.723085403442383,-2.4595277309417725,-0.750000536441803,0.06492893397808075,0.0182654969394207,1.028915524482727,,,
,,,,,,,5000.0,48000.0,90.0
274.994,16.577665328979492,-2.708543300628662,-0.24457409977912903,0.06138449162244797,0.026793425902724266,0.9897500872612,,,
,,,,,,,5000.0,48000.0,90.0
275.004,7.326601505279541,2.200737714767456,4.055270195007324,0.06887877732515335,0.06271037459373474,0.9566656947135925,,,
,,,,,,,5000.0,48000.0,90.0
275.014,-4.4856276512146,2.227701425552368,1.848561406135559,0.0798848494887352,0.0817750096321106,0.996123731136322,,,
,,,,,,,5000.0,48000.0,90.0
275.024,-27.1589412689209,2.9695029258728027,-0.481903612613678,0.05717577412724495,0.03776059299707413,1.0230869054794312,,,
,,,,,,,5000.0,51000.0,90.0
275.034,-0.8439531326293945,-2.0412535667419434,0.5619609951972961,0.05138474702835083,-0.010372701101005077,1.0605336427688599,,,
,,,,,,,14000.0,51000.0,90.0
275.044,8.122312545776367,-1.101131558418274,-0.13525870442390442,0.05541817471385002,-0.014472629874944687,1.00728178024292,,,
,,,,,,,14000.0,51000.0,90.0
275.054,2.8090436458587646,-1.1161937713623047,-3.3133435249328613,0.06280537694692612,0.04652441293001175,0.9856456518173218,,,
,,,,,,,14000.0,51000.0,90.0
275.064,0.8963242769241333,-0.22552183270454407,1.3685258626937866,0.0766277015209198,0.08126598596572876,0.9813621640205383,,,
,,,,,,,14000.0,51000.0,90.0
275.074,-6.121525764465332,-0.18598957359790802,-0.7937291860580444,0.07153651863336563,0.04789596050977707,0.9852703213691711,,,
,,,,,,,14000.0,51000.0,90.0
275.084,2.1397268772125244,-0.895757257938385,-0.3963852524757385,0.06489760428667068,0.02049274928867817,1.0169239044189453,,,
,,,,,,,14000.0,51000.0,90.0
275.094,12.407383918762207,-0.8146506547927856,0.03281090781092644,0.06540904194116592,0.016134824603796005,1.0024538040161133,,,
,,,,,,,14000.0,51000.0,90.0
275.104,2.8372817039489746,1.1606718301773071,0.5007933974266052,0.07372019439935684,0.04497944936156273,0.9834814071655273,,,
,,,,,,,14000.0,51000.0,90.0
275.114,-5.189336776733398,1.3187835216522217,0.6023426651954651,0.06693653017282486,0.060849569737911224,0.9988124370574951,,,
,,,,,,,14000.0,52000.0,90.0
275.124,-10.992796897888184,1.1617977619171143,-0.11002230644226074,0.053320422768592834,0.03255172073841095,1.0168877840042114,,,
,,,,,,,27000.0,52000.0,90.0
275.134,-4.137025833129883,-0.19405467808246613,-0.09609906375408173,0.06192057952284813,0.009848209097981453,1.0266494750976562,,,
,,,,,,,27000.0,52000.0,90.0
275.144,4.312221050262451,-0.8800491094589233,-1.5781511068344116,0.06179391220211983,0.013858639635145664,1.014012098312378,,,
,,,,,,,27000.0,52000.0,90.0
275.154,3.2710964679718018,-2.422157049179077,-1.3175066709518433,0.07673775404691696,0.03503568843007088,1.0082615613937378,,,
,,,,,,,27000.0,52000.0,90.0
275.164,1.7906570434570312,-1.1416865587234497,-1.1151314973831177,0.0667400062084198,0.05404907092452049,0.9921978712081909,,,
,,,,,,,27000.0,52000.0,90.0
275.174,-0.8249083161354065,-0.1909315139055252,-0.05283758416771889,0.06357939541339874,0.052424877882003784,0.9625345468521118,,,
,,,,,,,27000.0,52000.0,90.0
275.184,6.426255226135254,-0.06788822263479233,2.794353723526001,0.07500112056732178,0.04212592542171478,0.979869544506073,,,
,,,,,,,27000.0,52000.0,90.0
275.194,7.429035186767578,0.07731667906045914,1.223341703414917,0.08275901526212692,0.023427920415997505,1.00026273727417,,,
,,,,,,,27000.0,54000.0,90.0
275.204,-8.341829299926758,3.722550630569458,-1.2838218212127686,0.06669425964355469,0.03711514547467232,1.0117758512496948,,,
,,,,,,,32767.0,54000.0,90.0
275.214,-6.635022163391113,0.4874133765697479,-0.3720274865627289,0.038638874888420105,0.04476974159479141,1.0426523685455322,,,
,,,,,,,32767.0,54000.0,90.0
275.224,-2.7860472202301025,0.32980895042419434,-0.026003360748291016,0.05090756341814995,0.012435421347618103,1.0340722799301147,,,
,,,,,,,32767.0,54000.0,90.0
275.234,-2.1243369579315186,-1.9914885759353638,-0.3822559714317322,0.06309975683689117,0.016649622470140457,1.0134302377700806,,,
,,,,,,,32767.0,54000.0,90.0
275.244,5.034719467163086,-3.8094122409820557,-2.429478645324707,0.0649995356798172,0.04262949898838997,0.9970972537994385,,,
,,,,,,,32767.0,54000.0,90.0
275.254,-7.793941497802734,2.018904209136963,0.039792150259017944,0.07975916564464569,0.05886636674404144,0.9670683145523071,,,
,,,,,,,32767.0,54000.0,90.0
275.264,15.787498474121094,-4.409734725952148,1.8366070985794067,0.07733797281980515,0.03750195726752281,0.9633568525314331,,,
,,,,,,,32767.0,54000.0,90.0
275.274,12.25013256072998,5.6840925216674805,2.457765817642212,0.09774813801050186,0.02243443764746189,0.9477403163909912,,,
,,,,,,,32767.0,54000.0,90.0
275.284,-22.032428741455078,4.134397029876709,-1.986594796180725,0.053814779967069626,0.07066945731639862,1.0388882160186768,,,
,,,,,,,32767.0,59000.0,90.0
275.294,13.83896541595459,-5.441986560821533,3.6288864612579346,0.017793286591768265,0.03751273825764656,1.1035884618759155,,,
,,,,,,,37000.0,59000.0,90.0
275.304,-9.358826637268066,-1.4904510974884033,-0.3736857771873474,0.05671181529760361,-0.02233234979212284,1.0073347091674805,,,
,,,,,,,37000.0,59000.0,90.0
275.314,-5.4676713943481445,0.01365564577281475,-1.1866360902786255,0.07179746776819229,0.03098543919622898,1.0103790760040283,,,
,,,,,,,37000.0,59000.0,90.0
275.324,4.031371593475342,-1.0445042848587036,-0.9257456660270691,0.0608072429895401,0.0640643760561943,0.983796238899231,,,
,,,,,,,37000.0,59000.0,90.0
275.334,-19.599449157714844,-0.154795303940773,-1.267594575881958,0.08128631860017776,0.054305531084537506,0.9820041656494141,,,
,,,,,,,37000.0,59000.0,90.0
275.344,15.185595512390137,-4.450003147125244,-2.219365119934082,0.07905902713537216,0.010762049816548824,0.9896103143692017,,,
,,,,,,,37000.0,59000.0,90.0
275.354,4.018057346343994,4.368158340454102,0.3810898959636688,0.06559326499700546,0.029441002756357193,0.9607967734336853,,,
,,,,,,,37000.0,59000.0,90.0
275.364,0.5423157215118408,-0.0846036821603775,1.1116387844085693,0.07165060937404633,0.06292622536420822,1.0299006700515747,,,
,,,,,,,37000.0,59000.0,90.0
275.374,4.497008323669434,-2.962958335876465,0.6285192370414734,0.06232140585780144,0.02494419366121292,1.0138121843338013,,,
,,,,,,,37000.0,61000.0,90.0
275.384,-7.459944248199463,2.7813215255737305,-1.3988211154937744,0.06333637982606888,0.036572229117155075,0.9912354350090027,,,
,,,,,,,41000.0,61000.0,90.0
275.394,2.928086996078491,0.032357607036828995,0.5215686559677124,0.056089989840984344,0.04889265075325966,1.0198804140090942,,,
,,,,,,,41000.0,61000.0,90.0
275.404,-2.2080841064453125,0.0003591450513340533,0.39686262607574463,0.07526254653930664,0.01489971112459898,1.0021299123764038,,,
,,,,,,,41000.0,61000.0,90.0
275.414,-2.348432779312134,-0.06360546499490738,-0.4765465259552002,0.063893161714077,0.026128223165869713,1.008154273033142,,,
,,,,,,,41000.0,61000.0,90.0
275.424,0.20996001362800598,0.4998244643211365,-0.7042823433876038,0.06230601295828819,0.045646633952856064,1.0014930963516235,,,
,,,,,,,41000.0,61000.0,90.0
275.434,-2.4007318019866943,-2.0325746536254883,-0.3522771894931793,0.06965278089046478,0.03604963794350624,0.9925909638404846,,,
,,,,,,,41000.0,61000.0,90.0
275.444,11.240828514099121,-0.36028361320495605,0.9330663681030273,0.06273005157709122,0.02121076174080372,0.9845115542411804,,,
,,,,,,,41000.0,61000.0,90.0
275.454,-7.310624599456787,1.4739501476287842,-0.37917470932006836,0.07316163182258606,0.04548598825931549,0.9986680746078491,,,
,,,,,,,41000.0,61000.0,90.0
275.464,1.7832649946212769,-0.29579874873161316,0.4414266049861908,0.0641048327088356,0.03884635493159294,1.026798129081726,,,
,,,,,,,41000.0,61000.0,90.0
275.474,-2.2362308502197266,-0.10025437921285629,-1.3528356552124023,0.06096253544092178,0.01759987697005272,1.0024973154067993,,,
,,,,,,,44000.0,61000.0,90.0
275.484,5.066928386688232,-1.5217398405075073,-0.12121056765317917,0.06427007913589478,0.03745998814702034,1.003570795059204,,,
,,,,,,,44000.0,61000.0,90.0
275.494,1.813570499420166,-0.17281723022460938,0.43231743574142456,0.066411092877388,0.04850223660469055,0.9842894077301025,,,
,,,,,,,44000.0,61000.0,90.0
275.504,-4.549395561218262,1.4494245052337646,-0.42514485120773315,0.06703203916549683,0.03821100294589996,0.9975395202636719,,,
,,,,,,,44000.0,61000.0,90.0
275.514,-3.5282788276672363,-1.489709734916687,-0.10796953737735748,0.060503508895635605,0.03319389000535011,1.0123971700668335,,,
,,,,,,,44000.0,61000.0,90.0
275.524,2.886876106262207,-0.1719350814819336,0.3382538855075836,0.0657443031668663,0.022663051262497902,1.001041293144226,,,
,,,,,,,44000.0,61000.0,90.0
275.534,-0.8407362103462219,0.10916049033403397,-0.04750732332468033,0.06762944906949997,0.034694854170084,1.0018720626831055,,,
,,,,,,,44000.0,61000.0,90.0
275.544,2.6724605560302734,-0.021368607878684998,-0.030755922198295593,0.059888795018196106,0.03966059908270836,1.0034171342849731,,,
,,,,,,,44000.0,61000.0,90.0
275.554,-3.716791868209839,-0.01751505210995674,-0.7999463677406311,0.06820326298475266,0.03361896052956581,1.0022140741348267,,,
,,,,,,,47000.0,61000.0,90.0
275.564,2.3997795581817627,-0.6158539652824402,0.3236221373081207,0.06295229494571686,0.03365686535835266,1.0039640665054321,,,
,,,,,,,47000.0,61000.0,90.0
275.574,-1.326505184173584,0.16747042536735535,-0.08378121256828308,0.06369151920080185,0.0318426750600338,1.00025475025177,,,
,,,,,,,47000.0,61000.0,90.0
275.584,0.4634622633457184,0.6083694100379944,-0.12023760378360748,0.061873435974121094,0.03454436734318733,1.0010048151016235,,,
,,,,,,,47000.0,61000.0,90.0
275.594,1.8907673358917236,-1.5762138366699219,-0.08651568740606308,0.06638145446777344,0.03735414519906044,1.0006860494613647,,,
,,,,,,,47000.0,61000.0,90.0
275.604,2.195202112197876,0.45624321699142456,0.3913555145263672,0.06778748333454132,0.03702808916568756,0.9911574125289917,,,
,,,,,,,47000.0,61000.0,90.0
275.614,-3.4562246799468994,0.8358526825904846,-0.06440658122301102,0.06858590990304947,0.038901183754205704,1.007021427154541,,,
,,,,,,,47000.0,61000.0,90.0
275.624,-1.1176341772079468,0.08181902021169662,0.1772419661283493,0.06056380271911621,0.03054322861135006,1.0147565603256226,,,
,,,,,,,47000.0,61000.0,90.0
275.634,-1.6585400104522705,-0.1475052684545517,-0.2213204801082611,0.0649278461933136,0.027576923370361328,1.0072723627090454,,,
,,,,,,,47000.0,61000.0,90.0
275.644,2.43683123588562,-0.9735984802246094,0.1537685990333557,0.06300313025712967,0.039820145815610886,0.9987781047821045,,,
,,,,,,,50000.0,61000.0,90.0
275.654,-0.04169727489352226,0.3432731628417969,0.1857791393995285,0.06667643785476685,0.04029957205057144,0.9920111894607544,,,
,,,,,,,50000.0,61000.0,90.0
275.664,-0.5333614945411682,0.5565771460533142,-0.14891716837882996,0.06438112258911133,0.03494008630514145,1.005020022392273,,,
,,,,,,,50000.0,61000.0,90.0
275.674,-0.9313834309577942,-0.2143307328224182,0.04933123290538788,0.062167391180992126,0.033090174198150635,1.0126228332519531,,,
,,,,,,,50000.0,61000.0,90.0
275.684,-0.6521097421646118,-0.13432122766971588,-0.26240724325180054,0.059995587915182114,0.03699709102511406,1.0045443773269653,,,
,,,,,,,50000.0,61000.0,90.0
275.694,5.048848628997803,-1.3509818315505981,0.21583044528961182,0.06721120327711105,0.03550594300031662,0.9975651502609253,,,
,,,,,,,50000.0,61000.0,90.0
275.704,-1.290964126586914,0.4921947717666626,0.08369893580675125,0.06566718965768814,0.04091096669435501,0.9895455241203308,,,
,,,,,,,50000.0,61000.0,90.0
275.714,-0.9813677072525024,0.7927227020263672,0.112794890999794,0.06585319340229034,0.038559332489967346,1.011474609375,,,
,,,,,,,50000.0,61000.0,90.0
275.724,-1.2035921812057495,0.02300206944346428,-0.2674446105957031,0.05948895588517189,0.02403946779668331,1.0106925964355469,,,
,,,,,,,50000.0,60000.0,90.0
275.734,-0.39256900548934937,-0.7863430380821228,-0.25505542755126953,0.06339763849973679,0.02945089340209961,1.0088722705841064,,,
,,,,,,,51000.0,60000.0,90.0
275.744,1.7682344913482666,-0.7505385279655457,0.38799554109573364,0.06702679395675659,0.0389522947371006,0.9959462285041809,,,
,,,,,,,51000.0,60000.0,90.0
275.754,-1.791468858718872,0.005098458379507065,-0.008715810254216194,0.06592538952827454,0.03464855998754501,0.9925033450126648,,,
,,,,,,,51000.0,60000.0,90.0
275.764,-0.017567135393619537,0.17860303819179535,-0.07327596098184586,0.0632413774728775,0.0341678224503994,1.0030971765518188,,,
,,,,,,,51000.0,60000.0,90.0
275.774,1.2195932865142822,-0.06219452992081642,-0.3054783046245575,0.05878124013543129,0.03355289250612259,1.010217308998108,,,
,,,,,,,51000.0,60000.0,90.0
275.784,1.78529691696167,-0.4880826473236084,-0.1853819638490677,0.06480424851179123,0.03334490582346916,1.0032471418380737,,,
,,,,,,,51000.0,60000.0,90.0
275.794,0.37343913316726685,0.5177589654922485,-0.4024890661239624,0.06977511197328568,0.039813343435525894,0.9963513016700745,,,
,,,,,,,51000.0,60000.0,90.0
275.804,-1.6773442029953003,0.15438394248485565,0.037752192467451096,0.06499829888343811,0.042341820895671844,1.0021283626556396,,,
,,,,,,,51000.0,57000.0,90.0
275.814,-0.031391799449920654,-0.08042652159929276,0.4709705114364624,0.0646582767367363,0.03219442814588547,1.0086309909820557,,,
,,,,,,,53000.0,57000.0,90.0
275.824,0.35140129923820496,-0.1685722917318344,0.04729634150862694,0.0641823336482048,0.029916396364569664,1.0091891288757324,,,
,,,,,,,53000.0,57000.0,90.0
275.834,-0.5598318576812744,0.09804967045783997,-0.11222030967473984,0.06373822689056396,0.037283070385456085,1.0037622451782227,,,
,,,,,,,53000.0,57000.0,90.0
275.844,-0.07850749790668488,-0.07274344563484192,0.0969933345913887,0.06206538528203964,0.0361156240105629,1.000733733177185,,,
,,,,,,,53000.0,57000.0,90.0
275.854,1.7061142921447754,-1.0639418363571167,-0.3270075023174286,0.06876013427972794,0.031042257323861122,1.0004361867904663,,,
,,,,,,,53000.0,57000.0,90.0
275.864,0.729293704032898,0.0628647431731224,0.23281390964984894,0.06754644215106964,0.03743785247206688,0.992311954498291,,,
,,,,,,,53000.0,57000.0,90.0
275.874,-4.220396995544434,0.6829935312271118,0.11571193486452103,0.0653841495513916,0.043408896774053574,1.0057679414749146,,,
,,,,,,,53000.0,57000.0,90.0
275.884,-2.19083571434021,0.13512665033340454,0.01621854677796364,0.06105243042111397,0.028040198609232903,1.0136014223098755,,,
,,,,,,,53000.0,57000.0,90.0
275.894,-0.0014045689022168517,-0.7056528925895691,-0.22684012353420258,0.06283028423786163,0.024574676528573036,1.0101003646850586,,,
,,,,,,,53000.0,54000.0,90.0
275.904,3.392857074737549,-0.8693159818649292,0.026983505114912987,0.06644116342067719,0.03874496743083,0.9957481026649475,,,
,,,,,,,57000.0,54000.0,90.0
275.914,0.7416746020317078,-0.190555602312088,0.17919260263442993,0.06936192512512207,0.04240497201681137,0.9900352954864502,,,
,,,,,,,57000.0,54000.0,90.0
275.924,0.9864113330841064,-0.769639253616333,-0.2034573256969452,0.06360475718975067,0.030877651646733284,1.0096092224121094,,,
,,,,,,,57000.0,54000.0,90.0
275.934,1.2944084405899048,-0.9737707376480103,-0.48271265625953674,0.061911121010780334,0.023624304682016373,1.0098408460617065,,,
,,,,,,,57000.0,54000.0,90.0
275.944,-0.8204084038734436,1.190127968788147,-0.5957195162773132,0.06532458961009979,0.039532050490379333,0.9917967319488525,,,
,,,,,,,57000.0,54000.0,90.0
275.954,-2.1648757457733154,-0.5442368388175964,0.5491225719451904,0.06547264754772186,0.05013358220458031,0.997786819934845,,,
,,,,,,,57000.0,54000.0,90.0
275.964,-4.621298313140869,0.5604844689369202,0.7780853509902954,0.06457273662090302,0.03259284049272537,1.0019673109054565,,,
,,,,,,,57000.0,54000.0,90.0
275.974,-1.9278706312179565,0.5730734467506409,-0.3861151337623596,0.06543134152889252,0.026110218837857246,1.0171386003494263,,,
,,,,,,,57000.0,54000.0,90.0
275.984,3.61795973777771,-1.1937475204467773,-0.3061221241950989,0.06071557477116585,0.03001371957361698,1.0084294080734253,,,
,,,,,,,57000.0,51000.0,90.0
275.994,3.336413860321045,-0.7983259558677673,-0.1873960942029953,0.066867895424366,0.03711213171482086,0.9903879761695862,,,
,,,,,,,60000.0,51000.0,90.0
276.004,5.685809135437012,-0.9547451734542847,0.24403445422649384,0.0651809498667717,0.04181281104683876,1.0018339157104492,,,
,,,,,,,60000.0,51000.0,90.0
276.014,0.9233787655830383,-0.7766431570053101,-0.25322750210762024,0.06478679925203323,0.033563364297151566,0.9923502802848816,,,
,,,,,,,60000.0,51000.0,90.0
276.024,-3.892457962036133,1.8179256916046143,-0.07365540415048599,0.06493057310581207,0.042267028242349625,0.989905595779419,,,
,,,,,,,60000.0,51000.0,90.0
276.034,-6.083503246307373,0.5478072762489319,0.4109107255935669,0.06508860737085342,0.04365908354520798,1.0114775896072388,,,
,,,,,,,60000.0,51000.0,90.0
276.044,-7.532597541809082,0.3778204619884491,0.5752303004264832,0.060128048062324524,0.02140870690345764,1.017653226852417,,,
,,,,,,,60000.0,51000.0,90.0
276.054,1.012229084968567,-0.8556743264198303,-1.667973279953003,0.060046613216400146,0.011359799653291702,1.017317533493042,,,
,,,,,,,60000.0,51000.0,90.0
276.064,4.370950698852539,-1.0892566442489624,-0.1767999827861786,0.06895438581705093,0.03085232526063919,0.9964775443077087,,,
,,,,,,,60000.0,44000.0,90.0
276.074,5.7561869621276855,-0.9270594120025635,0.026468796655535698,0.06610171496868134,0.05167748034000397,0.9808309674263,,,
,,,,,,,60000.0,44000.0,90.0
276.084,1.002081036567688,0.017613094300031662,-0.2695561945438385,0.06625786423683167,0.04405868053436279,0.9884786605834961,,,
,,,,,,,60000.0,44000.0,90.0
276.094,-0.2022564560174942,-0.02965005859732628,0.0002159208816010505,0.06640683859586716,0.03542602062225342,1.0140626430511475,,,
,,,,,,,60000.0,44000.0,90.0
276.104,4.749386310577393,-3.6534972190856934,0.2500269412994385,0.06140057370066643,0.02595575526356697,1.0346206426620483,,,
,,,,,,,60000.0,44000.0,90.0
276.114,10.992324829101562,-0.9312925338745117,2.6620445251464844,0.05371078476309776,0.022533543407917023,0.9683172702789307,,,
,,,,,,,60000.0,44000.0,90.0
276.124,-0.48574113845825195,7.3636603355407715,5.413365840911865,0.10201706737279892,0.07643138617277145,0.9464029669761658,,,
,,,,,,,60000.0,44000.0,90.0
276.134,-53.26496505737305,4.80393123626709,-4.664546966552734,0.09942615777254105,0.10558214783668518,1.0024579763412476,,,
,,,,,,,60000.0,44000.0,90.0
276.144,-29.990493774414062,-3.4778106212615967,-5.7882490158081055,0.01869218423962593,-0.005424249451607466,1.112199306488037,,,
,,,,,,,60000.0,37000.0,90.0
276.154,38.90007019042969,-7.8944993019104,0.4310652017593384,0.005726008675992489,-0.12552861869335175,1.0647202730178833,,,
,,,,,,,55000.0,37000.0,90.0
276.164,48.846412658691406,-3.1967077255249023,-1.6171239614486694,0.09598995000123978,-0.04705829545855522,0.9432349801063538,,,
,,,,,,,55000.0,37000.0,90.0
276.174,4.527313232421875,0.714792788028717,-3.745971918106079,0.11378300935029984,0.17002345621585846,0.9104225635528564,,,
,,,,,,,55000.0,37000.0,90.0
276.184,-16.527677536010742,0.13491594791412354,1.348244547843933,0.08038584887981415,0.22765672206878662,0.9814754724502563,,,
,,,,,,,55000.0,37000.0,90.0
276.194,3.59257435798645,6.804928302764893,11.050649642944336,0.06894298642873764,0.032005466520786285,0.970948338508606,,,
,,,,,,,55000.0,37000.0,90.0
276.204,-20.12655258178711,5.071224689483643,-0.26584136486053467,0.06866740435361862,-0.05276327580213547,1.0072234869003296,,,
,,,,,,,55000.0,37000.0,90.0
276.214,-53.96970748901367,0.804407000541687,-4.587031841278076,0.0637623518705368,0.030597954988479614,1.1279840469360352,,,
,,,,,,,55000.0,37000.0,90.0
276.224,30.94861602783203,-10.167435646057129,-3.9952340126037598,0.002923425752669573,-0.04510042816400528,1.0964765548706055,,,
,,,,,,,55000.0,37000.0,90.0
276.234,44.752723693847656,-2.5132970809936523,2.916248083114624,0.051388829946517944,-0.06106982007622719,0.91208416223526,,,
,,,,,,,55000.0,32767.0,90.0
276.244,4.822862148284912,2.0725526809692383,-4.766629219055176,0.13904350996017456,0.09235860407352448,0.9289113879203796,,,
,,,,,,,47000.0,32767.0,90.0
276.254,-16.70924949645996,2.072850227355957,-1.8674418926239014,0.07273874431848526,0.20187248289585114,0.9831352233886719,,,
,,,,,,,47000.0,32767.0,90.0
276.264,-19.676708221435547,1.0513286590576172,1.0304096937179565,0.04899744689464569,0.08078490197658539,1.0157976150512695,,,
,,,,,,,47000.0,32767.0,90.0
276.274,4.826727867126465,-0.8425766825675964,5.483829975128174,0.07973869889974594,-0.06759889423847198,0.9917826652526855,,,
,,,,,,,47000.0,32767.0,90.0
276.284,-3.7430307865142822,-0.3470490872859955,-3.998128652572632,0.06679999828338623,-0.022977503016591072,1.017765760421753,,,
,,,,,,,47000.0,32767.0,90.0
276.294,5.0253496170043945,4.514156818389893,-3.9118456840515137,0.05845984071493149,0.04498067498207092,1.0266828536987305,,,
,,,,,,,47000.0,32767.0,90.0
276.304,6.45204496383667,-3.835747480392456,1.8944282531738281,0.04691019281744957,0.0742867961525917,1.0403224229812622,,,
,,,,,,,47000.0,32767.0,90.0
276.314,-5.534328937530518,1.0760245323181152,-0.65007084608078,0.06705810129642487,0.03610801696777344,0.987203061580658,,,
,,,,,,,47000.0,30000.0,90.0
276.324,-6.691967010498047,-0.9140937924385071,-1.9437835216522217,0.07822157442569733,0.037608202546834946,0.980589747428894,,,
,,,,,,,39000.0,30000.0,90.0
276.334,6.309344291687012,-0.3849698007106781,1.0653700828552246,0.06794357299804688,0.038929618895053864,0.9887568950653076,,,
,,,,,,,39000.0,30000.0,90.0
276.344,6.975269317626953,0.7514315843582153,0.8066923022270203,0.06586857885122299,0.013472272083163261,0.9947304725646973,,,
,,,,,,,39000.0,30000.0,90.0
276.354,-1.296999216079712,0.42244040966033936,-0.821575939655304,0.062172532081604004,0.04546455666422844,1.0125014781951904,,,
,,,,,,,39000.0,30000.0,90.0
276.364,-12.179746627807617,-2.3148553371429443,-0.2533539831638336,0.06583037227392197,0.06495852023363113,1.0247184038162231,,,
,,,,,,,39000.0,30000.0,90.0
276.374,3.615142345428467,2.5891740322113037,-1.3891383409500122,0.06416917592287064,0.0007703167502768338,0.9952871203422546,,,
,,,,,,,39000.0,30000.0,90.0
276.384,-1.475633978843689,-1.863913893699646,0.7548359632492065,0.07981906831264496,0.016843268647789955,1.0111892223358154,,,
,,,,,,,39000.0,30000.0,90.0
276.394,8.075371742248535,-0.2226456254720688,0.5320752263069153,0.053901635110378265,0.06382104009389877,1.0003204345703125,,,
,,,,,,,39000.0,30000.0,90.0
276.404,-5.500200271606445,0.2092326283454895,-1.662524700164795,0.07260075956583023,0.036654334515333176,0.981238603591919,,,
,,,,,,,39000.0,29000.0,90.0
276.414,7.264039516448975,-0.3950406014919281,0.42764589190483093,0.06634963303804398,0.016246989369392395,0.9988442063331604,,,
,,,,,,,32767.0,29000.0,90.0
276.424,-0.8043743968009949,1.6258440017700195,0.3578427731990814,0.06312895566225052,0.03185359016060829,1.0141339302062988,,,
,,,,,,,32767.0,29000.0,90.0
276.434,-4.577608585357666,-0.47428205609321594,0.2639249265193939,0.058582209050655365,0.040218550711870193,1.022796392440796,,,
,,,,,,,32767.0,29000.0,90.0
276.444,-3.5431511402130127,-2.6252188682556152,0.21819689869880676,0.06825219839811325,0.02562410570681095,1.0020345449447632,,,
,,,,,,,32767.0,29000.0,90.0
276.454,3.5848026275634766,1.8042064905166626,-0.9865565896034241,0.07005090266466141,0.023118983954191208,0.9819827079772949,,,
,,,,,,,32767.0,29000.0,90.0
276.464,-2.7947516441345215,1.9261280298233032,0.771760880947113,0.0629972591996193,0.04022004082798958,1.0019433498382568,,,
,,,,,,,32767.0,29000.0,90.0
276.474,2.48671293258667,-1.3160984516143799,0.2946746349334717,0.06406611204147339,0.04617856442928314,1.0234041213989258,,,
,,,,,,,32767.0,29000.0,90.0
276.484,0.528511643409729,-0.5088589191436768,-1.1429741382598877,0.0659264549612999,0.021410511806607246,0.9933004379272461,,,
,,,,,,,32767.0,26000.0,90.0
276.494,3.380770683288574,-0.3421719968318939,0.3651568293571472,0.06935270130634308,0.03682074695825577,0.9948482513427734,,,
,,,,,,,32767.0,26000.0,90.0
276.504,0.2422162890434265,0.9683644771575928,1.3020113706588745,0.061824943870306015,0.0456601046025753,1.0062705278396606,,,
,,,,,,,32767.0,26000.0,90.0
276.514,-6.510918617248535,0.0013124346733093262,0.12721681594848633,0.06891483068466187,0.03125813603401184,1.019333839416504,,,
,,,,,,,32767.0,26000.0,90.0
276.524,4.369807720184326,-0.07654345780611038,-1.439929723739624,0.06113140657544136,0.024518322199583054,1.0061074495315552,,,
,,,,,,,32767.0,26000.0,90.0
276.534,-5.215592384338379,0.3333715796470642,-0.8669787645339966,0.06266161054372787,0.0512080118060112,0.9850716590881348,,,
,,,,,,,32767.0,26000.0,90.0
276.544,1.2607964277267456,-0.09610598534345627,0.9763931632041931,0.06622415035963058,0.03565471991896629,1.0081028938293457,,,
,,,,,,,32767.0,26000.0,90.0
276.554,3.0296053886413574,-0.15661002695560455,-0.0065935589373111725,0.06740616261959076,0.012709970586001873,1.0013118982315063,,,
,,,,,,,32767.0,26000.0,90.0
276.564,-1.6974976062774658,-0.029870755970478058,-1.0663597583770752,0.06403877586126328,0.041390594094991684,1.0088834762573242,,,
,,,,,,,32767.0,26000.0,90.0
276.574,1.890789270401001,-0.44955021142959595,0.1336464136838913,0.06388064473867416,0.04148846119642258,1.0050997734069824,,,
,,,,,,,32767.0,25000.0,90.0
276.584,-0.16931714117527008,0.12717503309249878,0.038135312497615814,0.06605371087789536,0.0216064490377903,0.9915677309036255,,,
,,,,,,,28000.0,25000.0,90.0
276.594,0.8417050838470459,-0.11460424959659576,-0.013059998862445354,0.0630602315068245,0.03757278621196747,1.0092171430587769,,,
,,,,,,,28000.0,25000.0,90.0
276.604,-2.4310646057128906,0.09947327524423599,-0.006039969623088837,0.0643087849020958,0.03697516769170761,1.0047755241394043,,,
,,,,,,,28000.0,25000.0,90.0
276.614,-1.651973009109497,-0.06876351684331894,-0.203591987490654,0.06536759436130524,0.031096164137125015,0.9960089921951294,,,
,,,,,,,28000.0,25000.0,90.0
276.624,-0.2824455201625824,-0.8163727521896362,0.2666562795639038,0.0704691931605339,0.03692072629928589,0.9987591505050659,,,
,,,,,,,28000.0,25000.0,90.0
276.634,4.9251251220703125,0.4855996072292328,0.50208580493927,0.07073183357715607,0.03250429406762123,1.0061124563217163,,,
,,,,,,,28000.0,25000.0,90.0
276.644,-2.94431209564209,1.6858729124069214,-1.3311136960983276,0.056188613176345825,0.028184249997138977,1.0036685466766357,,,
,,,,,,,28000.0,25000.0,90.0
276.654,-2.097968816757202,-1.8063336610794067,-0.34311389923095703,0.0682036429643631,0.04681302234530449,1.0204159021377563,,,
,,,,,,,28000.0,24000.0,90.0
276.664,3.588439464569092,-1.4046343564987183,0.8218896389007568,0.06579258292913437,0.032590121030807495,0.98741614818573,,,
,,,,,,,25000.0,24000.0,90.0
276.674,0.6763834953308105,1.0545295476913452,0.5265977382659912,0.07201147079467773,0.03096165880560875,0.9926548004150391,,,
,,,,,,,25000.0,24000.0,90.0
276.684,2.071627140045166,0.30758246779441833,-0.4262745976448059,0.07071716338396072,0.03753683343529701,1.0145865678787231,,,
,,,,,,,25000.0,24000.0,90.0
276.694,-5.730636119842529,0.38977473974227905,-0.9517643451690674,0.05880049616098404,0.03333166986703873,1.0072163343429565,,,
,,,,,,,25000.0,24000.0,90.0
276.704,-3.0893688201904297,-0.6633415222167969,0.4062936007976532,0.06207739934325218,0.033928144723176956,1.0105847120285034,,,
,,,,,,,25000.0,24000.0,90.0
276.714,5.542028427124023,-0.680814266204834,1.0724977254867554,0.06806308031082153,0.02323456108570099,0.9999894499778748,,,
,,,,,,,25000.0,24000.0,90.0
276.724,0.4492926001548767,0.6958787441253662,-0.5000045895576477,0.06817472726106644,0.027639945968985558,0.9933224320411682,,,
,,,,,,,25000.0,24000.0,90.0
276.734,-2.556405544281006,-0.26627764105796814,-0.6225906610488892,0.06274709850549698,0.04773445799946785,1.00737464427948,,,
,,,,,,,25000.0,24000.0,90.0
276.744,-0.170707568526268,-0.7460484504699707,0.007391083054244518,0.06532462686300278,0.028059665113687515,0.9977274537086487,,,
,,,,,,,25000.0,24000.0,90.0
276.754,1.957985520362854,0.367643803358078,0.14466412365436554,0.06469577550888062,0.019542783498764038,0.9970979690551758,,,
,,,,,,,16000.0,24000.0,90.0
276.764,1.2821379899978638,-0.09328853338956833,0.11368470638990402,0.06417332589626312,0.04242752119898796,1.0100446939468384,,,
,,,,,,,16000.0,24000.0,90.0
276.774,-2.179863452911377,0.05227283015847206,-0.501939594745636,0.06244325637817383,0.03962785005569458,1.0039843320846558,,,
,,,,,,,16000.0,24000.0,90.0
276.784,-2.429888963699341,-0.44949501752853394,-0.2691546678543091,0.0696588009595871,0.03238711133599281,0.994564414024353,,,
,,,,,,,16000.0,24000.0,90.0
276.794,5.10485315322876,1.384445309638977,1.0153334140777588,0.07406149804592133,0.034992802888154984,0.9986494183540344,,,
,,,,,,,16000.0,24000.0,90.0
276.804,-0.8410345315933228,1.5495727062225342,-0.02492390014231205,0.0706435814499855,0.029630063101649284,1.0008647441864014,,,
,,,,,,,16000.0,24000.0,90.0
276.814,-3.2223265171051025,0.6203597187995911,-1.073716402053833,0.053416669368743896,0.03858621418476105,1.0150166749954224,,,
,,,,,,,16000.0,24000.0,90.0
276.824,-1.523508906364441,-1.343346357345581,-0.13746026158332825,0.06184770166873932,0.03503469005227089,1.0154651403427124,,,
,,,,,,,16000.0,24000.0,90.0
276.834,2.0417428016662598,-0.48543620109558105,0.37153303623199463,0.06321568042039871,0.022176966071128845,0.9893503189086914,,,
,,,,,,,11000.0,24000.0,90.0
276.844,3.499866008758545,-0.2990288734436035,0.4198352098464966,0.06635401397943497,0.03661983460187912,0.9912538528442383,,,
,,,,,,,11000.0,24000.0,90.0
276.854,-0.6708240509033203,0.5735212564468384,0.23917852342128754,0.06853775680065155,0.04234063997864723,1.0023784637451172,,,
,,,,,,,11000.0,24000.0,90.0
276.864,-3.0913426876068115,1.0164737701416016,-0.6204104423522949,0.06646320968866348,0.03091592527925968,1.0066781044006348,,,
,,,,,,,11000.0,24000.0,90.0
276.874,1.3651597499847412,0.07778109610080719,-0.10006940364837646,0.061632558703422546,0.02599968947470188,1.0112892389297485,,,
,,,,,,,11000.0,24000.0,90.0
276.884,-0.2429586946964264,-0.07753806561231613,-0.18034465610980988,0.06128407269716263,0.036623306572437286,1.004995346069336,,,
,,,,,,,11000.0,24000.0,90.0
276.894,-0.0838497057557106,-0.4065988063812256,0.02335122600197792,0.06550520658493042,0.039558056741952896,0.9990774393081665,,,
,,,,,,,11000.0,24000.0,90.0
276.904,0.12888112664222717,-0.193496972322464,-0.053545862436294556,0.06561598181724548,0.03457123786211014,0.9950185418128967,,,
,,,,,,,11000.0,24000.0,90.0
276.914,0.29047223925590515,-0.062447190284729004,0.0411580465734005,0.0661192536354065,0.03208273649215698,1.0025012493133545,,,
,,,,,,,11000.0,24000.0,90.0
276.924,0.17970813810825348,-0.22780121862888336,0.10477358847856522,0.06503664702177048,0.02869773469865322,1.0048506259918213,,,
,,,,,,,4000.0,24000.0,90.0
276.934,-0.4090771973133087,0.125043585896492,-0.5691030621528625,0.06602390110492706,0.030630748718976974,1.0035473108291626,,,
,,,,,,,4000.0,24000.0,90.0
276.944,-0.18064545094966888,0.04339583218097687,-0.1829255074262619,0.06693924218416214,0.03513095900416374,1.0029513835906982,,,
,,,,,,,4000.0,24000.0,90.0
276.954,0.7269536256790161,0.05068212002515793,-0.03227232024073601,0.06806842982769012,0.0364442877471447,1.0015913248062134,,,
,,,,,,,4000.0,24000.0,90.0
276.964,-0.9275708794593811,0.022494254633784294,0.11916126310825348,0.06678377091884613,0.03485316038131714,1.002842903137207,,,
,,,,,,,4000.0,24000.0,90.0
276.974,1.1599339246749878,-0.2621053457260132,-0.10257416218519211,0.06589492410421371,0.03147786110639572,1.003671407699585,,,
,,,,,,,4000.0,24000.0,90.0
276.984,-0.031054750084877014,0.2280852198600769,-0.25809019804000854,0.0658811628818512,0.03607406094670296,1.0047448873519897,,,
,,,,,,,4000.0,24000.0,90.0
276.994,-0.8428966999053955,-0.38880038261413574,0.05050748959183693,0.06438174098730087,0.038347888737916946,1.0045270919799805,,,
,,,,,,,4000.0,27000.0,90.0
277.004,0.8017870187759399,0.16605448722839355,0.013357934542000294,0.06624055653810501,0.027114583179354668,0.9968791604042053,,,
,,,,,,,0.0,27000.0,90.0
277.014,-0.6502509117126465,-0.26226434111595154,0.11786516010761261,0.06292855739593506,0.040356121957302094,1.001806378364563,,,
,,,,,,,0.0,27000.0,90.0
277.024,-1.0287145376205444,-0.5120049715042114,-0.08627556264400482,0.06520244479179382,0.03970146179199219,1.001926064491272,,,
,,,,,,,0.0,27000.0,90.0
277.034,-3.2279505729675293,-0.014971953816711903,0.13442100584506989,0.06263426691293716,0.030153533443808556,1.00484037399292,,,
,,,,,,,0.0,27000.0,90.0
277.044,1.8470778465270996,-0.12898370623588562,-0.160811185836792,0.06422749906778336,0.025587674230337143,1.0137029886245728,,,
,,,,,,,0.0,27000.0,90.0
277.054,9.309988021850586,-0.5101317167282104,0.29882383346557617,0.0646049901843071,0.022575082257390022,0.9883551001548767,,,
,,,,,,,0.0,27000.0,90.0
277.064,-5.058496952056885,1.0962988138198853,-0.6346369385719299,0.06561318784952164,0.05370567366480827,0.9987052083015442,,,
,,,,,,,0.0,27000.0,90.0
277.074,-0.6630872488021851,-0.9777622818946838,0.826989471912384,0.06327807158231735,0.042492952197790146,1.0108208656311035,,,
,,,,,,,0.0,27000.0,90.0
277.084,-5.9413042068481445,0.6414673328399658,-0.6834171414375305,0.06566358357667923,0.01714702881872654,1.0008549690246582,,,
,,,,,,,0.0,27000.0,90.0
277.094,-0.12053578346967697,-0.5881522297859192,-0.24075591564178467,0.06398250162601471,0.032416850328445435,1.0110950469970703,,,
,,,,,,,0.0,27000.0,90.0
277.104,3.662933111190796,-0.5185825228691101,0.4036387801170349,0.06631164252758026,0.03103599324822426,0.9949601888656616,,,
,,,,,,,0.0,27000.0,90.0
277.114,1.209134578704834,0.025160759687423706,-0.41425183415412903,0.06669236719608307,0.033074840903282166,0.9939555525779724,,,
,,,,,,,0.0,27000.0,90.0
277.124,2.7074737548828125,0.17251884937286377,0.18486090004444122,0.06534678488969803,0.03913954272866249,1.0034775733947754,,,
,,,,,,,0.0,27000.0,90.0
277.134,-3.220552444458008,0.3058267831802368,-0.029660098254680634,0.06248285621404648,0.035227272659540176,1.0021357536315918,,,
,,,,,,,0.0,27000.0,90.0
277.144,-1.4032557010650635,-0.25685060024261475,-0.18287500739097595,0.06360694766044617,0.029553554952144623,1.0085351467132568,,,
,,,,,,,0.0,27000.0,90.0
277.154,-1.611837387084961,-0.2086193561553955,-0.10081623494625092,0.06517166644334793,0.03115537203848362,1.0023945569992065,,,
,,,,,,,0.0,27000.0,90.0
277.164,0.4050087332725525,-0.0332760289311409,0.24798637628555298,0.064711794257164,0.03231722488999367,1.0027329921722412,,,
,,,,,,,0.0,27000.0,90.0
277.174,2.7732386589050293,-0.24269182980060577,-0.05157322436571121,0.06447644531726837,0.03034457005560398,1.001641035079956,,,
,,,,,,,0.0,26000.0,90.0
277.184,0.9225851893424988,0.08538676053285599,-0.294421523809433,0.06263815611600876,0.036092713475227356,1.0068804025650024,,,
,,,,,,,0.0,26000.0,90.0
277.194,-0.4981432259082794,-0.38667982816696167,-0.0611710287630558,0.06177010387182236,0.03708256781101227,1.0023040771484375,,,
,,,,,,,0.0,26000.0,90.0
277.204,-2.103576421737671,-0.0955389216542244,-0.12273848056793213,0.06095161661505699,0.032880622893571854,1.0010833740234375,,,
,,,,,,,0.0,26000.0,90.0
277.214,-1.0356930494308472,-0.4284246563911438,-0.14027459919452667,0.0633440911769867,0.033763349056243896,1.003074049949646,,,
,,,,,,,0.0,26000.0,90.0
277.224,1.9624075889587402,0.21019859611988068,0.45598095655441284,0.06183847784996033,0.031076064333319664,0.9970164895057678,,,
,,,,,,,0.0,26000.0,90.0
277.234,-4.240638256072998,0.2133800983428955,-0.36575719714164734,0.06378573924303055,0.03999293968081474,1.0107176303863525,,,
,,,,,,,0.0,26000.0,90.0
277.244,3.923048973083496,-0.759423017501831,0.3863033652305603,0.0638168528676033,0.022469041869044304,1.0058192014694214,,,
,,,,,,,0.0,26000.0,90.0
277.254,-0.44660696387290955,0.4639149010181427,-0.6242377161979675,0.06470363587141037,0.032893359661102295,1.0006599426269531,,,
,,,,,,,0.0,26000.0,90.0
277.264,1.4343427419662476,-0.5236400961875916,0.44271671772003174,0.062417808920145035,0.04108184576034546,1.0061893463134766,,,
,,,,,,,0.0,25000.0,90.0
277.274,-1.670111894607544,-0.17485591769218445,-0.22562864422798157,0.06336918473243713,0.029787732288241386,0.9990588426589966,,,
,,,,,,,0.0,25000.0,90.0
277.284,-0.6373831629753113,-0.1437859982252121,-0.3422727882862091,0.06526974588632584,0.03067147172987461,1.0035141706466675,,,
,,,,,,,0.0,25000.0,90.0
277.294,0.1708124727010727,-0.27187272906303406,0.3808441162109375,0.06401657313108444,0.03676755353808403,1.0043020248413086,,,
,,,,,,,0.0,25000.0,90.0
277.304,-2.670076847076416,0.11010565608739853,-0.17207756638526917,0.06500991433858871,0.0333823524415493,1.0031672716140747,,,
,,,,,,,0.0,25000.0,90.0
277.314,2.252941370010376,-0.250980406999588,0.17990365624427795,0.06333554536104202,0.02506656013429165,1.0017690658569336,,,
,,,,,,,0.0,25000.0,90.0
277.324,0.6017507910728455,0.09992537647485733,-0.13198332488536835,0.06307383626699448,0.03365808725357056,1.0021964311599731,,,
,,,,,,,0.0,25000.0,90.0
277.334,0.5513243675231934,-0.5982850193977356,0.07232116162776947,0.06217743083834648,0.03565271943807602,1.0075494050979614,,,
,,,,,,,0.0,25000.0,90.0
277.344,-0.47945746779441833,-0.13462482392787933,-0.12976789474487305,0.06302270293235779,0.029442904517054558,1.0012775659561157,,,
,,,,,,,0.0,27000.0,90.0
277.354,-1.1833020448684692,-0.08152198791503906,-0.021106623113155365,0.06294608116149902,0.034056100994348526,1.004901647567749,,,
,,,,,,,0.0,27000.0,90.0
277.364,-0.6268601417541504,-0.2936321198940277,0.04890521988272667,0.06301306933164597,0.03193144500255585,1.004080891609192,,,
,,,,,,,0.0,27000.0,90.0
277.374,0.15185436606407166,-0.009479528293013573,0.032216861844062805,0.0608036182820797,0.025830036029219627,1.0011043548583984,,,
,,,,,,,0.0,27000.0,90.0
277.384,0.6585869789123535,-0.1152634546160698,0.0065557449124753475,0.06460254639387131,0.031453732401132584,1.0046149492263794,,,
,,,,,,,0.0,27000.0,90.0
277.394,0.2614729702472687,0.13319286704063416,0.0017691359389573336,0.06201408803462982,0.0334511362016201,0.9977875351905823,,,
,,,,,,,0.0,27000.0,90.0
277.404,-1.8968614339828491,-0.15204189717769623,-0.3653612732887268,0.06727300584316254,0.035364169627428055,1.009425163269043,,,
,,,,,,,0.0,27000.0,90.0
277.414,4.983243465423584,-0.3774164319038391,-0.011818436905741692,0.06604953855276108,0.02204839512705803,0.9962780475616455,,,
,,,,,,,0.0,27000.0,90.0
277.424,-3.2958014011383057,0.09487763047218323,-0.5254058837890625,0.06689117103815079,0.04571870341897011,1.0008705854415894,,,
,,,,,,,0.0,27000.0,90.0
277.434,0.6965955495834351,-0.5884596109390259,0.4533481001853943,0.06637999415397644,0.037546951323747635,1.004683494567871,,,
,,,,,,,0.0,27000.0,90.0
277.444,-2.846627712249756,0.31203392148017883,-0.5911110043525696,0.06682988256216049,0.021991992369294167,1.000212550163269,,,
,,,,,,,8000.0,27000.0,90.0
277.454,0.7951462864875793,-0.3785119950771332,-0.23903034627437592,0.06466396898031235,0.03280152007937431,1.0082929134368896,,,
,,,,,,,8000.0,27000.0,90.0
277.464,0.9968206882476807,-0.2152765542268753,0.185471311211586,0.06426496803760529,0.03152959421277046,1.0012661218643188,,,
,,,,,,,8000.0,27000.0,90.0
277.474,0.24930299818515778,0.20601466298103333,-0.1987670660018921,0.06731831282377243,0.03373401239514351,1.0008015632629395,,,
,,,,,,,8000.0,27000.0,90.0
277.484,1.3097769021987915,0.16971057653427124,0.28631359338760376,0.06714355945587158,0.04306955635547638,1.005541443824768,,,
,,,,,,,8000.0,27000.0,90.0
277.494,-2.3708078861236572,-0.010410280898213387,-0.380042165517807,0.06493940204381943,0.03599388152360916,1.0039153099060059,,,
,,,,,,,8000.0,27000.0,90.0
277.504,0.044474318623542786,-0.34535473585128784,-0.05477958917617798,0.06478184461593628,0.0305160079151392,1.0006157159805298,,,
,,,,,,,8000.0,27000.0,90.0
277.514,-0.4906022250652313,-0.15465934574604034,0.2019168585538864,0.06652859598398209,0.03434791788458824,1.0000555515289307,,,
,,,,,,,8000.0,28000.0,90.0
277.524,0.29524728655815125,0.12685658037662506,-0.08117448538541794,0.06562037765979767,0.03011525608599186,1.004178524017334,,,
,,,,,,,16000.0,28000.0,90.0
277.534,1.4272860288619995,-0.27579185366630554,0.03246767073869705,0.06538310647010803,0.025329267606139183,1.0056582689285278,,,
,,,,,,,16000.0,28000.0,90.0
277.544,-1.8028793334960938,0.2046024054288864,-0.15339845418930054,0.06723808497190475,0.03506045415997505,1.0053790807724,,,
,,,,,,,16000.0,28000.0,90.0
277.554,0.7234696745872498,-0.12625552713871002,-0.1611701399087906,0.06642120331525803,0.0302962064743042,1.000399112701416,,,
,,,,,,,16000.0,28000.0,90.0
277.564,1.3909838199615479,-0.18784737586975098,-0.12598977982997894,0.06870803982019424,0.03322577476501465,1.00187349319458,,,
,,,,,,,16000.0,28000.0,90.0
277.574,-1.3438433408737183,-0.33170342445373535,-0.18611830472946167,0.06632337719202042,0.03621731325984001,1.0073193311691284,,,
,,,,,,,16000.0,28000.0,90.0
277.584,-1.2176151275634766,-0.4277992248535156,-0.3633919954299927,0.06662190705537796,0.032490864396095276,0.9985866546630859,,,
,,,,,,,16000.0,28000.0,90.0
277.594,0.724739134311676,-0.14313989877700806,0.04483337327837944,0.06740633398294449,0.029080402106046677,0.9933086037635803,,,
,,,,,,,16000.0,28000.0,90.0
277.604,0.4920860230922699,0.36286649107933044,0.2468167543411255,0.06711271405220032,0.03512416034936905,1.001983404159546,,,
,,,,,,,16000.0,30000.0,90.0
277.614,-0.19883276522159576,0.4530356824398041,-0.18272504210472107,0.06390044093132019,0.029775772243738174,1.0089489221572876,,,
,,,,,,,27000.0,30000.0,90.0
277.624,-0.6069562435150146,-0.3820286989212036,-0.3670649528503418,0.06107557937502861,0.028598414734005928,1.0062270164489746,,,
,,,,,,,27000.0,30000.0,90.0
277.634,0.08521070331335068,-0.22402121126651764,0.0856202244758606,0.0662974864244461,0.03186351805925369,1.00139582157135,,,
,,,,,,,27000.0,30000.0,90.0
277.644,-0.8491923213005066,-0.42063000798225403,0.12633056938648224,0.06915189325809479,0.03432304784655571,1.0125279426574707,,,
,,,,,,,27000.0,30000.0,90.0
277.654,1.3169267177581787,-1.9616918563842773,-1.2327028512954712,0.06349310278892517,0.0232614167034626,1.0196990966796875,,,
,,,,,,,27000.0,30000.0,90.0
277.664,0.606810450553894,-0.5684476494789124,-1.3184528350830078,0.06822313368320465,0.0360860638320446,0.9865718483924866,,,
,,,,,,,27000.0,30000.0,90.0
277.674,1.7480356693267822,0.1523323506116867,0.7926133275032043,0.06262148171663284,0.0555153526365757,0.9801741242408752,,,
,,,,,,,27000.0,30000.0,90.0
277.684,7.276712417602539,-0.7280212640762329,2.3322434425354004,0.07620575278997421,0.0321560800075531,0.9957980513572693,,,
,,,,,,,27000.0,32767.0,90.0
277.694,-1.437989354133606,1.1072918176651,-0.5136951208114624,0.074029341340065,0.02003367245197296,1.0086742639541626,,,
,,,,,,,30000.0,32767.0,90.0
277.704,-7.328527927398682,1.2279483079910278,-1.843639612197876,0.055370964109897614,0.04376116767525673,1.0206671953201294,,,
,,,,,,,30000.0,32767.0,90.0
277.714,-5.608499526977539,1.6567376852035522,-0.2597200870513916,0.05344001576304436,0.03384116664528847,1.0313189029693604,,,
,,,,,,,30000.0,32767.0,90.0
277.724,-1.6607229709625244,-1.5907964706420898,-0.23169106245040894,0.06168597564101219,0.01325906440615654,1.0175541639328003,,,
,,,,,,,30000.0,32767.0,90.0
277.734,2.218762159347534,-2.8133392333984375,-0.9433898329734802,0.05668739229440689,0.028892071917653084,0.9862863421440125,,,
,,,,,,,30000.0,32767.0,90.0
277.744,13.988102912902832,-1.9778292179107666,2.410726308822632,0.07451486587524414,0.05148119106888771,0.9617199897766113,,,
,,,,,,,30000.0,32767.0,90.0
277.754,3.286534547805786,0.8167451620101929,1.7699329853057861,0.10759884119033813,0.047736141830682755,0.9667713642120361,,,
,,,,,,,30000.0,32767.0,90.0
277.764,-7.353991508483887,4.81266975402832,-1.1816368103027344,0.06896647065877914,0.03649057447910309,0.9910762906074524,,,
,,,,,,,30000.0,32767.0,90.0
277.774,-7.80452299118042,1.8552792072296143,0.3723668158054352,0.02979791723191738,0.03775849938392639,1.0628182888031006,,,
,,,,,,,30000.0,32767.0,90.0
277.784,-4.322795391082764,-2.728200912475586,0.6426592469215393,0.061774056404829025,0.0015224381349980831,1.0633879899978638,,,
,,,,,,,30000.0,32767.0,90.0
277.794,4.227329730987549,-3.424030065536499,-0.9820278286933899,0.04939408227801323,0.00430339528247714,0.9985015988349915,,,
,,,,,,,30000.0,32767.0,90.0
277.804,7.112759113311768,-1.493679165840149,-0.2940884232521057,0.07339217513799667,0.05965524539351463,0.9653460383415222,,,
,,,,,,,30000.0,32767.0,90.0
277.814,-3.4583067893981934,0.35224202275276184,-0.11572547256946564,0.08926746994256973,0.06588227301836014,0.9611458778381348,,,
,,,,,,,30000.0,32767.0,90.0
277.824,-0.7688136696815491,3.0357987880706787,-0.7939907312393188,0.08066976070404053,0.0265637394040823,0.9849440455436707,,,
,,,,,,,30000.0,32767.0,90.0
277.834,0.12831208109855652,1.8469723463058472,-0.33793869614601135,0.05349104478955269,0.03527846559882164,1.032964825630188,,,
,,,,,,,30000.0,32767.0,90.0
277.844,-4.451523780822754,-1.9345290660858154,0.6791162490844727,0.05877678468823433,0.01609748788177967,1.038172960281372,,,
,,,,,,,30000.0,32767.0,90.0
277.854,4.012608528137207,-1.8619970083236694,0.3996811807155609,0.060266848653554916,0.009958363138139248,0.9985568523406982,,,
,,,,,,,30000.0,32767.0,90.0
277.864,0.5741209983825684,-0.0401257686316967,-0.04070064052939415,0.07346316426992416,0.05808965861797333,0.9802826642990112,,,
,,,,,,,30000.0,32767.0,90.0
277.874,-1.8249415159225464,0.5907273888587952,-0.4649420380592346,0.06927276402711868,0.049534548074007034,0.9805405139923096,,,
,,,,,,,30000.0,32767.0,90.0
277.884,1.8391188383102417,0.7219904661178589,-0.4996568262577057,0.06728365272283554,0.012917772866785526,1.0025428533554077,,,
,,,,,,,30000.0,32767.0,90.0
277.894,-0.19941268861293793,-0.2227276712656021,-0.04610338434576988,0.06088067218661308,0.030362363904714584,1.032539963722229,,,
,,,,,,,30000.0,32767.0,90.0
277.904,-0.7082810997962952,-1.5233914852142334,0.11731646955013275,0.0640859305858612,0.034076422452926636,1.0178807973861694,,,
,,,,,,,30000.0,32767.0,90.0
277.914,-0.769058346748352,-0.5230337977409363,-0.23799525201320648,0.0669521763920784,0.029796799644827843,0.9859662652015686,,,
,,,,,,,30000.0,32767.0,90.0
277.924,0.8657585382461548,0.05927596613764763,0.01416052971035242,0.06752337515354156,0.04557064175605774,0.9845098853111267,,,
,,,,,,,30000.0,32767.0,90.0
277.934,-0.5810571312904358,0.6180922389030457,0.15302714705467224,0.06816871464252472,0.03524813428521156,1.0008846521377563,,,
,,,,,,,30000.0,32767.0,90.0
277.944,0.27789294719696045,-0.0397905558347702,-0.11944320797920227,0.061545152217149734,0.02275850996375084,1.018113613128662,,,
,,,,,,,30000.0,32767.0,90.0
277.954,0.22628135979175568,-1.1624969244003296,-0.269704669713974,0.059938784688711166,0.027780629694461823,1.0119330883026123,,,
,,,,,,,30000.0,32767.0,90.0
277.964,0.4079367220401764,-0.2515099346637726,-0.10979059338569641,0.07033897191286087,0.034722186625003815,0.9884098172187805,,,
,,,,,,,30000.0,32767.0,90.0
277.974,0.5194263458251953,0.6785605549812317,-0.23169340193271637,0.06891662627458572,0.0483565516769886,0.9952453970909119,,,
,,,,,,,30000.0,32767.0,90.0
277.984,-2.122619390487671,0.2690308392047882,0.39900118112564087,0.06285719573497772,0.042717307806015015,1.0134685039520264,,,
,,,,,,,30000.0,32767.0,90.0
277.994,-0.1711249202489853,-0.6604514122009277,-0.07477449625730515,0.0642613023519516,0.011634551919996738,1.0077887773513794,,,
,,,,,,,30000.0,32767.0,90.0
278.004,1.905690312385559,0.37055251002311707,-0.23938387632369995,0.06320969760417938,0.03184322267770767,1.0027320384979248,,,
,,,,,,,30000.0,32767.0,90.0
278.014,-0.534203290939331,-0.16116522252559662,0.604281485080719,0.06541431695222855,0.04870261996984482,1.0019434690475464,,,
,,,,,,,30000.0,32767.0,90.0
278.024,-0.8729128837585449,0.13815218210220337,-0.13666696846485138,0.06424732506275177,0.01909578964114189,0.9912462830543518,,,
,,,,,,,30000.0,32767.0,90.0
278.034,1.4201620817184448,0.7998884916305542,-0.4156058430671692,0.06621000915765762,0.03256111592054367,1.00963294506073,,,
,,,,,,,30000.0,32767.0,90.0
278.044,-1.7027195692062378,-1.074652910232544,0.3886002004146576,0.06103777512907982,0.04374173283576965,1.0182534456253052,,,
,,,,,,,30000.0,32767.0,90.0
278.054,0.3383767306804657,-0.4610767662525177,-0.4471123516559601,0.07227940857410431,0.01741969585418701,0.9920557737350464,,,
,,,,,,,30000.0,32767.0,90.0
278.064,1.1655515432357788,0.74545818567276,-0.29700177907943726,0.07057379186153412,0.0439508892595768,0.9952309131622314,,,
,,,,,,,30000.0,32767.0,90.0
278.074,-1.2652370929718018,-0.3698386251926422,0.32959866523742676,0.0623445063829422,0.0473940446972847,1.0064189434051514,,,
,,,,,,,30000.0,32767.0,90.0
278.084,0.255618691444397,0.09762881696224213,-0.6388590931892395,0.0640556737780571,0.011010698042809963,1.0014728307724,,,
,,,,,,,30000.0,32767.0,90.0
278.094,1.1040289402008057,0.07856398075819016,-0.1801382154226303,0.06464847922325134,0.03669663146138191,1.0099374055862427,,,
,,,,,,,30000.0,32767.0,90.0
278.104,-1.7020039558410645,-0.6017550826072693,0.5031144022941589,0.06465455889701843,0.04666359722614288,1.0055720806121826,,,
,,,,,,,30000.0,32767.0,90.0
278.114,0.4519325792789459,0.39918968081474304,-0.1169598400592804,0.06872083991765976,0.019021743908524513,0.9909773468971252,,,
,,,,,,,30000.0,32767.0,90.0
278.124,0.9865150451660156,0.22601014375686646,-0.04610905051231384,0.06489615887403488,0.03835153207182884,1.0047988891601562,,,
,,,,,,,30000.0,32767.0,90.0
278.134,-1.1854122877120972,-0.6702264547348022,0.6465283036231995,0.062147580087184906,0.04050832986831665,1.0126514434814453,,,
,,,,,,,30000.0,32767.0,90.0
278.144,0.8805116415023804,-0.21133160591125488,-0.4212943911552429,0.0679197907447815,0.016970472410321236,0.9979683756828308,,,
,,,,,,,30000.0,32767.0,90.0
278.154,0.3749203681945801,-0.15973183512687683,-0.24723830819129944,0.06654895097017288,0.03801534324884415,1.0035579204559326,,,
,,,,,,,30000.0,32767.0,90.0
278.164,-0.8689185380935669,-0.10522851347923279,0.41355353593826294,0.06455126404762268,0.04263462871313095,1.0057071447372437,,,
,,,,,,,30000.0,32767.0,90.0
278.174,-0.0077168382704257965,-0.008322019129991531,-0.0900341272354126,0.06498981267213821,0.022761987522244453,0.9976791143417358,,,
,,,,,,,30000.0,32767.0,90.0
278.184,0.7181928157806396,0.36370784044265747,0.08117181807756424,0.06414037197828293,0.03463489189743996,1.0071890354156494,,,
,,,,,,,30000.0,32767.0,90.0
278.194,-0.7453807592391968,-0.5018593668937683,0.09093192219734192,0.06293188780546188,0.039578311145305634,1.0103837251663208,,,
,,,,,,,30000.0,32767.0,90.0
278.204,0.4165304899215698,-0.20508825778961182,-0.15801440179347992,0.06581497192382812,0.020604684948921204,1.0004407167434692,,,
,,,,,,,30000.0,32767.0,90.0
278.214,0.33015894889831543,-0.1120268926024437,-0.11426573246717453,0.06927981227636337,0.03644537925720215,0.997115969657898,,,
,,,,,,,30000.0,32767.0,90.0
278.224,-0.5400470495223999,-0.1653479039669037,0.20986182987689972,0.06580251455307007,0.040019579231739044,1.0033776760101318,,,
,,,,,,,30000.0,32767.0,90.0
278.234,-0.24244502186775208,0.029244432225823402,-0.06447425484657288,0.06592629104852676,0.02357177995145321,1.0023491382598877,,,
,,,,,,,30000.0,32767.0,90.0
278.244,0.04953844100236893,-0.24538758397102356,-0.015319552272558212,0.06529892981052399,0.03030802682042122,1.005486249923706,,,
,,,,,,,30000.0,32767.0,90.0
278.254,0.16574247181415558,-0.06240713223814964,0.03806118294596672,0.06819383800029755,0.03672120347619057,1.0003970861434937,,,
,,,,,,,30000.0,32767.0,90.0
278.264,0.1375984400510788,0.12147790193557739,0.01609198935329914,0.06556389480829239,0.03372124955058098,0.9999478459358215,,,
,,,,,,,30000.0,32767.0,90.0
278.274,0.23049820959568024,-0.05162588134407997,-0.04809028282761574,0.06456609815359116,0.03447449952363968,1.0052577257156372,,,
,,,,,,,30000.0,32767.0,90.0
278.284,-0.17725582420825958,-0.0025252243503928185,-0.024030733853578568,0.06371774524450302,0.032233238220214844,1.006240725517273,,,
,,,,,,,30000.0,32767.0,90.0
278.294,0.059132181107997894,-0.4926990866661072,-0.1725391149520874,0.06297101080417633,0.035936642438173294,1.0058047771453857,,,
,,,,,,,30000.0,32767.0,90.0
278.304,-0.3795557916164398,-0.08391909301280975,0.1489768773317337,0.06355753540992737,0.033027488738298416,1.0033962726593018,,,
,,,,,,,30000.0,32767.0,90.0
278.314,0.17457365989685059,0.18506383895874023,0.04476918280124664,0.0656556710600853,0.027427494525909424,1.0021648406982422,,,
,,,,,,,30000.0,32767.0,90.0
278.324,-0.05069531872868538,0.0750405564904213,0.007696634158492088,0.06362880021333694,0.03346856310963631,1.006677508354187,,,
,,,,,,,30000.0,32767.0,90.0
278.334,-0.22594624757766724,-0.09644608199596405,-0.041823502629995346,0.06400449573993683,0.03240136802196503,1.006841778755188,,,
,,,,,,,30000.0,32767.0,90.0
278.344,0.38412782549858093,-0.16915671527385712,-0.2318744957447052,0.06433076411485672,0.02874908782541752,0.999921977519989,,,
,,,,,,,30000.0,32767.0,90.0
278.354,-0.2914232015609741,-0.013987964950501919,-0.05270768702030182,0.06372459977865219,0.04077407345175743,1.003616452217102,,,
,,,,,,,30000.0,32767.0,90.0
278.364,-0.5446644425392151,-0.17202384769916534,0.04431690648198128,0.061730582267045975,0.03481121361255646,1.004651427268982,,,
,,,,,,,30000.0,32767.0,90.0
278.374,0.32256758213043213,0.09508878737688065,0.07716748118400574,0.06483665108680725,0.031653523445129395,1.0033156871795654,,,
,,,,,,,30000.0,32767.0,90.0
278.384,0.10720030218362808,-0.2732659876346588,-0.03625807911157608,0.06575603038072586,0.03766154870390892,1.0035085678100586,,,
,,,,,,,30000.0,32767.0,90.0
278.394,-0.3598630726337433,-0.19333991408348083,-0.14191105961799622,0.06659133732318878,0.031867168843746185,1.0012203454971313,,,
,,,,,,,30000.0,32767.0,90.0
278.404,0.44210073351860046,-0.3246898055076599,-0.11068139970302582,0.06396899372339249,0.030143801122903824,1.0001522302627563,,,
,,,,,,,30000.0,32767.0,90.0
278.414,-0.09176290035247803,0.1481630653142929,-0.08605268597602844,0.0644022598862648,0.03657029569149017,1.0031418800354004,,,
,,,,,,,30000.0,32767.0,90.0
278.424,-0.14618481695652008,-0.4050981104373932,0.23669254779815674,0.06535427272319794,0.03107953816652298,1.0037989616394043,,,
,,,,,,,30000.0,32767.0,90.0
278.434,0.16477520763874054,-0.20358158648014069,-0.1943477988243103,0.06314302235841751,0.030649274587631226,1.0013147592544556,,,
,,,,,,,30000.0,32767.0,90.0
278.444,-0.058327242732048035,-0.13443027436733246,-0.20732954144477844,0.06511038541793823,0.034893698990345,1.0040509700775146,,,
,,,,,,,30000.0,32767.0,90.0
278.454,-0.12513113021850586,-0.185648575425148,-0.10364658385515213,0.06552527099847794,0.031575337052345276,1.0011764764785767,,,
,,,,,,,30000.0,32767.0,90.0
278.464,0.21787996590137482,-0.10751724988222122,-0.4485251307487488,0.06787259131669998,0.031078755855560303,1.00180184841156,,,
,,,,,,,30000.0,32767.0,90.0
278.474,-0.39465823769569397,0.3228095471858978,0.01802576147019863,0.06589289754629135,0.03516068682074547,1.0055402517318726,,,
,,,,,,,30000.0,32767.0,90.0
278.484,-0.1873740404844284,-0.2635854184627533,-0.1541355699300766,0.06280750036239624,0.030488280579447746,1.0036572217941284,,,
,,,,,,,30000.0,32767.0,90.0
278.494,0.5610547661781311,0.24503889679908752,0.1694757044315338,0.06289274245500565,0.03458051756024361,1.0012840032577515,,,
,,,,,,,30000.0,32767.0,90.0
278.504,-0.3627566695213318,-0.502044677734375,-0.06112591549754143,0.06346512585878372,0.03475862368941307,1.0039962530136108,,,
,,,,,,,30000.0,32767.0,90.0
278.514,0.22484204173088074,-0.1617422252893448,-0.16825100779533386,0.06612541526556015,0.030752472579479218,1.0011241436004639,,,
,,,,,,,30000.0,32767.0,90.0
278.524,0.220735102891922,-0.07183738052845001,0.1412719488143921,0.06472664326429367,0.035887688398361206,1.0059417486190796,,,
,,,,,,,30000.0,32767.0,90.0
278.534,-0.5177533626556396,-0.04410595819354057,-0.12660947442054749,0.06544047594070435,0.034699540585279465,1.0050936937332153,,,
,,,,,,,30000.0,32767.0,90.0
278.544,0.4429389238357544,-0.3074047863483429,-0.021910307928919792,0.06513076275587082,0.03036927804350853,0.9990155100822449,,,
,,,,,,,30000.0,32767.0,90.0
278.554,0.1692226082086563,0.07279051095247269,-0.21122796833515167,0.06354239583015442,0.040993377566337585,1.000038504600525,,,
,,,,,,,30000.0,32767.0,90.0
278.564,-0.5454633235931396,-0.10138493776321411,0.17472083866596222,0.06314852088689804,0.03966335952281952,1.0008959770202637,,,
,,,,,,,30000.0,32767.0,90.0
278.574,0.2711045742034912,-0.4522002041339874,-0.19286789000034332,0.06659349054098129,0.02559887431561947,1.0016413927078247,,,
,,,,,,,30000.0,32767.0,90.0
278.584,0.012751750648021698,-0.058108966797590256,-0.15039893984794617,0.06686188280582428,0.034113217145204544,1.0051473379135132,,,
,,,,,,,30000.0,32767.0,90.0
278.594,-0.5141153335571289,-0.42644429206848145,0.13255026936531067,0.06711925566196442,0.03217355161905289,1.0015438795089722,,,
,,,,,,,30000.0,32767.0,90.0
278.604,0.32945266366004944,0.1551097184419632,-0.21425402164459229,0.0670262798666954,0.02479134127497673,1.0006017684936523,,,
,,,,,,,30000.0,32767.0,90.0
278.614,0.24977172911167145,-0.051629941910505295,0.010998660698533058,0.06697776913642883,0.03344832733273506,1.0036547183990479,,,
,,,,,,,30000.0,32767.0,90.0
278.624,-0.47444018721580505,-0.2788577079772949,-0.043012671172618866,0.06347423791885376,0.033931199461221695,1.0053939819335938,,,
,,,,,,,30000.0,32767.0,90.0
278.634,0.44551950693130493,-0.13002312183380127,-0.1811853051185608,0.06297324597835541,0.028463510796427727,1.0026873350143433,,,
,,,,,,,30000.0,32767.0,90.0
278.644,0.14591027796268463,-0.039506394416093826,-0.12681202590465546,0.06359808146953583,0.0361795611679554,1.004369854927063,,,
,,,,,,,30000.0,32767.0,90.0
278.654,-0.59442138671875,-0.12926538288593292,-0.10040672868490219,0.0639667883515358,0.03712625056505203,1.0020726919174194,,,
,,,,,,,30000.0,32767.0,90.0
278.664,0.12346184253692627,0.038376037031412125,-0.04701084643602371,0.06484303623437881,0.03179556876420975,1.0026379823684692,,,
,,,,,,,30000.0,32767.0,90.0
278.674,0.007006545085459948,-0.17337343096733093,0.08967914432287216,0.06578976660966873,0.03608160465955734,1.0046604871749878,,,
,,,,,,,30000.0,32767.0,90.0
278.684,-0.3316022455692291,-0.28160360455513,0.07208380848169327,0.06393156200647354,0.035236258059740067,1.0031458139419556,,,
,,,,,,,30000.0,32767.0,90.0
278.694,-0.05722625181078911,-0.025904888287186623,-0.0896257534623146,0.06457354873418808,0.03240115940570831,1.0005511045455933,,,
,,,,,,,30000.0,32767.0,90.0
278.704,-0.00280056893825531,0.07630351185798645,0.1189698874950409,0.06364493072032928,0.03405909240245819,1.003982424736023,,,
,,,,,,,30000.0,38000.0,90.0
278.714,-0.37552347779273987,-0.3067775368690491,-0.22168251872062683,0.06460483372211456,0.033049821853637695,1.0015310049057007,,,
,,,,,,,32767.0,38000.0,90.0
278.724,0.12254652380943298,-0.40806955099105835,-0.222920224070549,0.06289341300725937,0.03130469098687172,1.0029724836349487,,,
,,,,,,,32767.0,38000.0,90.0
278.734,-0.5032649636268616,-0.037745118141174316,-0.16909179091453552,0.0638885647058487,0.03617611154913902,1.0025856494903564,,,
,,,,,,,32767.0,38000.0,90.0
278.744,-5.209071636199951,1.2633920907974243,0.19901907444000244,0.06723183393478394,0.04232596233487129,0.9979408383369446,,,
,,,,,,,32767.0,38000.0,90.0
278.754,-10.408995628356934,-1.2657936811447144,-0.36500874161720276,0.06373375654220581,0.04425513371825218,1.0291855335235596,,,
,,,,,,,32767.0,38000.0,90.0
278.764,29.786251068115234,-4.251142501831055,0.86263108253479,0.06373849511146545,-0.01083155907690525,0.9773834943771362,,,
,,,,,,,32767.0,38000.0,90.0
278.774,0.718417227268219,4.520441055297852,2.091607093811035,0.08139768987894058,0.05726802349090576,0.9458082318305969,,,
,,,,,,,32767.0,38000.0,90.0
278.784,-4.756755352020264,0.5976125597953796,-1.5919475555419922,0.06478391587734222,0.09487978368997574,1.0274640321731567,,,
,,,,,,,32767.0,38000.0,90.0
278.794,-4.958358287811279,0.4837920367717743,0.7422845959663391,0.05712089315056801,0.010808375664055347,1.0361015796661377,,,
,,,,,,,32767.0,42000.0,90.0
278.804,-9.627083778381348,0.5439444780349731,-0.5984514355659485,0.05642688274383545,-0.006241117604076862,1.0328463315963745,,,
,,,,,,,32767.0,42000.0,90.0
278.814,5.793736934661865,-3.319035291671753,0.2730218768119812,0.06194036453962326,0.03499985486268997,1.0059220790863037,,,
,,,,,,,32767.0,42000.0,90.0
278.824,-5.649564266204834,0.19837336242198944,-0.6309095621109009,0.066443532705307,0.051933273673057556,0.9671648144721985,,,
,,,,,,,32767.0,42000.0,90.0
278.834,-3.091088056564331,-0.002648627385497093,-2.88814640045166,0.08300697803497314,0.03268628939986229,1.002736210823059,,,
,,,,,,,32767.0,42000.0,90.0
278.844,20.362905502319336,-0.8872542977333069,1.0593239068984985,0.059280674904584885,0.006737160496413708,1.0078938007354736,,,
,,,,,,,32767.0,42000.0,90.0
278.854,4.217642307281494,0.7577733993530273,-0.42429980635643005,0.0691782757639885,0.05082203075289726,0.9728533625602722,,,
,,,,,,,32767.0,42000.0,90.0
278.864,-13.0341215133667,0.18779167532920837,-0.004853113554418087,0.06078076362609863,0.08869314193725586,1.0169931650161743,,,
,,,,,,,32767.0,42000.0,90.0
278.874,-2.704303503036499,-0.5554405450820923,1.1429924964904785,0.060169920325279236,0.02074461244046688,1.0238116979599,,,
,,,,,,,32767.0,47000.0,90.0
278.884,-4.065773963928223,1.0942047834396362,-0.6385839581489563,0.06501690298318863,-0.007967154495418072,0.9994465708732605,,,
,,,,,,,32767.0,47000.0,90.0
278.894,-1.256583333015442,-0.258525013923645,-0.9950708746910095,0.06111675500869751,0.04555328190326691,1.0156338214874268,,,
,,,,,,,32767.0,47000.0,90.0
278.904,-1.3881242275238037,-0.4985770285129547,0.3996563255786896,0.06393669545650482,0.04677145183086395,0.9920206069946289,,,
,,,,,,,32767.0,47000.0,90.0
278.914,-2.7392077445983887,-0.032014891505241394,-0.16857965290546417,0.06797458976507187,0.026699669659137726,0.9989432096481323,,,
,,,,,,,32767.0,47000.0,90.0
278.924,11.250150680541992,-2.3157827854156494,0.27754759788513184,0.06575998663902283,0.01672685146331787,1.0137972831726074,,,
,,,,,,,32767.0,47000.0,90.0
278.934,12.903231620788574,-1.0840160846710205,-0.3895858824253082,0.06648479402065277,0.0236834529787302,0.9850019812583923,,,
,,,,,,,32767.0,47000.0,90.0
278.944,4.572632312774658,2.2468457221984863,3.393923759460449,0.07332092523574829,0.06390021741390228,0.9765937924385071,,,
,,,,,,,32767.0,47000.0,90.0
278.954,-7.381080150604248,1.7640504837036133,1.670751929283142,0.06707093119621277,0.06987275928258896,1.0042774677276611,,,
,,,,,,,32767.0,51000.0,90.0
278.964,-20.723068237304688,2.2265963554382324,-0.9015276432037354,0.05716485530138016,0.021258633583784103,1.0249440670013428,,,
,,,,,,,32767.0,51000.0,90.0
278.974,0.8524755835533142,-1.2410355806350708,0.4963403344154358,0.05424285680055618,-0.006192442495375872,1.0441139936447144,,,
,,,,,,,32767.0,51000.0,90.0
278.984,1.7753268480300903,-0.5233903527259827,-0.2873578369617462,0.05134352296590805,0.014885331504046917,0.9984595775604248,,,
,,,,,,,32767.0,51000.0,90.0
278.994,-3.431490421295166,-1.7067714929580688,-4.503277778625488,0.07650555670261383,0.04456983879208565,1.0011379718780518,,,
,,,,,,,32767.0,51000.0,90.0
279.004,4.388958930969238,-1.0190119743347168,0.893665611743927,0.06843403726816177,0.04143354296684265,0.9965363144874573,,,
,,,,,,,32767.0,51000.0,90.0
279.014,13.855772018432617,-1.8043813705444336,-0.8078181743621826,0.06903938204050064,0.03066055104136467,0.9776708483695984,,,
,,,,,,,32767.0,51000.0,90.0
279.024,2.5725297927856445,0.9489988088607788,-1.2078840732574463,0.07007034122943878,0.05241525173187256,0.9712068438529968,,,
,,,,,,,32767.0,51000.0,90.0
279.034,-0.8269543051719666,1.9329663515090942,4.486031532287598,0.07327691465616226,0.06735116243362427,1.0030629634857178,,,
,,,,,,,32767.0,51000.0,90.0
279.044,-6.686975002288818,1.3428094387054443,0.22251887619495392,0.05482969433069229,0.025683242827653885,1.0176745653152466,,,
,,,,,,,32767.0,54000.0,90.0
279.054,-12.8831787109375,1.3418844938278198,0.35304760932922363,0.05751674622297287,0.006240146700292826,1.041738510131836,,,
,,,,,,,32767.0,54000.0,90.0
279.064,5.178943634033203,-2.222224473953247,-0.030732639133930206,0.057622965425252914,0.014900456182658672,1.0318431854248047,,,
,,,,,,,32767.0,54000.0,90.0
279.074,0.2015458047389984,-1.0718119144439697,-0.5916009545326233,0.06248807534575462,0.03501259535551071,0.9855161309242249,,,
,,,,,,,32767.0,54000.0,90.0
279.084,2.5012364387512207,-0.23175020515918732,-0.21208810806274414,0.0810246616601944,0.0494600385427475,0.9779170751571655,,,
,,,,,,,32767.0,54000.0,90.0
279.094,-1.4405865669250488,0.6683328151702881,-0.4630098342895508,0.0745253637433052,0.045239731669425964,0.9832112193107605,,,
,,,,,,,32767.0,54000.0,90.0
279.104,0.5075172185897827,0.1390410214662552,-0.06861785054206848,0.062356602400541306,0.027600238099694252,1.0179004669189453,,,
,,,,,,,32767.0,54000.0,90.0
279.114,7.012528419494629,-1.1019153594970703,0.06321392953395844,0.05946618318557739,0.013223595917224884,1.0264792442321777,,,
,,,,,,,32767.0,54000.0,90.0
279.124,4.755489826202393,-1.3864575624465942,-0.6441370248794556,0.06572037190198898,0.03173274174332619,0.9973759651184082,,,
,,,,,,,32767.0,54000.0,90.0
279.134,-0.9936187267303467,0.5122385025024414,-0.0025508820544928312,0.06793951243162155,0.05613510683178902,0.9829460978507996,,,
,,,,,,,32767.0,57000.0,90.0
279.144,-7.285306453704834,1.328093409538269,0.8607448935508728,0.06888226419687271,0.04858621209859848,0.9957083463668823,,,
,,,,,,,32767.0,57000.0,90.0
279.154,-4.511812686920166,1.0024158954620361,0.1656929850578308,0.05912100523710251,0.021650081500411034,1.0156607627868652,,,
,,,,,,,32767.0,57000.0,90.0
279.164,-3.5829648971557617,0.1367858350276947,-0.18572360277175903,0.06053609028458595,0.020033152773976326,1.0228554010391235,,,
,,,,,,,32767.0,57000.0,90.0
279.174,2.485668420791626,-0.7973005771636963,0.09339696913957596,0.06247685104608536,0.028053902089595795,1.007791519165039,,,
,,,,,,,32767.0,57000.0,90.0
279.184,2.824286699295044,-0.5521585941314697,-0.08987368643283844,0.06865010410547256,0.032876912504434586,0.9876842498779297,,,
,,,,,,,32767.0,57000.0,90.0
279.194,2.368776321411133,0.1171182319521904,0.0213732048869133,0.06691907346248627,0.04562622308731079,0.9911145567893982,,,
,,,,,,,32767.0,57000.0,90.0
279.204,2.4023468494415283,-0.3227366805076599,-0.21405364573001862,0.06710902601480484,0.0377606637775898,1.0048718452453613,,,
,,,,,,,32767.0,57000.0,90.0
279.214,0.0929529145359993,-0.1269577592611313,-0.18073254823684692,0.06508120894432068,0.02785526216030121,1.0099796056747437,,,
,,,,,,,32767.0,61000.0,90.0
279.224,0.489827960729599,-0.2602647840976715,-0.06209973245859146,0.06312911212444305,0.034567344933748245,1.0066038370132446,,,
,,,,,,,32767.0,61000.0,90.0
279.234,-1.2650387287139893,-0.16106417775154114,0.14372678101062775,0.06266248226165771,0.0392143651843071,0.9962973594665527,,,
,,,,,,,32767.0,61000.0,90.0
279.244,-3.107719659805298,1.03646719455719,0.03733978420495987,0.0710228905081749,0.039109956473112106,0.9933159351348877,,,
,,,,,,,32767.0,61000.0,90.0
279.254,-2.8136067390441895,0.47755166888237,0.42804378271102905,0.06312823295593262,0.03672654554247856,1.0067429542541504,,,
,,,,,,,32767.0,61000.0,90.0
279.264,-0.5522637367248535,-0.5253865122795105,0.006784889381378889,0.062267933040857315,0.025280561298131943,1.0177754163742065,,,
,,,,,,,32767.0,61000.0,90.0
279.274,2.8517961502075195,-0.7405177354812622,-0.21218053996562958,0.06456826627254486,0.022988684475421906,1.00846266746521,,,
,,,,,,,32767.0,61000.0,90.0
279.284,2.0718650817871094,-0.27822133898735046,0.07337076216936111,0.06835930794477463,0.039274390786886215,0.994681179523468,,,
,,,,,,,32767.0,61000.0,90.0
279.294,-0.31204912066459656,0.2719701826572418,-0.03028099425137043,0.06727693974971771,0.04567756503820419,0.9918966889381409,,,
,,,,,,,32767.0,61000.0,90.0
279.304,-0.9322612285614014,-0.3601808547973633,-0.0090278759598732,0.06470948457717896,0.03142903372645378,1.0045253038406372,,,
,,,,,,,32767.0,61000.0,90.0
279.314,-0.2493230104446411,-0.2977818548679352,-0.30846667289733887,0.06327077001333237,0.029366081580519676,1.0134401321411133,,,
,,,,,,,32767.0,61000.0,90.0
279.324,1.0748867988586426,-0.5943112969398499,-0.17903637886047363,0.06403294205665588,0.031011706218123436,1.0040360689163208,,,
,,,,,,,32767.0,61000.0,90.0
279.334,0.8102625608444214,0.217044860124588,0.08006744086742401,0.0667937621474266,0.03504563868045807,0.9947018623352051,,,
,,,,,,,32767.0,61000.0,90.0
279.344,-0.186828151345253,0.48927897214889526,-0.09303267300128937,0.06579802930355072,0.03964098542928696,1.0020747184753418,,,
,,,,,,,32767.0,61000.0,90.0
279.354,-1.7768747806549072,-0.11990807950496674,0.07704729586839676,0.06186136603355408,0.03337601572275162,1.005832552909851,,,
,,,,,,,32767.0,61000.0,90.0
279.364,-1.634459376335144,-0.17104661464691162,-0.23056720197200775,0.0629255548119545,0.0310493353754282,1.0053346157073975,,,
,,,,,,,32767.0,61000.0,90.0
279.374,0.18067307770252228,-0.20465929806232452,0.16444192826747894,0.06638524681329727,0.03064671903848648,1.0017385482788086,,,
,,,,,,,32767.0,61000.0,90.0
279.384,0.958278238773346,-0.11068879067897797,-0.2905363440513611,0.06563596427440643,0.03443489968776703,0.9989882707595825,,,
,,,,,,,32767.0,61000.0,90.0
279.394,1.1440644264221191,-0.008653650991618633,-0.0254956241697073,0.06256618350744247,0.03729785233736038,1.0021309852600098,,,
,,,,,,,32767.0,61000.0,90.0
279.404,-0.01481038611382246,-0.11187075823545456,-0.01758204959332943,0.06314118206501007,0.03431539610028267,1.0068902969360352,,,
,,,,,,,32767.0,61000.0,90.0
279.414,-0.8032577633857727,-0.018126964569091797,0.2150736302137375,0.06158074736595154,0.03241598978638649,1.0076152086257935,,,
,,,,,,,32767.0,61000.0,90.0
279.424,0.21340908110141754,0.2319989800453186,-0.07219346612691879,0.06326154619455338,0.03230377286672592,1.002158761024475,,,
,,,,,,,32767.0,61000.0,90.0
279.434,0.8723649382591248,-0.14187616109848022,0.2487764060497284,0.06445201486349106,0.036992672830820084,0.9970586895942688,,,
,,,,,,,32767.0,61000.0,90.0
279.444,0.49796062707901,0.2660050094127655,-0.05215512961149216,0.06336689740419388,0.0368867889046669,0.99814373254776,,,
,,,,,,,32767.0,61000.0,90.0
279.454,-0.6407648324966431,-0.3656332492828369,-0.19900591671466827,0.06491073966026306,0.03545863553881645,1.005333423614502,,,
,,,,,,,32767.0,61000.0,90.0
279.464,-1.1667052507400513,-0.21185025572776794,-0.3089306056499481,0.06441672891378403,0.0333067812025547,1.0038422346115112,,,
,,,,,,,32767.0,61000.0,90.0
279.474,-1.0392435789108276,-0.5520405173301697,-0.2531370520591736,0.06415879726409912,0.03215361386537552,1.001325249671936,,,
,,,,,,,32767.0,61000.0,90.0
279.484,0.4143705368041992,-0.005063401535153389,-0.048726633191108704,0.06392425298690796,0.032791558653116226,1.0026546716690063,,,
,,,,,,,32767.0,61000.0,90.0
279.494,0.47727224230766296,-0.3324652910232544,-0.042777132242918015,0.06454920023679733,0.033489543944597244,1.0050500631332397,,,
,,,,,,,32767.0,61000.0,90.0
279.504,0.4596731662750244,-0.3203039765357971,0.005099286325275898,0.0633280798792839,0.03278840333223343,1.0045793056488037,,,
,,,,,,,32767.0,61000.0,90.0
279.514,-0.3014408349990845,-0.012912562116980553,-0.10915745794773102,0.06282390654087067,0.033530835062265396,1.0030908584594727,,,
,,,,,,,32767.0,61000.0,90.0
279.524,-0.3967975080013275,-0.07182306051254272,-0.27966758608818054,0.0620766282081604,0.03344745934009552,1.003883719444275,,,
,,,,,,,32767.0,61000.0,90.0
279.534,0.36635497212409973,-0.16176144778728485,-0.1188390702009201,0.06318037956953049,0.031635116785764694,1.0037901401519775,,,
,,,,,,,32767.0,61000.0,90.0
279.544,0.6072160601615906,-0.25882449746131897,-0.10022047907114029,0.06286218017339706,0.032066669315099716,1.0031906366348267,,,
,,,,,,,32767.0,61000.0,90.0
279.554,0.017953628674149513,-0.08407819271087646,-0.09917408972978592,0.06419964879751205,0.035134293138980865,1.004543662071228,,,
,,,,,,,32767.0,59000.0,90.0
279.564,-0.6284936666488647,-0.18212850391864777,0.007321041543036699,0.06624101102352142,0.0343807153403759,1.0032092332839966,,,
,,,,,,,32767.0,59000.0,90.0
279.574,-1.27720046043396,0.031035197898745537,-0.2846653163433075,0.06817634403705597,0.03358552232384682,1.0039907693862915,,,
,,,,,,,32767.0,59000.0,90.0
279.584,-0.2168552130460739,0.12055162340402603,-0.10019216686487198,0.06626635789871216,0.034099552780389786,1.0045632123947144,,,
,,,,,,,32767.0,59000.0,90.0
279.594,0.40894463658332825,-0.4404255747795105,0.29093629121780396,0.06664730608463287,0.03136803209781647,1.0090949535369873,,,
,,,,,,,32767.0,59000.0,90.0
279.604,0.3539544939994812,-0.4499538540840149,0.36500340700149536,0.063688263297081,0.030707214027643204,1.0039207935333252,,,
,,,,,,,32767.0,59000.0,90.0
279.614,0.33641135692596436,0.1771100014448166,0.024457404389977455,0.06335053592920303,0.034077517688274384,0.9957817792892456,,,
,,,,,,,32767.0,59000.0,90.0
279.624,-1.1518440246582031,0.1283484548330307,-0.1170070692896843,0.06298642605543137,0.04039850831031799,0.9972684979438782,,,
,,,,,,,32767.0,59000.0,90.0
279.634,-1.6216164827346802,-0.1696573942899704,-0.051613520830869675,0.061739470809698105,0.03336324915289879,1.0055184364318848,,,
,,,,,,,32767.0,57000.0,90.0
279.644,0.46802061796188354,-0.03596977889537811,-0.1201796904206276,0.06521403789520264,0.02848917245864868,1.0069053173065186,,,
,,,,,,,32767.0,57000.0,90.0
279.654,0.9585123658180237,-0.06215645745396614,-0.19021804630756378,0.06610637158155441,0.0342840738594532,1.0025180578231812,,,
,,,,,,,32767.0,57000.0,90.0
279.664,1.362444519996643,-0.7974880337715149,0.032031700015068054,0.06641322374343872,0.03859351947903633,1.0056862831115723,,,
,,,,,,,32767.0,57000.0,90.0
279.674,0.05252404510974884,-0.25694844126701355,-0.113019660115242,0.06420789659023285,0.03343599662184715,0.9969741702079773,,,
,,,,,,,32767.0,57000.0,90.0
279.684,-0.04287942126393318,-0.3443642854690552,-0.025413207709789276,0.06762585043907166,0.037440765649080276,1.0008511543273926,,,
,,,,,,,32767.0,57000.0,90.0
279.694,-2.4139511585235596,0.21674565970897675,-0.06619405746459961,0.06391333788633347,0.03951678425073624,1.0032330751419067,,,
,,,,,,,32767.0,57000.0,90.0
279.704,-1.050029993057251,0.4025169610977173,-0.07004900276660919,0.06323805451393127,0.031055234372615814,1.0028635263442993,,,
,,,,,,,32767.0,57000.0,90.0
279.714,0.7460049986839294,-0.380373477935791,-0.15996693074703217,0.06066475808620453,0.02814651094377041,1.00461745262146,,,
,,,,,,,32767.0,57000.0,90.0
279.724,0.8074631690979004,-0.3039419949054718,0.03258071094751358,0.06214697286486626,0.03409997373819351,1.00411057472229,,,
,,,,,,,32767.0,55000.0,90.0
279.734,0.7152864336967468,0.21472835540771484,0.11933267116546631,0.06532468646764755,0.03555070608854294,1.0026094913482666,,,
,,,,,,,32767.0,55000.0,90.0
279.744,-0.06230998411774635,0.024818096309900284,0.16591739654541016,0.06555070728063583,0.03576363995671272,1.0016274452209473,,,
,,,,,,,32767.0,55000.0,90.0
279.754,0.23314695060253143,-0.3072361946105957,-0.0792044997215271,0.06321142613887787,0.03600317984819412,1.001692295074463,,,
,,,,,,,32767.0,55000.0,90.0
279.764,0.6926461458206177,-0.7112424969673157,0.026181906461715698,0.0632711797952652,0.0321207195520401,1.0036870241165161,,,
,,,,,,,32767.0,55000.0,90.0
279.774,1.3743417263031006,-1.0489944219589233,-0.3119594156742096,0.06418342143297195,0.031876932829618454,0.9989700317382812,,,
,,,,,,,32767.0,55000.0,90.0
279.784,-0.2751106023788452,0.2199246734380722,-0.0886245146393776,0.06501824408769608,0.04026937112212181,0.992030143737793,,,
,,,,,,,32767.0,55000.0,90.0
279.794,-3.2345714569091797,0.89923095703125,-0.021417541429400444,0.06591705232858658,0.041333168745040894,1.0000817775726318,,,
,,,,,,,32767.0,55000.0,90.0
279.804,-3.4305949211120605,0.3026992976665497,0.10154350847005844,0.06180954724550247,0.029336020350456238,1.0116124153137207,,,
,,,,,,,32767.0,54000.0,90.0
279.814,0.27288326621055603,-0.272906094789505,-0.07051456719636917,0.06345800310373306,0.022432837635278702,1.0135016441345215,,,
,,,,,,,32767.0,54000.0,90.0
279.824,3.0487117767333984,-1.159143328666687,0.011752038262784481,0.06491425633430481,0.032420139759778976,1.0025081634521484,,,
,,,,,,,32767.0,54000.0,90.0
279.834,2.725956916809082,0.012846910394728184,-0.1257268637418747,0.06424698233604431,0.03927815705537796,0.9928280115127563,,,
,,,,,,,32767.0,54000.0,90.0
279.844,0.8828685283660889,-0.29366937279701233,0.09540771692991257,0.06461115926504135,0.03915572911500931,0.9996461272239685,,,
,,,,,,,32767.0,54000.0,90.0
279.854,0.0009001982398331165,-0.37092655897140503,-0.240229532122612,0.06502671539783478,0.032392971217632294,1.00814688205719,,,
,,,,,,,32767.0,54000.0,90.0
279.864,-1.3691370487213135,0.10603489726781845,-0.49847450852394104,0.06260743737220764,0.032150935381650925,1.0022822618484497,,,
,,,,,,,32767.0,54000.0,90.0
279.874,-1.4777995347976685,0.04429490119218826,0.03139611706137657,0.0637306272983551,0.03488888591527939,1.0033841133117676,,,
,,,,,,,32767.0,54000.0,90.0
279.884,-2.40993332862854,0.3664292097091675,0.2148120254278183,0.06598608195781708,0.03396683558821678,1.0054353475570679,,,
,,,,,,,32767.0,54000.0,90.0
279.894,-0.731623649597168,-0.21998101472854614,-0.037074897438287735,0.06420059502124786,0.02790902554988861,1.0114737749099731,,,
,,,,,,,32767.0,54000.0,90.0
279.904,1.1575489044189453,-0.44889384508132935,-0.039829157292842865,0.06287537515163422,0.028632378205657005,1.004827618598938,,,
,,,,,,,32767.0,54000.0,90.0
279.914,1.622253179550171,-0.30107417702674866,-0.17276699841022491,0.06424298882484436,0.03571775183081627,1.0030635595321655,,,
,,,,,,,32767.0,54000.0,90.0
279.924,1.1500083208084106,-0.2597067654132843,-0.29041844606399536,0.06487073749303818,0.03564847260713577,1.0042046308517456,,,
,,,,,,,32767.0,54000.0,90.0
279.934,0.290437787771225,-0.39482948184013367,-0.32491275668144226,0.06486568599939346,0.03391532227396965,1.0026984214782715,,,
,,,,,,,32767.0,54000.0,90.0
279.944,-0.04809332638978958,-0.12159371376037598,-0.029008517041802406,0.06419440358877182,0.03476036712527275,1.0005875825881958,,,
,,,,,,,32767.0,54000.0,90.0
279.954,-0.24317075312137604,-0.25724998116493225,-0.10360489785671234,0.06385331600904465,0.03446831926703453,1.0014389753341675,,,
,,,,,,,32767.0,54000.0,90.0
279.964,-1.1583398580551147,0.6643837094306946,0.11502335220575333,0.06635691225528717,0.034886252135038376,1.00381338596344,,,
,,,,,,,32767.0,54000.0,90.0
279.974,-1.410250186920166,0.06993436068296432,-0.17278997600078583,0.06618331372737885,0.03478017821907997,1.0061731338500977,,,
,,,,,,,32767.0,52000.0,90.0
279.984,-0.6151452660560608,-0.30507564544677734,-0.21928846836090088,0.062687449157238,0.03196157142519951,1.003637433052063,,,
,,,,,,,32767.0,52000.0,90.0
279.994,0.8890020847320557,-0.3982367515563965,0.05101452395319939,0.062235698103904724,0.03260556235909462,1.0014804601669312,,,
,,,,,,,32767.0,52000.0,90.0
280.004,2.112781286239624,-0.8661890625953674,0.11250138282775879,0.06108831241726875,0.03186902776360512,1.0115535259246826,,,
,,,,,,,32767.0,52000.0,90.0
280.014,3.3709633350372314,-1.13962984085083,-0.17449252307415009,0.06308218836784363,0.02852906845510006,0.9977427124977112,,,
,,,,,,,32767.0,52000.0,90.0
280.024,-0.8829736113548279,1.2249481678009033,-0.1941157877445221,0.06532679498195648,0.045729175209999084,0.984965443611145,,,
,,,,,,,32767.0,52000.0,90.0
280.034,-5.63458251953125,1.03018057346344,0.21658822894096375,0.06345871835947037,0.04972429201006889,1.0056456327438354,,,
,,,,,,,32767.0,52000.0,90.0
280.044,-3.598074436187744,0.00816674530506134,-0.19802027940750122,0.06347183883190155,0.0170080978423357,1.0193744897842407,,,
,,,,,,,32767.0,52000.0,90.0
280.054,2.2168328762054443,-1.0909403562545776,-0.3114592730998993,0.06392733007669449,0.01455373503267765,1.0127606391906738,,,
,,,,,,,32767.0,52000.0,90.0
280.064,3.9656822681427,-0.8214280009269714,-0.222900390625,0.06833767145872116,0.04011430963873863,0.9894133806228638,,,
,,,,,,,32767.0,52000.0,90.0
280.074,0.7090294361114502,0.5578285455703735,0.07027316838502884,0.06639217585325241,0.048455532640218735,0.9842856526374817,,,
,,,,,,,32767.0,52000.0,90.0
280.084,-0.33104023337364197,0.23516389727592468,-0.043962910771369934,0.06525462120771408,0.03218483179807663,1.0054495334625244,,,
,,,,,,,32767.0,52000.0,90.0
280.094,-0.38964951038360596,-0.5625266432762146,-0.16518943011760712,0.061309028416872025,0.027118422091007233,1.0172911882400513,,,
,,,,,,,32767.0,52000.0,90.0
280.104,-0.030403759330511093,-0.4454399645328522,-0.22362184524536133,0.061785854399204254,0.03233906999230385,1.0068507194519043,,,
,,,,,,,32767.0,52000.0,90.0
280.114,-0.42009237408638,0.15187044441699982,0.07848692685365677,0.06561333686113358,0.04046649485826492,0.9872485995292664,,,
,,,,,,,32767.0,52000.0,90.0
280.124,-2.273960590362549,0.6306107640266418,-0.15908879041671753,0.06433863937854767,0.04308811575174332,0.995795488357544,,,
,,,,,,,32767.0,52000.0,90.0
280.134,-0.8818845152854919,0.3493538796901703,0.09061241149902344,0.0628957748413086,0.030445236712694168,1.0119922161102295,,,
,,,,,,,32767.0,52000.0,90.0
280.144,0.6050213575363159,-0.6920539736747742,-0.2682330906391144,0.06375529617071152,0.023285608738660812,1.0140177011489868,,,
,,,,,,,32767.0,52000.0,90.0
280.154,1.7634555101394653,-0.6608733534812927,-0.09120714664459229,0.0639837458729744,0.03414960205554962,1.003400206565857,,,
,,,,,,,32767.0,50000.0,90.0
280.164,1.1735706329345703,-0.19184178113937378,-0.3906710743904114,0.0666479617357254,0.03927509859204292,0.9932079315185547,,,
,,,,,,,35000.0,50000.0,90.0
280.174,0.22981280088424683,0.5787890553474426,-0.04001980647444725,0.06700906157493591,0.03559897840023041,0.9973995685577393,,,
,,,,,,,35000.0,50000.0,90.0
280.184,0.6594238877296448,-0.7329074144363403,-0.10971181839704514,0.05846712738275528,0.03185658901929855,1.012694001197815,,,
,,,,,,,35000.0,50000.0,90.0
280.194,-0.39890289306640625,-1.1566897630691528,-0.19923046231269836,0.06760299205780029,0.030210653319954872,0.9943925142288208,,,
,,,,,,,35000.0,50000.0,90.0
280.204,3.6259043216705322,-0.14146271347999573,0.7889006733894348,0.06437750160694122,0.04274492710828781,0.9780709147453308,,,
,,,,,,,35000.0,50000.0,90.0
280.214,-11.386330604553223,3.374483823776245,0.11705945432186127,0.07635130733251572,0.05218252167105675,0.9987033605575562,,,
,,,,,,,35000.0,50000.0,90.0
280.224,-6.126234531402588,0.01014049630612135,-1.2918199300765991,0.04571368545293808,0.017851734533905983,1.0381547212600708,,,
,,,,,,,35000.0,50000.0,90.0
280.234,7.2958574295043945,-1.9253860712051392,0.4267689883708954,0.061696745455265045,-0.003922032658010721,1.029381275177002,,,
,,,,,,,35000.0,49000.0,90.0
280.244,5.577456951141357,-1.6122827529907227,-1.4040424823760986,0.06682765483856201,0.0441436767578125,0.9764074087142944,,,
,,,,,,,35000.0,49000.0,90.0
280.254,2.460996150970459,-0.7582900524139404,0.27844488620758057,0.07292210310697556,0.07411175221204758,0.9678229689598083,,,
,,,,,,,35000.0,49000.0,90.0
280.264,-3.1207330226898193,0.6476458311080933,0.4340469539165497,0.07027861475944519,0.03705529123544693,0.991973340511322,,,
,,,,,,,35000.0,49000.0,90.0
280.274,0.3254621922969818,0.47100403904914856,0.017314322292804718,0.06073650345206261,0.008559169247746468,1.0307283401489258,,,
,,,,,,,35000.0,49000.0,90.0
280.284,1.9377617835998535,-0.11770201474428177,-0.2123798280954361,0.060911960899829865,0.02971714362502098,1.017015814781189,,,
,,,,,,,35000.0,49000.0,90.0
280.294,-6.578391075134277,0.7190693020820618,0.06359314918518066,0.06392907351255417,0.05151434615254402,0.9943641424179077,,,
,,,,,,,35000.0,49000.0,90.0
280.304,-5.794320106506348,0.1351137012243271,0.499203085899353,0.06399255990982056,0.03886674717068672,1.0010498762130737,,,
,,,,,,,35000.0,49000.0,90.0
280.314,1.020617961883545,-0.9106161594390869,0.10107507556676865,0.06389018893241882,0.013251320458948612,1.0083882808685303,,,
,,,,,,,35000.0,49000.0,90.0
280.324,7.404931545257568,-0.8686330318450928,-0.5503752827644348,0.06553632766008377,0.023336568847298622,1.0001713037490845,,,
,,,,,,,35000.0,49000.0,90.0
280.334,4.588082313537598,-0.12460262328386307,-0.23575295507907867,0.06809228658676147,0.04857570305466652,0.9883444309234619,,,
,,,,,,,35000.0,49000.0,90.0
280.344,-0.8937680721282959,0.48880434036254883,0.2724756896495819,0.06515476107597351,0.04788898676633835,0.9998289942741394,,,
,,,,,,,35000.0,49000.0,90.0
280.354,-2.9372079372406006,-0.0616767480969429,0.08400233834981918,0.06330838054418564,0.028883839026093483,1.0186958312988281,,,
,,,,,,,35000.0,49000.0,90.0
280.364,-0.6456032991409302,-0.6178132891654968,0.054839931428432465,0.06315671652555466,0.02298492006957531,1.0124897956848145,,,
,,,,,,,35000.0,49000.0,90.0
280.374,-1.0862191915512085,0.24324752390384674,0.03900986164808273,0.06595258414745331,0.04041573032736778,0.9944220781326294,,,
,,,,,,,35000.0,49000.0,90.0
280.384,-1.4616731405258179,0.34764474630355835,0.0552225261926651,0.06750446557998657,0.04393539950251579,0.989118218421936,,,
,,,,,,,35000.0,49000.0,90.0
280.394,-0.5412635207176208,0.16163858771324158,0.01693197526037693,0.06507706642150879,0.030165744945406914,1.0036487579345703,,,
,,,,,,,35000.0,49000.0,90.0
280.404,2.2053940296173096,-0.9208014607429504,-0.02019854448735714,0.06202509626746178,0.02262967824935913,1.0114818811416626,,,
,,,,,,,35000.0,49000.0,90.0
280.414,3.017599105834961,-0.7256268262863159,0.032507579773664474,0.06560110300779343,0.03389815613627434,1.0062850713729858,,,
,,,,,,,35000.0,49000.0,90.0
280.424,0.7802736759185791,-0.011478318832814693,0.05579771474003792,0.06868598610162735,0.040406983345746994,0.9915602207183838,,,
,,,,,,,35000.0,49000.0,90.0
280.434,-1.6078228950500488,0.49637874960899353,-0.10871192812919617,0.06597474217414856,0.039496660232543945,0.9967368245124817,,,
,,,,,,,35000.0,49000.0,90.0
280.444,-1.8892794847488403,-0.08101070672273636,0.060357678681612015,0.06565215438604355,0.03462626039981842,1.0072063207626343,,,
,,,,,,,35000.0,49000.0,90.0
280.454,-1.3349449634552002,-0.14353711903095245,-0.057524584233760834,0.06498637050390244,0.028632422909140587,1.0089199542999268,,,
,,,,,,,35000.0,49000.0,90.0
280.464,-0.26207777857780457,-0.21369709074497223,0.1292562186717987,0.06607897579669952,0.03344201669096947,1.0035151243209839,,,
,,,,,,,35000.0,49000.0,90.0
280.474,0.7078732252120972,-0.4584854543209076,0.05214066430926323,0.06473595649003983,0.03907443955540657,0.9996253848075867,,,
,,,,,,,35000.0,47000.0,90.0
280.484,1.4570814371109009,-0.28364312648773193,0.06644123792648315,0.06384359300136566,0.03611098974943161,1.001261830329895,,,
,,,,,,,35000.0,47000.0,90.0
280.494,1.355913758277893,-0.36246228218078613,0.10912144929170609,0.06445655226707458,0.033957019448280334,1.0055437088012695,,,
,,,,,,,35000.0,47000.0,90.0
280.504,1.7386926412582397,-0.7066426873207092,0.09605531394481659,0.06282761693000793,0.03206636384129524,1.010231614112854,,,
,,,,,,,35000.0,47000.0,90.0
280.514,1.641607642173767,-0.14513984322547913,-0.1211668998003006,0.06662103533744812,0.029365016147494316,0.9863024950027466,,,
,,,,,,,35000.0,47000.0,90.0
280.524,-5.604001045227051,2.0091936588287354,0.35112935304641724,0.0718107670545578,0.053068581968545914,0.9851669669151306,,,
,,,,,,,35000.0,47000.0,90.0
280.534,-8.186594009399414,1.2511106729507446,0.5801026225090027,0.05950551852583885,0.04347803443670273,1.0198473930358887,,,
,,,,,,,35000.0,47000.0,90.0
280.544,-2.827200412750244,-0.7328118681907654,-0.6051517128944397,0.0581471212208271,0.002109766472131014,1.0340542793273926,,,
,,,,,,,35000.0,47000.0,90.0
280.554,7.286496639251709,-2.159829616546631,-0.9614375829696655,0.06172453984618187,0.010492105968296528,1.004707932472229,,,
,,,,,,,35000.0,47000.0,90.0
280.564,6.624340057373047,-1.2284953594207764,-0.5910756587982178,0.0756121352314949,0.05748121067881584,0.9728475213050842,,,
,,,,,,,35000.0,44000.0,90.0
280.574,-1.6872187852859497,0.8955751657485962,0.36768680810928345,0.07110452651977539,0.061173684895038605,0.9745198488235474,,,
,,,,,,,35000.0,44000.0,90.0
280.584,0.04033438861370087,0.7285462021827698,0.2256186306476593,0.06390991806983948,0.026811502873897552,1.0121268033981323,,,
,,,,,,,35000.0,44000.0,90.0
280.594,0.15916532278060913,-0.7345348000526428,-0.4186326861381531,0.06291880458593369,0.01675676926970482,1.029768466949463,,,
,,,,,,,35000.0,44000.0,90.0
280.604,1.8045189380645752,-1.6782180070877075,-0.028098128736019135,0.06425674259662628,0.03148479759693146,1.0246448516845703,,,
,,,,,,,35000.0,44000.0,90.0
280.614,2.5288500785827637,1.0706663131713867,-0.2791498601436615,0.06999345868825912,0.03621924668550491,0.9594289660453796,,,
,,,,,,,35000.0,44000.0,90.0
280.624,-13.335806846618652,3.6306612491607666,0.9092882871627808,0.07917077094316483,0.07349510490894318,0.9745803475379944,,,
,,,,,,,35000.0,44000.0,90.0
280.634,-16.30821990966797,0.7463290691375732,-2.201336622238159,0.05342654883861542,0.03481268137693405,1.0457996129989624,,,
,,,,,,,35000.0,44000.0,90.0
280.644,4.5966362953186035,-2.491572380065918,-1.400718092918396,0.042428769171237946,-0.032658159732818604,1.0438735485076904,,,
,,,,,,,35000.0,42000.0,90.0
280.654,27.377117156982422,-3.231721878051758,-0.16900992393493652,0.07030265778303146,-0.002220258815214038,0.9855296611785889,,,
,,,,,,,35000.0,42000.0,90.0
280.664,-0.9425645470619202,1.1143805980682373,-0.8227243423461914,0.0801757425069809,0.09894749522209167,0.9521121382713318,,,
,,,,,,,35000.0,42000.0,90.0
280.674,-5.927006244659424,0.7504653930664062,0.8615136742591858,0.06701362878084183,0.09264768660068512,0.997205913066864,,,
,,,,,,,35000.0,42000.0,90.0
280.684,1.0950781106948853,0.7694767117500305,-0.27241969108581543,0.0656617134809494,-0.004181230440735817,1.0098634958267212,,,
,,,,,,,35000.0,42000.0,90.0
280.694,-1.5830116271972656,1.5614839792251587,-0.4357859790325165,0.07011467963457108,0.005798922851681709,1.0135979652404785,,,
,,,,,,,35000.0,42000.0,90.0
280.704,-5.491657733917236,0.025569936260581017,1.079176425933838,0.053334157913923264,0.062300991266965866,1.0255693197250366,,,
,,,,,,,35000.0,42000.0,90.0
280.714,-9.352774620056152,-0.8939516544342041,0.2143554985523224,0.06187962368130684,0.029712971299886703,1.0177507400512695,,,
,,,,,,,35000.0,42000.0,90.0
280.724,1.7343740463256836,-1.326023817062378,-2.428436040878296,0.06747791916131973,-0.0017459300579503179,0.9929007291793823,,,
,,,,,,,35000.0,42000.0,90.0
280.734,11.067285537719727,-0.6698803305625916,-0.632446825504303,0.07594134658575058,0.03785049542784691,0.9818537831306458,,,
,,,,,,,35000.0,37000.0,90.0
280.744,3.439290761947632,0.9338597059249878,0.7919346690177917,0.06878969818353653,0.06271901726722717,0.980818510055542,,,
,,,,,,,35000.0,37000.0,90.0
280.754,1.8654552698135376,-0.30611395835876465,0.35878103971481323,0.06598323583602905,0.0328473336994648,1.0056625604629517,,,
,,,,,,,35000.0,37000.0,90.0
280.764,2.020953893661499,-0.9908487200737,-0.8176128268241882,0.06774486601352692,0.02268611453473568,1.0206321477890015,,,
,,,,,,,35000.0,37000.0,90.0
280.774,-2.20786714553833,2.7111737728118896,4.473905086517334,0.06689999252557755,0.050056107342243195,0.983809232711792,,,
,,,,,,,35000.0,37000.0,90.0
280.784,-27.175338745117188,0.48232319951057434,-2.2791354656219482,0.06705000251531601,0.07285619527101517,1.0076276063919067,,,
,,,,,,,35000.0,37000.0,90.0
280.794,-11.39002799987793,-1.3344502449035645,-5.088393211364746,0.05141022056341171,-0.011564983054995537,1.0539950132369995,,,
,,,,,,,35000.0,37000.0,90.0
280.804,25.673059463500977,-1.860343098640442,3.087529182434082,0.055371325463056564,-0.041822098195552826,1.007639765739441,,,
,,,,,,,35000.0,37000.0,90.0
280.814,9.470406532287598,-2.085667848587036,-3.015068769454956,0.08226649463176727,0.0592007078230381,0.9657716751098633,,,
,,,,,,,35000.0,32767.0,90.0
280.824,1.126342535018921,1.537940263748169,0.15510766208171844,0.07081817090511322,0.11145938187837601,0.9712705612182617,,,
,,,,,,,35000.0,32767.0,90.0
280.834,-8.82052230834961,2.1835639476776123,0.9446256756782532,0.06700815260410309,0.0502299964427948,0.9956796765327454,,,
,,,,,,,35000.0,32767.0,90.0
280.844,3.5375418663024902,0.34632521867752075,-0.41511809825897217,0.07046470791101456,-0.01933884434401989,1.0320972204208374,,,
,,,,,,,35000.0,32767.0,90.0
280.854,-0.4955419898033142,0.25496411323547363,1.3518332242965698,0.057201262563467026,0.029999280348420143,1.0174994468688965,,,
,,,,,,,35000.0,32767.0,90.0
280.864,-16.459426879882812,-0.31340739130973816,-0.2228022813796997,0.05266651138663292,0.06787066161632538,1.038475513458252,,,
,,,,,,,35000.0,32767.0,90.0
280.874,6.939673900604248,-2.6379189491271973,-0.11675743758678436,0.06372706592082977,-0.0001265319442609325,0.9909492135047913,,,
,,,,,,,35000.0,32767.0,90.0
280.884,-1.0345345735549927,-0.1797305792570114,-2.3172717094421387,0.07563098520040512,0.02291608415544033,0.9799798130989075,,,
,,,,,,,35000.0,32767.0,90.0
280.894,12.103388786315918,0.7242287397384644,1.6619688272476196,0.06735482811927795,0.05510915815830231,0.9920424818992615,,,
,,,,,,,35000.0,32767.0,90.0
280.904,-3.10969614982605,0.36466184258461,-0.1997835636138916,0.06747400760650635,0.04288869723677635,0.9916247725486755,,,
,,,,,,,35000.0,32767.0,90.0
280.914,3.8554520870093256e-05,0.14365124702453613,-0.3162270188331604,0.0642644539475441,0.025815557688474655,1.0230364799499512,,,
,,,,,,,35000.0,32767.0,90.0
280.924,-4.664487361907959,-0.2342606782913208,0.2775774300098419,0.06109408661723137,0.03428620845079422,1.021346926689148,,,
,,,,,,,35000.0,32767.0,90.0
280.934,-1.7038804292678833,-0.4778425693511963,0.20069989562034607,0.06424076855182648,0.02462882734835148,1.0014852285385132,,,
,,,,,,,35000.0,32767.0,90.0
280.944,0.8806749582290649,-0.4757865071296692,-0.5506801605224609,0.06970828026533127,0.03223913162946701,0.9898324012756348,,,
,,,,,,,35000.0,32767.0,90.0
280.954,1.829903244972229,-0.031232964247465134,0.018383078277111053,0.06734250485897064,0.041169580072164536,0.990903377532959,,,
,,,,,,,35000.0,32767.0,90.0
280.964,2.108520269393921,-0.04724382981657982,0.11557652801275253,0.06465005874633789,0.03295723721385002,1.0044139623641968,,,
,,,,,,,35000.0,32767.0,90.0
280.974,1.7118831872940063,-0.11826891452074051,-0.3255172371864319,0.06642572581768036,0.025329839438199997,1.009446382522583,,,
,,,,,,,35000.0,32767.0,90.0
280.984,-2.654571533203125,-0.18339425325393677,-0.4068332016468048,0.06333594769239426,0.039978012442588806,1.0132559537887573,,,
,,,,,,,35000.0,32767.0,90.0
280.994,-1.3679754734039307,-0.41833487153053284,0.20332762598991394,0.06317798793315887,0.03495895117521286,1.0022988319396973,,,
,,,,,,,35000.0,32767.0,90.0
281.004,-2.298281669616699,0.019499897956848145,-0.2537728250026703,0.06580762565135956,0.028217514976859093,0.993674635887146,,,
,,,,,,,35000.0,32767.0,90.0
281.014,2.0781214237213135,-0.27264875173568726,-0.01904962584376335,0.06594675779342651,0.034704577177762985,0.9989821314811707,,,
,,,,,,,35000.0,32767.0,90.0
281.024,1.1765961647033691,-0.455058753490448,0.08525960147380829,0.0651315376162529,0.03500211611390114,1.0039578676223755,,,
,,,,,,,35000.0,32767.0,90.0
281.034,1.3233951330184937,-0.41155996918678284,-0.41886448860168457,0.06604886800050735,0.03092336468398571,1.0055198669433594,,,
,,,,,,,35000.0,32767.0,90.0
281.044,0.40254974365234375,-0.15343306958675385,-0.2751009166240692,0.06456097960472107,0.03690420463681221,1.0051144361495972,,,
,,,,,,,35000.0,32767.0,90.0
281.054,-2.6930689811706543,0.15905174612998962,-0.16660234332084656,0.06414905190467834,0.04306427016854286,1.000270962715149,,,
,,,,,,,35000.0,32767.0,90.0
281.064,-1.0978338718414307,0.0437396802008152,-0.23818668723106384,0.06524059176445007,0.03112579695880413,0.9997567534446716,,,
,,,,,,,35000.0,32767.0,90.0
281.074,0.06142304465174675,0.14015591144561768,-0.23130764067173004,0.06512874364852905,0.028274601325392723,1.003541350364685,,,
,,,,,,,35000.0,27000.0,90.0
281.084,1.4103987216949463,-0.6389189958572388,0.07870520651340485,0.06464830785989761,0.03427169844508171,1.005990743637085,,,
,,,,,,,35000.0,27000.0,90.0
281.094,1.1776924133300781,-0.6903035640716553,0.3565671741962433,0.0646500289440155,0.03042680211365223,1.0072535276412964,,,
,,,,,,,35000.0,27000.0,90.0
281.104,9.640410423278809,-0.26690852642059326,-0.6167979836463928,0.06855419278144836,0.026817869395017624,0.9981868863105774,,,
,,,,,,,35000.0,27000.0,90.0
281.114,-3.8428308963775635,1.432966947555542,1.2268681526184082,0.07014182209968567,0.06006990745663643,0.9806602597236633,,,
,,,,,,,35000.0,27000.0,90.0
281.124,-21.894702911376953,1.5915228128433228,0.1430581659078598,0.06181160733103752,0.06797506660223007,1.027156949043274,,,
,,,,,,,35000.0,27000.0,90.0
281.134,4.7579569816589355,-2.8465371131896973,0.9411318898200989,0.05761696398258209,-0.008913187310099602,1.030604600906372,,,
,,,,,,,35000.0,27000.0,90.0
281.144,4.3445963859558105,0.28050729632377625,-1.7375320196151733,0.0687372162938118,-0.007770879194140434,0.9911342859268188,,,
,,,,,,,35000.0,27000.0,90.0
281.154,8.95449161529541,-0.6430954337120056,0.47467896342277527,0.06776656210422516,0.06524323672056198,0.9933706521987915,,,
,,,,,,,35000.0,24000.0,90.0
281.164,3.827005624771118,-0.16252782940864563,0.46953123807907104,0.07378160208463669,0.0560738630592823,0.976470947265625,,,
,,,,,,,35000.0,24000.0,90.0
281.174,-6.05311393737793,1.5872979164123535,-0.23960785567760468,0.06703335791826248,0.026975193992257118,1.0017645359039307,,,
,,,,,,,35000.0,24000.0,90.0
281.184,3.4759528636932373,-0.23910371959209442,0.4175484776496887,0.06399360299110413,0.021865323185920715,1.0263413190841675,,,
,,,,,,,35000.0,24000.0,90.0
281.194,-10.302968978881836,-0.1776055246591568,-0.04201725870370865,0.06136096641421318,0.03759520500898361,1.0126453638076782,,,
,,,,,,,35000.0,24000.0,90.0
281.204,-2.934216022491455,-0.05948549881577492,-0.010275674052536488,0.0632387176156044,0.02668466977775097,1.01529860496521,,,
,,,,,,,35000.0,24000.0,90.0
281.214,2.4965360164642334,-0.41706621646881104,-0.44487035274505615,0.06751137971878052,0.020461177453398705,0.9896635413169861,,,
,,,,,,,35000.0,24000.0,90.0
281.224,3.5810043811798096,-0.05300929397344589,-0.6830530762672424,0.07051142305135727,0.03896491602063179,0.9833273887634277,,,
,,,,,,,35000.0,24000.0,90.0
281.234,6.798075199127197,-0.1678106188774109,0.26007145643234253,0.06808915734291077,0.04263674095273018,0.9968888759613037,,,
,,,,,,,35000.0,24000.0,90.0
281.244,-0.23293830454349518,0.31891903281211853,-0.3854467570781708,0.06612884253263474,0.0325491726398468,1.0040746927261353,,,
,,,,,,,35000.0,19000.0,90.0
281.254,-3.566622734069824,0.048280686140060425,0.14694181084632874,0.06209448724985123,0.03415549546480179,1.0215563774108887,,,
,,,,,,,35000.0,19000.0,90.0
281.264,-3.612717390060425,-0.6934215426445007,0.3911775052547455,0.06335955113172531,0.028881601989269257,1.0124565362930298,,,
,,,,,,,35000.0,19000.0,90.0
281.274,-3.030060052871704,-0.3169609010219574,-0.04531728848814964,0.06311594694852829,0.02375565841794014,1.0025990009307861,,,
,,,,,,,35000.0,19000.0,90.0
281.284,9.706863403320312,-0.548076331615448,-0.3874809741973877,0.06971351057291031,0.02264527976512909,0.9932747483253479,,,
,,,,,,,35000.0,19000.0,90.0
281.294,-1.9828312397003174,0.7326240539550781,-0.47257378697395325,0.06786908209323883,0.05149785056710243,0.9829429984092712,,,
,,,,,,,35000.0,19000.0,90.0
281.304,-6.21549129486084,0.5700376033782959,0.4831109941005707,0.06152059882879257,0.04854016751050949,1.0184447765350342,,,
,,,,,,,35000.0,19000.0,90.0
281.314,0.762825071811676,-0.4636223614215851,0.28281599283218384,0.061886854469776154,0.005931345280259848,1.016326665878296,,,
,,,,,,,35000.0,19000.0,90.0
281.324,0.10764256864786148,-0.46240270137786865,-0.522571325302124,0.06464409828186035,0.018525229766964912,0.9996583461761475,,,
,,,,,,,35000.0,16000.0,90.0
281.334,4.367101192474365,-0.41604676842689514,0.262644499540329,0.06498607248067856,0.051555365324020386,0.9980131983757019,,,
,,,,,,,35000.0,16000.0,90.0
281.344,-0.46711409091949463,0.840686023235321,0.04020616039633751,0.06634853780269623,0.04051125794649124,0.9869977235794067,,,
,,,,,,,35000.0,16000.0,90.0
281.354,0.8705729246139526,-0.1121402159333229,-0.20757322013378143,0.0663188099861145,0.030526984483003616,1.009825348854065,,,
,,,,,,,35000.0,16000.0,90.0
281.364,2.5111336708068848,0.1277933567762375,0.08497833460569382,0.06564734876155853,0.030445361509919167,1.0094833374023438,,,
,,,,,,,35000.0,16000.0,90.0
281.374,-7.993103504180908,0.7487273216247559,-0.1776789128780365,0.06485968828201294,0.04145118594169617,1.0047727823257446,,,
,,,,,,,35000.0,16000.0,90.0
281.384,-0.47990724444389343,-0.5818812251091003,0.18361744284629822,0.06427663564682007,0.030441340059041977,1.0088099241256714,,,
,,,,,,,35000.0,16000.0,90.0
281.394,0.7999252080917358,-0.11065918952226639,-0.28337299823760986,0.0675947368144989,0.02340732142329216,0.9939428567886353,,,
,,,,,,,35000.0,16000.0,90.0
281.404,3.4458730220794678,0.010240931995213032,-0.09440245479345322,0.0642632469534874,0.03423282876610756,0.9989486336708069,,,
,,,,,,,35000.0,16000.0,90.0
281.414,3.6381216049194336,-0.2005084604024887,0.16134290397167206,0.06511159986257553,0.039083000272512436,1.0018305778503418,,,
,,,,,,,35000.0,12000.0,90.0
281.424,-1.7627257108688354,0.3532274663448334,-0.1339300125837326,0.06544259190559387,0.03390207886695862,1.0048571825027466,,,
,,,,,,,36000.0,12000.0,90.0
281.434,-0.7936365604400635,-0.5438126921653748,-0.014551634900271893,0.06468598544597626,0.0365014374256134,1.014831781387329,,,
,,,,,,,36000.0,12000.0,90.0
281.444,2.882038116455078,0.05826565623283386,0.1269337683916092,0.06595776230096817,0.0267858374863863,0.9991124868392944,,,
,,,,,,,36000.0,12000.0,90.0
281.454,-7.373410224914551,0.4867614209651947,-0.38083550333976746,0.06805217266082764,0.0446862056851387,0.9981741309165955,,,
,,,,,,,36000.0,12000.0,90.0
281.464,-1.0842219591140747,-0.5092043280601501,0.46088239550590515,0.06275127083063126,0.035268910229206085,1.0110430717468262,,,
,,,,,,,36000.0,12000.0,90.0
281.474,0.28666168451309204,-0.21273162961006165,-0.4362246096134186,0.0641457587480545,0.018375862389802933,0.9975563883781433,,,
,,,,,,,36000.0,12000.0,90.0
281.484,6.40688419342041,-0.8056194186210632,0.2302900105714798,0.06788604706525803,0.03341386839747429,1.0037058591842651,,,
,,,,,,,36000.0,12000.0,90.0
281.494,3.403770685195923,-0.17116554081439972,0.07917547225952148,0.06344442069530487,0.04460255056619644,1.0001063346862793,,,
,,,,,,,36000.0,10000.0,90.0
281.504,-3.462514638900757,0.27596229314804077,-0.7133329510688782,0.06500688940286636,0.041142161935567856,1.0047595500946045,,,
,,,,,,,36000.0,10000.0,90.0
281.514,-1.7473376989364624,-0.2740258574485779,-0.02451726421713829,0.061604175716638565,0.032784353941679,1.0104302167892456,,,
,,,,,,,36000.0,10000.0,90.0
281.524,-0.4220365285873413,-0.19017434120178223,0.11272630095481873,0.06544838845729828,0.023249167948961258,1.0016696453094482,,,
,,,,,,,36000.0,10000.0,90.0
281.534,-1.893428087234497,0.3205074667930603,0.04587934911251068,0.06836802512407303,0.03766125068068504,1.0005093812942505,,,
,,,,,,,36000.0,10000.0,90.0
281.544,-0.9790407419204712,-0.5312066674232483,0.08083873987197876,0.06346306949853897,0.04096169024705887,1.0043833255767822,,,
,,,,,,,36000.0,10000.0,90.0
281.554,2.346895456314087,0.2454906404018402,0.21307684481143951,0.061566226184368134,0.024710610508918762,1.0018185377120972,,,
,,,,,,,36000.0,10000.0,90.0
281.564,2.694183349609375,0.10938136279582977,-0.33433806896209717,0.06384237110614777,0.029983969405293465,1.002116084098816,,,
,,,,,,,36000.0,10000.0,90.0
281.574,0.7860509753227234,-0.5170714259147644,0.1242208257317543,0.06526732444763184,0.04179706051945686,1.005827784538269,,,
,,,,,,,36000.0,10000.0,90.0
281.584,-2.4936492443084717,0.10330065339803696,-0.21122178435325623,0.0656372681260109,0.03366420418024063,1.001895546913147,,,
,,,,,,,36000.0,4000.0,90.0
281.594,-1.9345170259475708,0.03139291703701019,-0.1732178032398224,0.06410092860460281,0.030999569222331047,1.0014078617095947,,,
,,,,,,,37000.0,4000.0,90.0
281.604,-1.0266835689544678,-0.25305017828941345,-0.028455384075641632,0.06087014824151993,0.032765813171863556,1.0040035247802734,,,
,,,,,,,37000.0,4000.0,90.0
281.614,1.2149795293807983,-0.28660014271736145,0.2375369369983673,0.06281784921884537,0.029366640374064445,1.0080420970916748,,,
,,,,,,,37000.0,4000.0,90.0
281.624,9.914897918701172,0.4340592622756958,-0.08516799658536911,0.06909620016813278,0.022529585286974907,0.9962266683578491,,,
,,,,,,,37000.0,4000.0,90.0
281.634,-5.418901443481445,0.1354052871465683,-1.3075404167175293,0.07141846418380737,0.05807537958025932,0.9931122064590454,,,
,,,,,,,37000.0,4000.0,90.0
281.644,-4.830091953277588,-0.3913867175579071,1.1258701086044312,0.06019109860062599,0.04841458424925804,1.0102664232254028,,,
,,,,,,,37000.0,4000.0,90.0
281.654,-1.828675627708435,0.6005631685256958,0.1425885707139969,0.07009171694517136,0.005645602475851774,1.0052564144134521,,,
,,,,,,,37000.0,4000.0,90.0
281.664,0.13379736244678497,-0.3181185722351074,-1.0950655937194824,0.06862660497426987,0.02266828529536724,1.0120139122009277,,,
,,,,,,,37000.0,4000.0,90.0
281.674,5.529106616973877,-1.082721471786499,0.41000255942344666,0.061935774981975555,0.04384518042206764,1.0013314485549927,,,
,,,,,,,37000.0,0.0,90.0
281.684,1.2960407733917236,0.09239643067121506,0.050378307700157166,0.06956878304481506,0.03139473870396614,0.98066645860672,,,
,,,,,,,37000.0,0.0,90.0
281.694,1.0139902830123901,0.0838022530078888,0.02437451481819153,0.06566042453050613,0.03806969150900841,1.0000720024108887,,,
,,,,,,,37000.0,0.0,90.0
281.704,0.23818352818489075,-0.08502701669931412,-0.004477824550122023,0.06028180569410324,0.034327346831560135,1.0079624652862549,,,
,,,,,,,37000.0,0.0,90.0
281.714,-8.114673614501953,0.35489052534103394,-0.11325370520353317,0.06491050124168396,0.03577657416462898,1.0110234022140503,,,
,,,,,,,37000.0,0.0,90.0
281.724,-2.683701992034912,-0.7877097129821777,0.04167487099766731,0.060941193252801895,0.025634296238422394,1.013261318206787,,,
,,,,,,,37000.0,0.0,90.0
281.734,1.8672916889190674,-0.32267388701438904,-0.18568406999111176,0.06536786258220673,0.021302539855241776,0.995549201965332,,,
,,,,,,,37000.0,0.0,90.0
281.744,4.027530193328857,0.017961548641324043,-0.27850574254989624,0.06749497354030609,0.03719570115208626,0.9859187602996826,,,
,,,,,,,37000.0,0.0,90.0
281.754,4.395168304443359,-0.1534014344215393,0.04350145533680916,0.06761810183525085,0.04582774266600609,0.9952939748764038,,,
,,,,,,,37000.0,0.0,90.0
281.764,-0.6187575459480286,0.6565855741500854,-0.221199169754982,0.06733644008636475,0.03333616256713867,1.0073710680007935,,,
,,,,,,,37000.0,0.0,90.0
281.774,-3.0444741249084473,-0.10387007147073746,0.0956479161977768,0.06437923014163971,0.0310211218893528,1.0193108320236206,,,
,,,,,,,37000.0,0.0,90.0
281.784,-2.5449390411376953,-0.7659302949905396,0.056130923330783844,0.06402018666267395,0.032725103199481964,1.009607195854187,,,
,,,,,,,37000.0,0.0,90.0
281.794,-1.8939749002456665,0.021609831601381302,-0.06982383131980896,0.06574805080890656,0.03132561966776848,0.9973555207252502,,,
,,,,,,,37000.0,0.0,90.0
281.804,1.515689492225647,-0.24030517041683197,-0.14703486859798431,0.06781095266342163,0.03481253236532211,0.99124675989151,,,
,,,,,,,37000.0,0.0,90.0
281.814,2.7554993629455566,0.04656632989645004,-0.11657001823186874,0.06454749405384064,0.033940620720386505,0.9959352612495422,,,
,,,,,,,37000.0,0.0,90.0
281.824,2.3497393131256104,0.009114500135183334,-0.10091070085763931,0.06448004394769669,0.03094690851867199,1.0083099603652954,,,
,,,,,,,37000.0,0.0,90.0
281.834,-0.9859656691551208,0.03778120502829552,-0.055021025240421295,0.06551108509302139,0.0343635231256485,1.0108097791671753,,,
,,,,,,,37000.0,0.0,90.0
281.844,-2.5021004676818848,-0.4133853316307068,-0.049128059297800064,0.0654565617442131,0.037879545241594315,1.0084269046783447,,,
,,,,,,,38000.0,0.0,90.0
281.854,-1.786224126815796,0.09346123784780502,0.0374591164290905,0.06733571738004684,0.03208903223276138,1.0010299682617188,,,
,,,,,,,38000.0,0.0,90.0
281.864,-0.21691757440567017,0.40138548612594604,-0.19334127008914948,0.06680794060230255,0.027878593653440475,1.0012422800064087,,,
,,,,,,,38000.0,0.0,90.0
281.874,2.003894567489624,-0.17651043832302094,0.06639950722455978,0.06470336019992828,0.031868141144514084,1.0062270164489746,,,
,,,,,,,38000.0,0.0,90.0
281.884,2.3243789672851562,-0.12615139782428741,-0.07171820849180222,0.06483727693557739,0.0292525477707386,1.005056619644165,,,
,,,,,,,38000.0,0.0,90.0
281.894,-0.3058643639087677,-0.3996157646179199,-0.12259241193532944,0.06462548673152924,0.03391283378005028,1.0030473470687866,,,
,,,,,,,38000.0,0.0,90.0
281.904,-0.06665714085102081,0.08210190385580063,0.22807510197162628,0.06510414928197861,0.03285931795835495,1.002337098121643,,,
,,,,,,,38000.0,0.0,90.0
281.914,-3.0660996437072754,0.4225696623325348,-0.043750517070293427,0.06360223144292831,0.028961090371012688,0.9980498552322388,,,
,,,,,,,38000.0,0.0,90.0
281.924,0.39919334650039673,-0.551119327545166,-0.24800404906272888,0.06383345276117325,0.03129676356911659,1.006471037864685,,,
,,,,,,,38000.0,0.0,90.0
281.934,0.035230934619903564,0.021261155605316162,0.03106401301920414,0.0659758523106575,0.03279223293066025,1.0025444030761719,,,
,,,,,,,38000.0,0.0,90.0
281.944,2.3013079166412354,-0.31805312633514404,0.13247568905353546,0.06551283597946167,0.031144415959715843,1.003324031829834,,,
,,,,,,,38000.0,0.0,90.0
281.954,0.4684385061264038,-0.0445089191198349,-0.18937842547893524,0.0641176626086235,0.035980526357889175,1.0017515420913696,,,
,,,,,,,38000.0,0.0,90.0
281.964,-1.2456389665603638,0.12424718588590622,-0.11721987277269363,0.06377572566270828,0.0371469222009182,1.0023537874221802,,,
,,,,,,,38000.0,0.0,90.0
281.974,-0.6037948131561279,-0.2969314754009247,-0.04378800466656685,0.06402508914470673,0.031235676258802414,1.0044879913330078,,,
,,,,,,,38000.0,0.0,90.0
281.984,-1.1103413105010986,0.08248621225357056,-0.02001308463513851,0.06370237469673157,0.029976798221468925,1.005968451499939,,,
,,,,,,,38000.0,0.0,90.0
281.994,0.6716313362121582,-0.4807990491390228,0.1640692502260208,0.06494712829589844,0.032982975244522095,1.004570484161377,,,
,,,,,,,38000.0,0.0,90.0
282.004,0.9933966398239136,0.1773257702589035,-0.08285211026668549,0.06417123973369598,0.034170858561992645,1.001039981842041,,,
,,,,,,,38000.0,0.0,90.0
282.014,0.996891975402832,0.05456191301345825,-0.11025948077440262,0.062330212444067,0.03363560512661934,1.0045024156570435,,,
,,,,,,,38000.0,0.0,90.0
282.024,-0.3896864354610443,-0.09537509828805923,0.01765681989490986,0.06430048495531082,0.03572133183479309,1.0044625997543335,,,
,,,,,,,38000.0,0.0,90.0
282.034,-1.2652924060821533,0.20769938826560974,0.03616160526871681,0.06525665521621704,0.03247388079762459,1.0044512748718262,,,
,,,,,,,38000.0,0.0,90.0
282.044,-0.5784769654273987,-0.11239791661500931,0.020502479746937752,0.06527702510356903,0.03479042649269104,1.0043163299560547,,,
,,,,,,,38000.0,0.0,90.0
282.054,-0.4057480990886688,-0.2660341262817383,-0.047695036977529526,0.06543461233377457,0.03473326563835144,1.000463604927063,,,
,,,,,,,38000.0,0.0,90.0
282.064,0.9209290742874146,-0.1354261338710785,0.2070881873369217,0.06505848467350006,0.032396409660577774,1.0021857023239136,,,
,,,,,,,38000.0,0.0,90.0
282.074,0.5987895727157593,0.23578393459320068,0.12694811820983887,0.06628451496362686,0.03279716521501541,1.0046638250350952,,,
,,,,,,,38000.0,0.0,90.0
282.084,-0.1588800698518753,-0.1012110561132431,-0.0692925676703453,0.06451072543859482,0.033390067517757416,1.0050573348999023,,,
,,,,,,,38000.0,0.0,90.0
282.094,-0.5797436833381653,0.0956416204571724,0.20950520038604736,0.06437885761260986,0.032335832715034485,1.0026352405548096,,,
,,,,,,,39000.0,0.0,90.0
282.104,-0.7090010046958923,-0.14231567084789276,-0.2910887897014618,0.06483709812164307,0.03251943737268448,1.003618836402893,,,
,,,,,,,39000.0,0.0,90.0
282.114,-0.25400444865226746,0.0343395434319973,-0.20835144817829132,0.0648065060377121,0.03397425636649132,1.005329966545105,,,
,,,,,,,39000.0,0.0,90.0
282.124,0.833314061164856,0.19255980849266052,0.16923320293426514,0.06567174941301346,0.030667584389448166,1.0031847953796387,,,
,,,,,,,39000.0,0.0,90.0
282.134,-0.17899765074253082,-0.674930214881897,-0.27858003973960876,0.06395816057920456,0.035523898899555206,1.0018284320831299,,,
,,,,,,,39000.0,0.0,90.0
282.144,1.8032279014587402,-0.42092475295066833,0.081547312438488,0.06954791396856308,0.034966841340065,1.0070103406906128,,,
,,,,,,,39000.0,0.0,90.0
282.154,-2.4102253913879395,0.4470714330673218,-0.30691999197006226,0.06474962830543518,0.03209521621465683,1.0001972913742065,,,
,,,,,,,39000.0,0.0,90.0
282.164,0.09940339624881744,-0.4309704601764679,-0.08100877702236176,0.062147174030542374,0.03331315517425537,1.0043610334396362,,,
,,,,,,,39000.0,0.0,90.0
282.174,-0.654178261756897,-0.016384057700634003,-0.13828778266906738,0.06280715018510818,0.03371087834239006,1.0022714138031006,,,
,,,,,,,39000.0,0.0,90.0
282.184,0.9793574810028076,-0.20303450524806976,0.13069096207618713,0.06689256429672241,0.028554942458868027,1.0037599802017212,,,
,,,,,,,39000.0,0.0,90.0
282.194,0.19251246750354767,-0.4757216274738312,-0.18481457233428955,0.06759973615407944,0.032479118555784225,1.000209093093872,,,
,,,,,,,39000.0,0.0,90.0
282.204,-0.07380372285842896,0.025244690477848053,-0.17596334218978882,0.06572773307561874,0.03503013774752617,1.0006649494171143,,,
,,,,,,,39000.0,0.0,90.0
282.214,0.3344617486000061,-0.3784187138080597,-0.026248954236507416,0.06348050385713577,0.03227527439594269,1.0037959814071655,,,
,,,,,,,39000.0,0.0,90.0
282.224,-1.1280837059020996,0.39347654581069946,-0.10813160240650177,0.06563591957092285,0.029469534754753113,1.0068424940109253,,,
,,,,,,,39000.0,0.0,90.0
282.234,-0.1556473970413208,-0.01568475365638733,-0.26513031125068665,0.06672576814889908,0.03062383271753788,1.0046099424362183,,,
,,,,,,,39000.0,0.0,90.0
282.244,-0.006753176916390657,0.26833975315093994,0.14993230998516083,0.06653816998004913,0.03436723351478577,0.9990748167037964,,,
,,,,,,,39000.0,0.0,90.0
282.254,0.4937298595905304,-0.07660834491252899,-0.09225135296583176,0.06357316672801971,0.035511039197444916,1.0025558471679688,,,
,,,,,,,39000.0,0.0,90.0
282.264,0.053650517016649246,-0.19995926320552826,0.002624301938340068,0.06585026532411575,0.030258066952228546,1.0064443349838257,,,
,,,,,,,39000.0,0.0,90.0
282.274,-0.02735452726483345,0.20718492567539215,-0.3885328471660614,0.06432506442070007,0.029636966064572334,1.0034259557724,,,
,,,,,,,39000.0,0.0,90.0
282.284,-0.42102381587028503,-0.010398347862064838,-0.28156688809394836,0.06369446963071823,0.03466491028666496,1.0034761428833008,,,
,,,,,,,39000.0,0.0,90.0
282.294,-0.42416083812713623,0.05699180066585541,-0.1304398775100708,0.06502783298492432,0.03370025381445885,0.9992460608482361,,,
,,,,,,,39000.0,0.0,90.0
282.304,0.24125656485557556,-0.024825936183333397,-0.030848002061247826,0.0654098242521286,0.035092927515506744,1.0012025833129883,,,
,,,,,,,39000.0,0.0,90.0
282.314,0.18104076385498047,-0.39865314960479736,0.1894916296005249,0.061216648668050766,0.03546534851193428,1.0016764402389526,,,
,,,,,,,39000.0,0.0,90.0
282.324,0.2270359992980957,-0.4331413507461548,-0.2921920716762543,0.062255311757326126,0.03045177087187767,1.002110242843628,,,
,,,,,,,39000.0,0.0,90.0
282.334,-0.0629938468337059,-0.17947706580162048,-0.09496582299470901,0.06708206981420517,0.03291162848472595,1.0034314393997192,,,
,,,,,,,39000.0,0.0,90.0
282.344,-0.333573579788208,0.04324285313487053,-0.14869403839111328,0.0665631964802742,0.03327186405658722,1.0015596151351929,,,
,,,,,,,39000.0,0.0,90.0
282.354,-0.3394714295864105,0.039871640503406525,0.04954405874013901,0.06571269780397415,0.0315718874335289,1.002309799194336,,,
,,,,,,,39000.0,0.0,90.0
282.364,-0.2594511806964874,0.02549704909324646,-0.10558382421731949,0.06543624401092529,0.03279994800686836,1.0047343969345093,,,
,,,,,,,39000.0,0.0,90.0
282.374,0.5070019364356995,-0.07907483726739883,-0.086051344871521,0.06223026290535927,0.031861063092947006,0.9998776316642761,,,
,,,,,,,39000.0,0.0,90.0
282.384,0.12680073082447052,0.0025297552347183228,0.08575765043497086,0.06276245415210724,0.03103696182370186,1.003204107284546,,,
,,,,,,,39000.0,0.0,90.0
282.394,0.00463165994733572,-0.38020068407058716,0.33565956354141235,0.06402334570884705,0.030823679640889168,1.005264401435852,,,
,,,,,,,39000.0,0.0,90.0
282.404,-0.306706041097641,0.017481176182627678,-0.2467474490404129,0.0646645799279213,0.03461548313498497,1.001876711845398,,,
,,,,,,,39000.0,0.0,90.0
282.414,-0.1124178096652031,-0.030186085030436516,-0.21935966610908508,0.064383365213871,0.03472759947180748,1.0010828971862793,,,
,,,,,,,39000.0,0.0,90.0
282.424,-0.17406798899173737,-0.12095005810260773,-0.11495954543352127,0.06482052803039551,0.033119086176157,0.9999476075172424,,,
,,,,,,,39000.0,0.0,90.0
282.434,0.09722455590963364,-0.10062746703624725,0.011788547970354557,0.0641951933503151,0.033451225608587265,0.9984716773033142,,,
,,,,,,,41000.0,0.0,90.0
282.444,0.1895640641450882,0.007943275384604931,-0.12031660974025726,0.06375811994075775,0.033509451895952225,1.0011812448501587,,,
,,,,,,,41000.0,0.0,90.0
282.454,-0.31148409843444824,-0.07191389799118042,-0.2665737271308899,0.06318777054548264,0.033517878502607346,1.0013076066970825,,,
,,,,,,,41000.0,0.0,90.0
282.464,0.07077661156654358,0.4357113540172577,-0.19321496784687042,0.066337950527668,0.03235672414302826,1.0010040998458862,,,
,,,,,,,41000.0,0.0,90.0
282.474,-0.5459237694740295,-1.152418851852417,-0.44050684571266174,0.060841165482997894,0.03343888372182846,1.0017855167388916,,,
,,,,,,,41000.0,0.0,90.0
282.484,1.7574700117111206,-0.4060465395450592,0.3263830840587616,0.06781662255525589,0.0303691104054451,1.0018786191940308,,,
,,,,,,,41000.0,0.0,90.0
282.494,-1.2673985958099365,0.4348996579647064,-0.03951793909072876,0.06645618379116058,0.028062691912055016,0.9995388388633728,,,
,,,,,,,41000.0,0.0,90.0
282.504,0.006893796846270561,0.11683271080255508,-0.2414035052061081,0.06252463907003403,0.03426660597324371,1.0075699090957642,,,
,,,,,,,41000.0,0.0,90.0
282.514,-1.4663363695144653,-0.45408666133880615,-0.39510369300842285,0.06459292769432068,0.03162935748696327,1.0071499347686768,,,
,,,,,,,41000.0,0.0,90.0
282.524,1.7593445777893066,-0.3715004324913025,0.1055898517370224,0.06327653676271439,0.02882261574268341,1.0032411813735962,,,
,,,,,,,41000.0,0.0,90.0
282.534,0.06436406821012497,-0.004961823113262653,0.0344066321849823,0.06381751596927643,0.04000522196292877,0.9989185333251953,,,
,,,,,,,41000.0,0.0,90.0
282.544,-0.9732574224472046,0.3863411247730255,0.4693002700805664,0.06534136086702347,0.03763489052653313,1.0012667179107666,,,
,,,,,,,41000.0,0.0,90.0
282.554,-0.2072007656097412,0.1569380909204483,-0.4005337953567505,0.06205257400870323,0.025871479883790016,1.003525733947754,,,
,,,,,,,41000.0,0.0,90.0
282.564,0.38071566820144653,-0.24065683782100677,0.00118693383410573,0.06172117590904236,0.029728718101978302,1.0065582990646362,,,
,,,,,,,41000.0,0.0,90.0
282.574,0.40204691886901855,-0.3745003640651703,0.19324320554733276,0.06521940976381302,0.034057989716529846,1.0002543926239014,,,
,,,,,,,41000.0,0.0,90.0
282.584,-0.4016485810279846,0.046713054180145264,-0.2221454232931137,0.06948897987604141,0.030667830258607864,0.9971464276313782,,,
,,,,,,,41000.0,0.0,90.0
282.594,0.4198015034198761,0.08977831900119781,-0.05536545440554619,0.0647047907114029,0.03369956463575363,1.0010182857513428,,,
,,,,,,,41000.0,0.0,90.0
282.604,-0.6666591763496399,0.025816474109888077,0.21972480416297913,0.062413353472948074,0.03476233407855034,1.0037165880203247,,,
,,,,,,,41000.0,0.0,90.0
282.614,0.13334821164608002,-0.15633198618888855,0.18102622032165527,0.06495729088783264,0.03328903764486313,1.0061314105987549,,,
,,,,,,,41000.0,0.0,90.0
282.624,0.08972372859716415,-0.2934102714061737,0.02950863540172577,0.06533151119947433,0.03318334370851517,1.0006294250488281,,,
,,,,,,,41000.0,0.0,90.0
282.634,-0.2707858979701996,0.23004142940044403,-0.019682906568050385,0.0646289587020874,0.03432551026344299,1.0023833513259888,,,
,,,,,,,41000.0,0.0,90.0
282.644,-0.020460372790694237,-0.1426129788160324,0.22606804966926575,0.06627532839775085,0.03165900707244873,1.0017932653427124,,,
,,,,,,,41000.0,0.0,90.0
282.654,0.16032472252845764,0.001319600734859705,-0.09777066856622696,0.06427150219678879,0.02985192835330963,1.0036522150039673,,,
,,,,,,,41000.0,0.0,90.0
282.664,-0.31748443841934204,-0.3428889214992523,-0.08944175392389297,0.06319742649793625,0.03026704117655754,1.006927490234375,,,
,,,,,,,41000.0,0.0,90.0
282.674,-0.3771589696407318,0.06412438303232193,0.17597560584545135,0.06417655944824219,0.031676825135946274,1.0024662017822266,,,
,,,,,,,41000.0,0.0,90.0
282.684,0.2793435752391815,0.007552606053650379,-0.1239011213183403,0.06651841104030609,0.03530391305685043,0.9986552000045776,,,
,,,,,,,41000.0,0.0,90.0
282.694,0.03815271705389023,-0.106259785592556,0.09100407361984253,0.06779864430427551,0.035586562007665634,1.0039962530136108,,,
,,,,,,,41000.0,0.0,90.0
282.704,-0.18705755472183228,-0.27962836623191833,-0.08834236860275269,0.06467638909816742,0.033100806176662445,1.0041390657424927,,,
,,,,,,,41000.0,0.0,90.0
282.714,-0.10421933978796005,-0.24958033859729767,-0.126889169216156,0.06441432982683182,0.030690014362335205,1.0028976202011108,,,
,,,,,,,41000.0,0.0,90.0
282.724,-0.09173481166362762,0.0753922164440155,0.1149396300315857,0.06661538034677505,0.03761261701583862,1.0033392906188965,,,
,,,,,,,41000.0,0.0,90.0
282.734,-0.3084124028682709,0.07739494740962982,-0.018808120861649513,0.06768010556697845,0.035839349031448364,1.0013610124588013,,,
,,,,,,,41000.0,0.0,90.0
282.744,0.05499798431992531,0.09935391694307327,0.016076521947979927,0.06463081389665604,0.030642326921224594,1.0016626119613647,,,
,,,,,,,41000.0,0.0,90.0
282.754,0.3501887321472168,0.001051497645676136,0.12324848771095276,0.06517816334962845,0.033840011805295944,1.0036474466323853,,,
,,,,,,,41000.0,0.0,90.0
282.764,-0.059336040169000626,-0.19821695983409882,0.038539912551641464,0.06526710093021393,0.0352347269654274,1.0034739971160889,,,
,,,,,,,41000.0,0.0,90.0
282.774,0.08276751637458801,0.13320843875408173,0.014545710757374763,0.0646248608827591,0.034220702946186066,1.003050684928894,,,
,,,,,,,41000.0,0.0,90.0
282.784,-0.18614737689495087,-0.14869974553585052,-0.2945689558982849,0.06166040524840355,0.03460489585995674,1.0032901763916016,,,
,,,,,,,41000.0,0.0,90.0
282.794,-0.31401219964027405,-0.32289260625839233,-0.2665722668170929,0.06463950872421265,0.034939344972372055,1.0023300647735596,,,
,,,,,,,41000.0,0.0,90.0
282.804,-0.02509857527911663,-0.3626190423965454,0.0717393159866333,0.06480478495359421,0.03470667079091072,1.0020390748977661,,,
,,,,,,,41000.0,0.0,90.0
282.814,-0.011659573763608932,-0.2319568395614624,0.08001112192869186,0.06477861106395721,0.03462280333042145,1.0027384757995605,,,
,,,,,,,41000.0,0.0,90.0
282.824,0.03615223988890648,-0.17665821313858032,0.012876423075795174,0.06439021974802017,0.03358966484665871,1.0004231929779053,,,
,,,,,,,41000.0,0.0,90.0
282.834,0.09513626992702484,0.021914655342698097,-0.10193486511707306,0.06545821577310562,0.033203866332769394,1.002458095550537,,,
,,,,,,,41000.0,0.0,90.0
282.844,-0.06510614603757858,0.08550219982862473,0.1600164771080017,0.06421824544668198,0.030965859070420265,1.0013924837112427,,,
,,,,,,,41000.0,0.0,90.0
282.854,-0.11702236533164978,0.028990281745791435,-0.014734187163412571,0.06405344605445862,0.031656600534915924,1.0025736093521118,,,
,,,,,,,41000.0,0.0,90.0
282.864,-0.05398176982998848,-0.002914744196459651,-0.02650843933224678,0.06454109400510788,0.03158365935087204,1.0011367797851562,,,
,,,,,,,41000.0,0.0,90.0
282.874,-0.08036918938159943,0.10985329747200012,-0.04828595742583275,0.06468603014945984,0.03371139615774155,1.0034117698669434,,,
,,,,,,,41000.0,0.0,90.0
282.884,0.07921227812767029,-0.33157050609588623,-0.16862018406391144,0.06460979580879211,0.03305549919605255,1.0033609867095947,,,
,,,,,,,41000.0,0.0,90.0
282.894,0.010064075700938702,-0.01820395141839981,-0.11856523901224136,0.06353236734867096,0.031617388129234314,1.0027467012405396,,,
,,,,,,,41000.0,0.0,90.0
282.904,-0.2794601321220398,-0.5655607581138611,0.04618958756327629,0.06471609324216843,0.031932178884744644,1.0034356117248535,,,
,,,,,,,41000.0,0.0,90.0
282.914,0.20668445527553558,-0.2576896846294403,-0.1254819631576538,0.06607110798358917,0.03330760449171066,1.000969648361206,,,
,,,,,,,41000.0,0.0,90.0
282.924,-0.26035505533218384,-0.016745775938034058,0.16821889579296112,0.06678102910518646,0.0353812649846077,1.0030514001846313,,,
,,,,,,,41000.0,0.0,90.0
282.934,-0.042402710765600204,-0.23192976415157318,-0.020550303161144257,0.06545072793960571,0.03221767023205757,1.0061159133911133,,,
,,,,,,,41000.0,4000.0,90.0
282.944,-0.0013572671450674534,-0.22523613274097443,-0.1703386753797531,0.06397544592618942,0.02780286781489849,1.0035855770111084,,,
,,,,,,,41000.0,4000.0,90.0
282.954,-0.13522478938102722,-0.2702906131744385,-0.08650469779968262,0.0640203133225441,0.032437004148960114,1.0019792318344116,,,
,,,,,,,41000.0,4000.0,90.0
282.964,-1.2131907939910889,0.7859532237052917,-0.3470163941383362,0.06927163153886795,0.032161131501197815,0.9937284588813782,,,
,,,,,,,41000.0,4000.0,90.0
282.974,-3.400167465209961,-0.565645694732666,-0.005926048848778009,0.07144300639629364,0.038254935294389725,1.0094504356384277,,,
,,,,,,,41000.0,4000.0,90.0
282.984,6.5191330909729,-1.1153429746627808,0.48352137207984924,0.059046171605587006,0.018614836037158966,1.0080512762069702,,,
,,,,,,,41000.0,4000.0,90.0
282.994,1.3372900485992432,0.7442244291305542,-0.6869272589683533,0.0651792660355568,0.033673204481601715,0.9952629208564758,,,
,,,,,,,41000.0,4000.0,90.0
283.004,-2.3771207332611084,-0.37263691425323486,-0.1317240595817566,0.06470755487680435,0.05474620684981346,1.0044724941253662,,,
,,,,,,,41000.0,4000.0,90.0
283.014,-1.7665894031524658,-0.07316309213638306,-0.16284741461277008,0.06421902775764465,0.028581125661730766,0.9998127222061157,,,
,,,,,,,41000.0,11000.0,90.0
283.024,-2.6160242557525635,0.828794538974762,-0.056938376277685165,0.06534431874752045,0.023752933368086815,1.0040948390960693,,,
,,,,,,,41000.0,11000.0,90.0
283.034,1.2649282217025757,-0.8521501421928406,0.4052903950214386,0.0685768723487854,0.03760870173573494,1.0042535066604614,,,
,,,,,,,41000.0,11000.0,90.0
283.044,-4.0138421058654785,0.6132439970970154,0.23768962919712067,0.06529933214187622,0.04044122248888016,0.998216450214386,,,
,,,,,,,41000.0,11000.0,90.0
283.054,4.343055248260498,-0.4243214726448059,0.2817780375480652,0.06795225292444229,0.020776329562067986,1.0093348026275635,,,
,,,,,,,41000.0,11000.0,90.0
283.064,10.295949935913086,-0.04957330599427223,-0.7741586565971375,0.07111621648073196,0.019181648269295692,0.9927701950073242,,,
,,,,,,,41000.0,11000.0,90.0
283.074,-2.502183437347412,0.4508501887321472,-0.8389016389846802,0.06463322788476944,0.05871736630797386,0.9929015040397644,,,
,,,,,,,41000.0,11000.0,90.0
283.084,-3.181157112121582,-0.44103744626045227,0.6935317516326904,0.06108288839459419,0.047431234270334244,1.0116580724716187,,,
,,,,,,,41000.0,11000.0,90.0
283.094,-5.608982563018799,0.6779769062995911,0.09336519241333008,0.0637379139661789,0.009843569248914719,1.011846661567688,,,
,,,,,,,41000.0,17000.0,90.0
283.104,-2.5194499492645264,-0.28051847219467163,-0.04319049045443535,0.06137194484472275,0.026117421686649323,1.016278624534607,,,
,,,,,,,41000.0,17000.0,90.0
283.114,1.7054250240325928,-0.6452117562294006,0.02181115932762623,0.06903906166553497,0.036442842334508896,0.9958334565162659,,,
,,,,,,,41000.0,17000.0,90.0
283.124,-2.9600303173065186,0.7696166634559631,-0.4932131767272949,0.07220934331417084,0.04431101307272911,0.9857015609741211,,,
,,,,,,,41000.0,17000.0,90.0
283.134,8.439724922180176,-0.1614474356174469,-0.025995394214987755,0.06658056378364563,0.025851545855402946,1.006511926651001,,,
,,,,,,,41000.0,17000.0,90.0
283.144,10.071310043334961,-0.15458731353282928,-0.5616123080253601,0.06897463649511337,0.019622724503278732,0.9983643889427185,,,
,,,,,,,41000.0,17000.0,90.0
283.154,-3.80831241607666,0.9800914525985718,-0.7321283221244812,0.0659431740641594,0.054754920303821564,1.0038652420043945,,,
,,,,,,,41000.0,17000.0,90.0
283.164,-5.311404228210449,-0.34796276688575745,0.8706163763999939,0.06393854320049286,0.045347247272729874,1.017827033996582,,,
,,,,,,,41000.0,17000.0,90.0
283.174,-7.049783229827881,0.3773486912250519,0.22474201023578644,0.06389585137367249,0.012400449253618717,1.0063307285308838,,,
,,,,,,,41000.0,17000.0,90.0
283.184,-2.2610223293304443,-0.5094473958015442,-0.26970750093460083,0.06216470152139664,0.0246377382427454,1.014211893081665,,,
,,,,,,,41000.0,22000.0,90.0
283.194,3.4148216247558594,-0.668594241142273,0.052584100514650345,0.06496396660804749,0.0375138483941555,0.9946927428245544,,,
,,,,,,,41000.0,22000.0,90.0
283.204,4.414733409881592,0.2873678505420685,-0.42617759108543396,0.0693516805768013,0.03408706933259964,0.9824227690696716,,,
,,,,,,,41000.0,22000.0,90.0
283.214,4.600934982299805,0.4086564779281616,0.06525766104459763,0.06901820749044418,0.0384816974401474,0.9922478795051575,,,
,,,,,,,41000.0,22000.0,90.0
283.224,-8.944792747497559,0.5194143056869507,0.0955689549446106,0.06385957449674606,0.052110083401203156,1.0164717435836792,,,
,,,,,,,41000.0,22000.0,90.0
283.234,1.4438250064849854,-0.6249173283576965,0.37569281458854675,0.06261581182479858,0.013996394351124763,1.0299822092056274,,,
,,,,,,,41000.0,22000.0,90.0
283.244,3.7247562408447266,-0.7476704120635986,-0.8102949857711792,0.06776162981987,0.009661939926445484,0.9926000833511353,,,
,,,,,,,41000.0,22000.0,90.0
283.254,-1.0552595853805542,-0.20453423261642456,0.03342150151729584,0.06520533561706543,0.05744122713804245,0.9903380870819092,,,
,,,,,,,41000.0,22000.0,90.0
283.264,-0.9315882921218872,-0.22746169567108154,0.6492198705673218,0.06671318411827087,0.04600020498037338,0.9951547384262085,,,
,,,,,,,41000.0,27000.0,90.0
283.274,-2.403010368347168,0.7893648147583008,-0.5778437256813049,0.06818750500679016,0.009800827130675316,1.0003570318222046,,,
,,,,,,,39000.0,27000.0,90.0
283.284,-4.5375542640686035,-0.3216196596622467,0.11171355098485947,0.06330839544534683,0.038481418043375015,1.0201454162597656,,,
,,,,,,,39000.0,27000.0,90.0
283.294,1.2570891380310059,-1.0134871006011963,0.45965591073036194,0.06244486942887306,0.02782781980931759,1.0184829235076904,,,
,,,,,,,39000.0,27000.0,90.0
283.304,11.273138999938965,-0.9367969632148743,-0.47442880272865295,0.07185805588960648,0.011969256214797497,0.9768662452697754,,,
,,,,,,,39000.0,27000.0,90.0
283.314,3.203033685684204,0.5774384140968323,-0.8796816468238831,0.07356350123882294,0.058000631630420685,0.9779450297355652,,,
,,,,,,,39000.0,27000.0,90.0
283.324,-7.115210056304932,1.4701478481292725,0.8043863773345947,0.05928998440504074,0.0644741803407669,1.0062708854675293,,,
,,,,,,,39000.0,27000.0,90.0
283.334,-3.527848482131958,-0.5977908968925476,0.38997650146484375,0.06201699376106262,0.010149750858545303,1.0258561372756958,,,
,,,,,,,39000.0,27000.0,90.0
283.344,-3.2444586753845215,-0.21235530078411102,-0.3156530261039734,0.06290929019451141,0.011365045793354511,1.0187047719955444,,,
,,,,,,,39000.0,32767.0,90.0
283.354,0.9662749767303467,-1.320696473121643,0.11899478733539581,0.06329019367694855,0.03830037638545036,1.0032219886779785,,,
,,,,,,,37000.0,32767.0,90.0
283.364,2.8767178058624268,0.4676533639431,-0.037960998713970184,0.06810741126537323,0.033437978476285934,0.980355978012085,,,
,,,,,,,37000.0,32767.0,90.0
283.374,2.1981232166290283,0.7653591632843018,-0.3895377516746521,0.07111291587352753,0.03562970831990242,0.9840686917304993,,,
,,,,,,,37000.0,32767.0,90.0
283.384,-5.942654609680176,0.04078484699130058,0.629097044467926,0.06768094748258591,0.04860510304570198,1.0076121091842651,,,
,,,,,,,37000.0,32767.0,90.0
283.394,0.03633563593029976,0.045096851885318756,0.4879715144634247,0.060988686978816986,0.01675436645746231,1.0344831943511963,,,
,,,,,,,37000.0,32767.0,90.0
283.404,11.497523307800293,-0.8134852647781372,-0.5583271980285645,0.06348346918821335,-8.237668953370303e-05,0.9934709072113037,,,
,,,,,,,37000.0,32767.0,90.0
283.414,-5.3404693603515625,0.29145166277885437,-0.8743464350700378,0.06598872691392899,0.07317590713500977,0.9918856620788574,,,
,,,,,,,37000.0,32767.0,90.0
283.424,-1.966164231300354,-0.7471699714660645,1.441590428352356,0.06582845002412796,0.061092402786016464,0.9963393807411194,,,
,,,,,,,37000.0,32767.0,90.0
283.434,-5.648581027984619,0.690342128276825,-0.6040196418762207,0.06658545136451721,0.00614967243745923,0.9967619776725769,,,
,,,,,,,37000.0,32767.0,90.0
283.444,1.6373015642166138,-0.036006029695272446,0.10413295030593872,0.062323909252882004,0.024134168401360512,1.022343397140503,,,
,,,,,,,37000.0,32767.0,90.0
283.454,0.501530110836029,-1.2558929920196533,0.11079404503107071,0.06454626470804214,0.03908686712384224,1.0101191997528076,,,
,,,,,,,37000.0,32767.0,90.0
283.464,3.111788511276245,0.001509993919171393,-0.26575765013694763,0.066607765853405,0.024657653644680977,0.9857556819915771,,,
,,,,,,,37000.0,32767.0,90.0
283.474,3.2770369052886963,-0.00857976172119379,-0.14439600706100464,0.06915056705474854,0.03955138474702835,0.991401731967926,,,
,,,,,,,37000.0,32767.0,90.0
283.484,-3.459789991378784,0.35415583848953247,0.09251879155635834,0.06608442962169647,0.04634762927889824,1.0044443607330322,,,
,,,,,,,37000.0,32767.0,90.0
283.494,-2.3417766094207764,0.005891711451113224,0.01299471128731966,0.06425470113754272,0.023592080920934677,1.0116857290267944,,,
,,,,,,,37000.0,32767.0,90.0
283.504,-1.181840181350708,-0.05327518656849861,-0.2676917016506195,0.06335555016994476,0.024912888184189796,1.0102359056472778,,,
,,,,,,,37000.0,32767.0,90.0
283.514,-0.25743481516838074,-0.3925767242908478,0.006750684231519699,0.06390905380249023,0.03692075237631798,1.005800485610962,,,
,,,,,,,37000.0,36000.0,90.0
283.524,2.723658561706543,-0.548795759677887,0.1649566888809204,0.0660138800740242,0.030508125200867653,0.9943932890892029,,,
,,,,,,,37000.0,36000.0,90.0
283.534,0.39833304286003113,0.5594074130058289,-0.3755517601966858,0.06470295041799545,0.0324859693646431,0.9972372055053711,,,
,,,,,,,37000.0,36000.0,90.0
283.544,-4.431771278381348,-0.25333359837532043,0.1054321900010109,0.06400105357170105,0.04299093782901764,1.0101408958435059,,,
,,,,,,,37000.0,36000.0,90.0
283.554,-1.1730599403381348,-0.36984238028526306,-0.12358974665403366,0.06140122935175896,0.02309018187224865,1.0201114416122437,,,
,,,,,,,37000.0,36000.0,90.0
283.564,9.74591064453125,-0.3870687484741211,0.07787009328603745,0.06890107691287994,0.007064663339406252,0.9887935519218445,,,
,,,,,,,37000.0,36000.0,90.0
283.574,-1.656363844871521,0.5266572833061218,-0.5013407468795776,0.06501392275094986,0.054196491837501526,0.994700014591217,,,
,,,,,,,37000.0,36000.0,90.0
283.584,-1.1250969171524048,-0.1972920298576355,0.8861487507820129,0.062105633318424225,0.04864492639899254,1.008363127708435,,,
,,,,,,,37000.0,36000.0,90.0
283.594,-6.9744744300842285,0.2014521211385727,-0.6234862804412842,0.06492649763822556,0.020623251795768738,1.0069196224212646,,,
,,,,,,,37000.0,36000.0,90.0
283.604,0.6363431811332703,-0.6060613393783569,0.11345210671424866,0.06432297080755234,0.02403862401843071,1.0143064260482788,,,
,,,,,,,37000.0,36000.0,90.0
283.614,1.281867504119873,-0.3950490951538086,0.15426160395145416,0.06652951240539551,0.03412901610136032,1.0007838010787964,,,
,,,,,,,37000.0,38000.0,90.0
283.624,2.5218305587768555,-0.08156678825616837,-0.027538398280739784,0.06750234961509705,0.031851381063461304,0.9930309653282166,,,
,,,,,,,37000.0,38000.0,90.0
283.634,2.281318187713623,0.25915515422821045,-0.1398678421974182,0.06672386825084686,0.03853850066661835,1.0000426769256592,,,
,,,,,,,37000.0,38000.0,90.0
283.644,-3.6478843688964844,0.3949226438999176,0.028934990987181664,0.06716147810220718,0.04124101251363754,1.0073899030685425,,,
,,,,,,,37000.0,38000.0,90.0
283.654,-2.3271431922912598,-0.33411023020744324,-0.04233414679765701,0.06275372952222824,0.027266565710306168,1.021226406097412,,,
,,,,,,,37000.0,38000.0,90.0
283.664,7.773969650268555,-0.7059915065765381,0.0650469958782196,0.06876629590988159,0.011933412402868271,0.9946670532226562,,,
,,,,,,,37000.0,38000.0,90.0
283.674,-4.244278430938721,0.5024083256721497,-0.4229024648666382,0.06800568103790283,0.052202943712472916,0.993302583694458,,,
,,,,,,,37000.0,38000.0,90.0
283.684,0.3596622347831726,-0.3051835298538208,0.5575809478759766,0.06508971005678177,0.044036898761987686,1.0099056959152222,,,
,,,,,,,37000.0,38000.0,90.0
283.694,-1.4222939014434814,0.07847440242767334,-0.4259888827800751,0.06518188863992691,0.01618148945271969,0.9972695708274841,,,
,,,,,,,37000.0,38000.0,90.0
283.704,-0.4021399915218353,-0.28707656264305115,-0.12912233173847198,0.06137475371360779,0.03555475175380707,1.0141348838806152,,,
,,,,,,,37000.0,40000.0,90.0
283.714,2.5268702507019043,-0.20226669311523438,0.15502408146858215,0.06498025357723236,0.03324991837143898,0.9986815452575684,,,
,,,,,,,37000.0,40000.0,90.0
283.724,-4.071662425994873,1.0470811128616333,-0.5531253218650818,0.06548053026199341,0.03442683443427086,0.992275595664978,,,
,,,,,,,37000.0,40000.0,90.0
283.734,2.7344868183135986,-0.8422948122024536,0.3467126488685608,0.06291288882493973,0.03430584818124771,1.0127009153366089,,,
,,,,,,,37000.0,40000.0,90.0
283.744,5.770822048187256,-0.04835226386785507,-0.23187638819217682,0.06849109381437302,0.018717732280492783,0.9967202544212341,,,
,,,,,,,37000.0,40000.0,90.0
283.754,-0.5199286341667175,0.5338028073310852,-0.5033894181251526,0.06628010421991348,0.040008027106523514,1.0014700889587402,,,
,,,,,,,37000.0,40000.0,90.0
283.764,-2.47442626953125,-0.16353604197502136,0.42815762758255005,0.06030447781085968,0.04791507124900818,1.0091036558151245,,,
,,,,,,,37000.0,40000.0,90.0
283.774,-4.396531105041504,0.28219854831695557,-0.24604123830795288,0.06288968771696091,0.025107067078351974,1.0006927251815796,,,
,,,,,,,37000.0,40000.0,90.0
283.784,-0.18109753727912903,0.039925459772348404,-0.17965403199195862,0.0635778084397316,0.027593860402703285,1.0085872411727905,,,
,,,,,,,37000.0,42000.0,90.0
283.794,2.044145345687866,-0.07467745989561081,0.1668945997953415,0.06648649275302887,0.030023224651813507,1.0058921575546265,,,
,,,,,,,37000.0,42000.0,90.0
283.804,1.1756644248962402,-0.18312422931194305,-0.3160157799720764,0.06438501179218292,0.03224693611264229,0.9973531365394592,,,
,,,,,,,37000.0,42000.0,90.0
283.814,2.773825168609619,-0.27042990922927856,-0.20608527958393097,0.06457848846912384,0.03379339352250099,0.9998926520347595,,,
,,,,,,,37000.0,42000.0,90.0
283.824,-4.021790504455566,0.4189688265323639,-0.22154124081134796,0.0675937607884407,0.0402396135032177,1.0021835565567017,,,
,,,,,,,37000.0,42000.0,90.0
283.834,-2.986393690109253,-0.5156813263893127,-0.06766597181558609,0.06129704415798187,0.03157833218574524,1.020475149154663,,,
,,,,,,,37000.0,42000.0,90.0
283.844,5.65692663192749,-0.7591108679771423,0.1255975365638733,0.06444012373685837,0.011966102756559849,0.9973063468933105,,,
,,,,,,,37000.0,42000.0,90.0
283.854,-0.2771720886230469,0.188604474067688,-0.3802741467952728,0.06436455994844437,0.04259451851248741,0.9973216652870178,,,
,,,,,,,37000.0,42000.0,90.0
283.864,-0.7358614206314087,-0.30683979392051697,0.4306553602218628,0.06256625056266785,0.0474710650742054,1.0040417909622192,,,
,,,,,,,37000.0,42000.0,90.0
283.874,-1.9726817607879639,0.3421946167945862,-0.28345736861228943,0.065053291618824,0.02079869993031025,0.9989772439002991,,,
,,,,,,,37000.0,42000.0,90.0
283.884,-0.966421365737915,0.07757479697465897,-0.16179484128952026,0.06445592641830444,0.030372604727745056,1.009633183479309,,,
,,,,,,,37000.0,42000.0,90.0
283.894,0.7511880397796631,-0.5564491152763367,0.13758231699466705,0.06481072306632996,0.033570725470781326,1.0047342777252197,,,
,,,,,,,37000.0,42000.0,90.0
283.904,-0.2561509609222412,0.121584951877594,-0.09327518194913864,0.06490802019834518,0.02837180718779564,0.9963579177856445,,,
,,,,,,,37000.0,42000.0,90.0
283.914,2.225320339202881,-0.21232573688030243,0.053205784410238266,0.062309153378009796,0.034499894827604294,1.0023187398910522,,,
,,,,,,,37000.0,42000.0,90.0
283.924,0.26121291518211365,0.12812049686908722,-0.11719809472560883,0.0619901642203331,0.032965824007987976,1.0049269199371338,,,
,,,,,,,37000.0,42000.0,90.0
283.934,-1.1692801713943481,-0.12993082404136658,-0.32073014974594116,0.06453733146190643,0.03282076492905617,1.0045305490493774,,,
,,,,,,,37000.0,42000.0,90.0
283.944,-0.8089240789413452,-0.07051241397857666,-0.22163565456867218,0.06544449180364609,0.034840114414691925,1.000148057937622,,,
,,,,,,,37000.0,42000.0,90.0
283.954,-1.0632323026657104,0.1813438981771469,-0.18265926837921143,0.06317368149757385,0.036123309284448624,0.9996958374977112,,,
,,,,,,,37000.0,41000.0,90.0
283.964,0.5483612418174744,-0.006518727168440819,-0.17759758234024048,0.06245308741927147,0.03541996330022812,1.0048120021820068,,,
,,,,,,,37000.0,41000.0,90.0
283.974,0.8518367409706116,-0.18355128169059753,-0.03134089335799217,0.06261851638555527,0.03259049728512764,1.0042017698287964,,,
,,,,,,,37000.0,41000.0,90.0
283.984,0.424226313829422,-0.4155654013156891,-0.010609976947307587,0.06607381999492645,0.03491988778114319,1.0043396949768066,,,
,,,,,,,37000.0,41000.0,90.0
283.994,-0.4175090491771698,-0.4583894908428192,-0.16901355981826782,0.06639649718999863,0.03382861986756325,1.0015742778778076,,,
,,,,,,,37000.0,41000.0,90.0
284.004,-0.5003699064254761,0.015163497999310493,0.07350681722164154,0.0626666396856308,0.034332823008298874,1.0016016960144043,,,
,,,,,,,37000.0,41000.0,90.0
284.014,1.4693968296051025,-0.07330799102783203,0.036285314708948135,0.06399556994438171,0.02904585935175419,0.9975740909576416,,,
,,,,,,,37000.0,41000.0,90.0
284.024,-2.614727258682251,0.4420113265514374,-0.12317284196615219,0.06610549241304398,0.03750268742442131,0.9997853636741638,,,
,,,,,,,37000.0,41000.0,90.0
284.034,-2.6780519485473633,-0.27097320556640625,-0.08252397179603577,0.06374886631965637,0.03603872284293175,1.0131291151046753,,,
,,,,,,,37000.0,41000.0,90.0
284.044,5.225191593170166,-0.5759993195533752,0.14215627312660217,0.0668371170759201,0.01829664595425129,0.9978195428848267,,,
,,,,,,,37000.0,40000.0,90.0
284.054,0.22850638628005981,0.16037768125534058,-0.2734568417072296,0.06860394030809402,0.04134473204612732,0.9963349103927612,,,
,,,,,,,37000.0,40000.0,90.0
284.064,0.2909166216850281,-0.36080455780029297,0.09704837203025818,0.06374491751194,0.04521065950393677,1.0040851831436157,,,
,,,,,,,37000.0,40000.0,90.0
284.074,-1.1769165992736816,0.20394501090049744,-0.32051190733909607,0.06433384865522385,0.022856052964925766,0.9982364177703857,,,
,,,,,,,37000.0,40000.0,90.0
284.084,-1.4523422718048096,-0.1071920394897461,-0.29608720541000366,0.06600972265005112,0.031268708407878876,1.0117390155792236,,,
,,,,,,,37000.0,40000.0,90.0
284.094,2.1022934913635254,-0.6553913950920105,0.44027772545814514,0.06858568638563156,0.03295549377799034,1.0008950233459473,,,
,,,,,,,37000.0,40000.0,90.0
284.104,-4.407826900482178,0.4739353656768799,-0.24363937973976135,0.06530895829200745,0.037692807614803314,0.9974603652954102,,,
,,,,,,,37000.0,40000.0,90.0
284.114,-0.11639080196619034,-0.45208650827407837,0.23723071813583374,0.06257577240467072,0.03534774109721184,1.007785439491272,,,
,,,,,,,37000.0,40000.0,90.0
284.124,1.9845389127731323,-0.16696476936340332,-0.2514846920967102,0.06709185987710953,0.023030167445540428,0.9980721473693848,,,
,,,,,,,37000.0,40000.0,90.0
284.134,2.7585864067077637,-0.3246610760688782,-0.18681146204471588,0.0665600374341011,0.03222108632326126,1.0007330179214478,,,
,,,,,,,37000.0,38000.0,90.0
284.144,0.1972605139017105,-0.2104613482952118,0.09524912387132645,0.06304900348186493,0.042502131313085556,1.00094473361969,,,
,,,,,,,42000.0,38000.0,90.0
284.154,-1.7245076894760132,-0.24378901720046997,-0.3353726267814636,0.0642605796456337,0.03587828576564789,1.0019450187683105,,,
,,,,,,,42000.0,38000.0,90.0
284.164,3.1806681156158447,0.8649346828460693,-0.8709724545478821,0.06122204661369324,0.025783581659197807,1.0050678253173828,,,
,,,,,,,42000.0,38000.0,90.0
284.174,-3.5075113773345947,-1.2477755546569824,-0.2927069365978241,0.07353711873292923,0.03999948129057884,0.9898029565811157,,,
,,,,,,,42000.0,38000.0,90.0
284.184,-1.6104885339736938,0.0536983385682106,1.1496350765228271,0.06192747503519058,0.05072247236967087,1.0048959255218506,,,
,,,,,,,42000.0,38000.0,90.0
284.194,0.6597827672958374,0.01645631529390812,-0.5697177052497864,0.06881330162286758,0.005649971310049295,0.9982562065124512,,,
,,,,,,,42000.0,38000.0,90.0
284.204,4.095050811767578,0.8541663289070129,-0.5925360918045044,0.06407217681407928,0.025138314813375473,1.0076929330825806,,,
,,,,,,,42000.0,38000.0,90.0
284.214,-4.135064125061035,0.060173407196998596,-0.42441776394844055,0.058178968727588654,0.0562281496822834,1.0185396671295166,,,
,,,,,,,42000.0,36000.0,90.0
284.224,5.135258674621582,-1.3847999572753906,0.22983503341674805,0.06354598701000214,0.020180750638246536,0.9924479722976685,,,
,,,,,,,49000.0,36000.0,90.0
284.234,-2.0899226665496826,0.20308184623718262,-0.11777660995721817,0.06685126572847366,0.03710589557886124,0.9879330992698669,,,
,,,,,,,49000.0,36000.0,90.0
284.244,4.71277379989624,0.20949780941009521,0.768089234828949,0.0636783093214035,0.043047647923231125,1.0055855512619019,,,
,,,,,,,49000.0,36000.0,90.0
284.254,-7.231619358062744,2.351270914077759,-0.6363909244537354,0.07275839149951935,0.02873077243566513,0.9960816502571106,,,
,,,,,,,49000.0,36000.0,90.0
284.264,-9.67770004272461,2.168788194656372,-1.6120336055755615,0.05512315407395363,0.04000687599182129,1.0375300645828247,,,
,,,,,,,49000.0,36000.0,90.0
284.274,6.954874038696289,-5.77991247177124,0.5727872252464294,0.06770598143339157,0.012866877019405365,1.0126198530197144,,,
,,,,,,,49000.0,36000.0,90.0
284.284,5.502476215362549,0.7571417093276978,0.6725178956985474,0.07109726965427399,0.030323198065161705,0.9589856863021851,,,
,,,,,,,49000.0,36000.0,90.0
284.294,6.742921352386475,1.8300706148147583,-0.45704418420791626,0.07375062257051468,0.051927145570516586,0.9813287854194641,,,
,,,,,,,49000.0,36000.0,90.0
284.304,-2.0900702476501465,-0.2939724326133728,1.6326731443405151,0.07459291070699692,0.04799396172165871,1.0115934610366821,,,
,,,,,,,49000.0,39000.0,90.0
284.314,-8.783453941345215,1.6729706525802612,-0.6173601746559143,0.05247552692890167,0.0272698774933815,1.0342189073562622,,,
,,,,,,,53000.0,39000.0,90.0
284.324,0.4272790849208832,-1.352756381034851,0.015131535939872265,0.055861134082078934,0.013943536207079887,1.0313972234725952,,,
,,,,,,,53000.0,39000.0,90.0
284.334,0.7600240707397461,-1.603182077407837,-0.3217657804489136,0.0680927038192749,0.025899460539221764,0.9953456521034241,,,
,,,,,,,53000.0,39000.0,90.0
284.344,2.017457962036133,0.726137638092041,-0.44811007380485535,0.061644382774829865,0.04388120397925377,0.975273072719574,,,
,,,,,,,53000.0,39000.0,90.0
284.354,-7.685762405395508,-1.233699917793274,-0.24771203100681305,0.07985681295394897,0.0542844720184803,1.0067858695983887,,,
,,,,,,,53000.0,39000.0,90.0
284.364,7.431845188140869,-1.7558504343032837,0.24186646938323975,0.06156111881136894,0.015451494604349136,1.0098100900650024,,,
,,,,,,,53000.0,39000.0,90.0
284.374,10.47567367553711,2.084603786468506,0.5544686317443848,0.07205702364444733,0.016479216516017914,0.9739924073219299,,,
,,,,,,,53000.0,39000.0,90.0
284.384,-9.187158584594727,0.6847984194755554,-1.1180964708328247,0.056461334228515625,0.08018631488084793,1.0137237310409546,,,
,,,,,,,53000.0,39000.0,90.0
284.394,1.55337655544281,-1.1429214477539062,0.7319587469100952,0.05874761566519737,0.029313083738088608,1.026164174079895,,,
,,,,,,,57000.0,39000.0,90.0
284.404,-7.690182209014893,1.13430655002594,-0.5349867343902588,0.07015131413936615,0.004045434296131134,0.9957093000411987,,,
,,,,,,,57000.0,39000.0,90.0
284.414,-0.7008357048034668,-1.1050888299942017,0.45342281460762024,0.06263849884271622,0.04574350267648697,1.0153117179870605,,,
,,,,,,,57000.0,39000.0,90.0
284.424,4.5564775466918945,-0.16033652424812317,0.36522096395492554,0.06444337964057922,0.03344016894698143,0.9857895374298096,,,
,,,,,,,57000.0,39000.0,90.0
284.434,-2.947511672973633,-0.5054393410682678,-1.180812954902649,0.07128561288118362,0.031848594546318054,0.9918122291564941,,,
,,,,,,,57000.0,39000.0,90.0
284.444,8.010966300964355,-0.8789163827896118,0.7906573414802551,0.06546071916818619,0.0379347950220108,1.002135992050171,,,
,,,,,,,57000.0,39000.0,90.0
284.454,-1.7210613489151,1.264542579650879,-0.06447507441043854,0.06969712674617767,0.030524304136633873,0.9994589686393738,,,
,,,,,,,57000.0,39000.0,90.0
284.464,-0.18821199238300323,-0.4578593969345093,0.030534857884049416,0.061357397586107254,0.03568768501281738,1.0203077793121338,,,
,,,,,,,57000.0,39000.0,90.0
284.474,-4.849837779998779,-0.09255173057317734,-0.149974524974823,0.05943166837096214,0.03495849668979645,1.0070445537567139,,,
,,,,,,,57000.0,39000.0,90.0
284.484,-3.759780168533325,-0.21921688318252563,-0.03825300931930542,0.06200810521841049,0.034274689853191376,1.0021718740463257,,,
,,,,,,,60000.0,39000.0,90.0
284.494,4.156214237213135,-0.45169901847839355,0.38666507601737976,0.06439308077096939,0.026977384462952614,0.9981468915939331,,,
,,,,,,,60000.0,39000.0,90.0
284.504,0.9584206938743591,0.8299033641815186,-0.5410270094871521,0.06482923030853271,0.03034636750817299,0.9940289258956909,,,
,,,,,,,60000.0,39000.0,90.0
284.514,2.2350499629974365,-1.1327580213546753,-0.19635236263275146,0.06520639359951019,0.04070354253053665,1.0069544315338135,,,
,,,,,,,60000.0,39000.0,90.0
284.524,-2.1068756580352783,-0.23372283577919006,0.05056247115135193,0.06300608068704605,0.03250757232308388,1.0010287761688232,,,
,,,,,,,60000.0,39000.0,90.0
284.534,0.046980343759059906,0.483585923910141,0.08778109401464462,0.06661753356456757,0.028341833502054214,1.0019704103469849,,,
,,,,,,,60000.0,39000.0,90.0
284.544,-2.1217739582061768,0.1409490704536438,-0.07455885410308838,0.06613747030496597,0.03946475684642792,1.0066289901733398,,,
,,,,,,,60000.0,39000.0,90.0
284.554,-2.223940372467041,0.10812390595674515,-0.1976664513349533,0.06529256701469421,0.03153698891401291,1.0060962438583374,,,
,,,,,,,60000.0,39000.0,90.0
284.564,1.2650953531265259,-0.26826006174087524,0.2358952909708023,0.06542958319187164,0.029071928933262825,0.9993571043014526,,,
,,,,,,,65535.0,39000.0,90.0
284.574,1.9648338556289673,0.015541955828666687,-0.03434494510293007,0.06628550589084625,0.03576871380209923,0.9990992546081543,,,
,,,,,,,65535.0,39000.0,90.0
284.584,1.15939199924469,-0.35628411173820496,-0.20314905047416687,0.06685581058263779,0.035460859537124634,1.0028419494628906,,,
,,,,,,,65535.0,39000.0,90.0
284.594,-1.1342747211456299,0.37432390451431274,-0.22135551273822784,0.06425982713699341,0.03430664911866188,1.0016728639602661,,,
,,,,,,,65535.0,39000.0,90.0
284.604,-1.2649787664413452,0.8327035903930664,-0.2662641108036041,0.0640225037932396,0.0368933230638504,1.0019915103912354,,,
,,,,,,,65535.0,39000.0,90.0
284.614,-0.24770022928714752,-1.1164371967315674,-0.26056498289108276,0.07041718810796738,0.03511080890893936,1.002896785736084,,,
,,,,,,,65535.0,39000.0,90.0
284.624,1.3646032810211182,-0.7233096957206726,0.29363852739334106,0.06471534073352814,0.03039434738457203,0.9957749247550964,,,
,,,,,,,65535.0,39000.0,90.0
284.634,1.2004750967025757,1.1574029922485352,0.13156531751155853,0.07085973024368286,0.030902383849024773,0.9968085289001465,,,
,,,,,,,65535.0,39000.0,90.0
284.644,-0.9522284269332886,0.6965335011482239,-0.5789310932159424,0.062004994601011276,0.03916340321302414,1.010715365409851,,,
,,,,,,,65535.0,39000.0,90.0
284.654,-1.4445576667785645,-0.7926937341690063,-0.28037142753601074,0.0657273381948471,0.031896308064460754,1.0147528648376465,,,
,,,,,,,65535.0,39000.0,90.0
284.664,1.1339728832244873,-0.5522900223731995,0.5117951035499573,0.06383378058671951,0.02580445073544979,1.0037832260131836,,,
,,,,,,,65535.0,39000.0,90.0
284.674,0.6785860657691956,-0.10709656029939651,0.014443499967455864,0.06787985563278198,0.0390993170440197,0.9943498969078064,,,
,,,,,,,65535.0,39000.0,90.0
284.684,-2.1191539764404297,-0.28471118211746216,-0.22502955794334412,0.06587448716163635,0.040436554700136185,0.9969072937965393,,,
,,,,,,,65535.0,39000.0,90.0
284.694,-0.6875877976417542,0.40671783685684204,-0.38604259490966797,0.06404514610767365,0.02483867108821869,1.0035854578018188,,,
,,,,,,,65535.0,39000.0,90.0
284.704,1.3850483894348145,-0.06854019314050674,0.2020571231842041,0.0627233162522316,0.027586672455072403,1.0093278884887695,,,
,,,,,,,65535.0,39000.0,90.0
284.714,0.8603438138961792,-0.5290331244468689,0.0914463996887207,0.06414155662059784,0.03612274304032326,1.0072402954101562,,,
,,,,,,,65535.0,39000.0,90.0
284.724,-0.1959383487701416,-0.7440855503082275,-0.21763384342193604,0.06705716997385025,0.03668631985783577,0.996171772480011,,,
,,,,,,,65535.0,39000.0,90.0
284.734,-1.0642613172531128,0.5117520093917847,-0.11535362154245377,0.06517154723405838,0.040125828236341476,0.9975258708000183,,,
,,,,,,,65535.0,41000.0,90.0
284.744,-0.44987952709198,-0.2025107592344284,0.09440255910158157,0.06362564861774445,0.033562928438186646,1.0036860704421997,,,
,,,,,,,65535.0,41000.0,90.0
284.754,-0.31213194131851196,-0.4441458582878113,-0.15738938748836517,0.06456078588962555,0.0251048244535923,1.0067821741104126,,,
,,,,,,,65535.0,41000.0,90.0
284.764,-1.6088387966156006,0.08623795956373215,-0.019360141828656197,0.06617555767297745,0.032560355961322784,1.0051724910736084,,,
,,,,,,,65535.0,41000.0,90.0
284.774,-2.186220407485962,-0.7635766267776489,0.15534086525440216,0.06593651324510574,0.03690732643008232,1.0114611387252808,,,
,,,,,,,65535.0,41000.0,90.0
284.784,11.28602409362793,-1.0884407758712769,-0.1185164749622345,0.06891258805990219,0.010404756292700768,0.994017481803894,,,
,,,,,,,65535.0,41000.0,90.0
284.794,0.8793370723724365,1.1422314643859863,-0.5297093391418457,0.07033105194568634,0.045647334307432175,0.9803252220153809,,,
,,,,,,,65535.0,41000.0,90.0
284.804,-7.999142646789551,0.2031363844871521,0.4525771737098694,0.06068123131990433,0.0650392696261406,1.0235745906829834,,,
,,,,,,,65535.0,41000.0,90.0
284.814,2.6256890296936035,-0.9993289709091187,0.4284285306930542,0.06165720149874687,0.003558631520718336,1.0088343620300293,,,
,,,,,,,65535.0,42000.0,90.0
284.824,-6.39281702041626,0.9192618727684021,-0.9385156631469727,0.06462658941745758,0.025510232895612717,1.0048365592956543,,,
,,,,,,,65535.0,42000.0,90.0
284.834,2.706890106201172,-1.7154910564422607,0.5243762135505676,0.061562154442071915,0.05274456739425659,1.0156855583190918,,,
,,,,,,,65535.0,42000.0,90.0
284.844,0.7232189178466797,0.30495408177375793,-0.35197338461875916,0.07075902819633484,0.02212441712617874,0.9721588492393494,,,
,,,,,,,65535.0,42000.0,90.0
284.854,-1.4119691848754883,0.560884952545166,-0.6902892589569092,0.06644784659147263,0.03913488984107971,1.0017929077148438,,,
,,,,,,,65535.0,42000.0,90.0
284.864,7.308677673339844,-1.122388243675232,0.6396788358688354,0.06268816441297531,0.03357245400547981,1.0149205923080444,,,
,,,,,,,65535.0,42000.0,90.0
284.874,0.06831374019384384,0.3132587969303131,-0.9589264392852783,0.06893177330493927,0.01931026019155979,0.9878610968589783,,,
,,,,,,,65535.0,42000.0,90.0
284.884,-3.6178789138793945,0.23007050156593323,0.29153791069984436,0.0641384869813919,0.05253386124968529,1.011256217956543,,,
,,,,,,,65535.0,42000.0,90.0
284.894,-2.1312527656555176,-0.5502340197563171,0.7260587215423584,0.06234336271882057,0.033393699675798416,1.0074440240859985,,,
,,,,,,,65535.0,42000.0,90.0
284.904,-1.5821435451507568,0.5417278409004211,-0.5762504935264587,0.06644286215305328,0.01605389267206192,0.9973978400230408,,,
,,,,,,,65535.0,43000.0,90.0
284.914,0.16507285833358765,-0.25260892510414124,0.16112834215164185,0.06282274425029755,0.04076327383518219,1.009772539138794,,,
,,,,,,,65535.0,43000.0,90.0
284.924,1.9779068231582642,-0.2411479651927948,0.1374354362487793,0.06486011296510696,0.030796170234680176,0.9970208406448364,,,
,,,,,,,65535.0,43000.0,90.0
284.934,1.3869848251342773,0.1518414318561554,-0.34281256794929504,0.06290101259946823,0.028193488717079163,0.9982144236564636,,,
,,,,,,,65535.0,43000.0,90.0
284.944,3.3634281158447266,-0.8478170037269592,0.018703851848840714,0.06604123115539551,0.034974902868270874,1.0079519748687744,,,
,,,,,,,65535.0,43000.0,90.0
284.954,-1.802173376083374,-0.11443835496902466,-0.12409321218729019,0.0671890377998352,0.03561684489250183,0.9958826303482056,,,
,,,,,,,65535.0,43000.0,90.0
284.964,-3.3569717407226562,0.4478785991668701,0.05061118304729462,0.06330867111682892,0.037602394819259644,1.0026670694351196,,,
,,,,,,,65535.0,43000.0,90.0
284.974,-0.33345502614974976,-0.14196567237377167,0.2223840355873108,0.06383130699396133,0.02904248982667923,1.006348967552185,,,
,,,,,,,65535.0,43000.0,90.0
284.984,-0.5742052793502808,-0.21543216705322266,-0.15559282898902893,0.06461319327354431,0.027917487546801567,1.0006781816482544,,,
,,,,,,,65535.0,43000.0,90.0
284.994,1.3219053745269775,-0.3012859523296356,-0.04741141200065613,0.06571166962385178,0.03612911328673363,1.0050066709518433,,,
,,,,,,,65535.0,43000.0,90.0
285.004,1.633859634399414,-0.33038994669914246,-0.2138315588235855,0.06442887336015701,0.03350723162293434,1.0012271404266357,,,
,,,,,,,65535.0,43000.0,90.0
285.014,1.8500953912734985,-0.007147599011659622,-0.2519215941429138,0.06549897789955139,0.03360508754849434,1.0021719932556152,,,
,,,,,,,65535.0,43000.0,90.0
285.024,-1.976416826248169,-0.28703930974006653,-0.13675779104232788,0.06516597419977188,0.04108995571732521,1.0070475339889526,,,
,,,,,,,65535.0,43000.0,90.0
285.034,-1.1628837585449219,-0.3372345268726349,-0.1703931838274002,0.06236450746655464,0.03212093934416771,1.006111979484558,,,
,,,,,,,65535.0,43000.0,90.0
285.044,-1.158020257949829,-0.1870148479938507,-0.16619659960269928,0.06314433366060257,0.029672209173440933,0.9992778897285461,,,
,,,,,,,65535.0,43000.0,90.0
285.054,-0.6428790092468262,-0.24049639701843262,0.17725785076618195,0.06342843174934387,0.037824515253305435,1.0041769742965698,,,
,,,,,,,65535.0,43000.0,90.0
285.064,2.1581785678863525,-0.365447998046875,0.006003774236887693,0.06278600543737411,0.027102895081043243,1.0015848875045776,,,
,,,,,,,65535.0,43000.0,90.0
285.074,0.7166565656661987,0.05606115609407425,-0.3663422763347626,0.06470583379268646,0.03108757548034191,1.0025794506072998,,,
,,,,,,,65535.0,43000.0,90.0
285.084,0.34054964780807495,-0.33458414673805237,0.10880248993635178,0.06350237876176834,0.04005736857652664,1.0039067268371582,,,
,,,,,,,65535.0,43000.0,90.0
285.094,-0.7450355291366577,0.0025464363861829042,-0.05299551784992218,0.06427592039108276,0.03129231557250023,0.9989685416221619,,,
,,,,,,,65535.0,43000.0,90.0
285.104,-1.6558295488357544,-0.33383461833000183,0.029622331261634827,0.06406759470701218,0.037198506295681,1.007727861404419,,,
,,,,,,,65535.0,43000.0,90.0
285.114,-0.15364782512187958,-0.3356253206729889,-0.07405669242143631,0.06268768757581711,0.03244693577289581,1.0068163871765137,,,
,,,,,,,65535.0,43000.0,90.0
285.124,0.3950537443161011,-0.17160387337207794,0.014683329500257969,0.0658385306596756,0.02625049278140068,1.0030713081359863,,,
,,,,,,,65535.0,43000.0,90.0
285.134,1.0987880229949951,-0.4219435155391693,-0.016317248344421387,0.06621116399765015,0.03518988564610481,1.0055633783340454,,,
,,,,,,,65535.0,43000.0,90.0
285.144,1.1018539667129517,-0.12206926941871643,-0.15518735349178314,0.06632354855537415,0.03444897383451462,1.0011624097824097,,,
,,,,,,,65535.0,43000.0,90.0
285.154,-0.4918833076953888,-0.08325368165969849,-0.15049022436141968,0.06489531695842743,0.03440123423933983,1.0003403425216675,,,
,,,,,,,65535.0,43000.0,90.0
285.164,-0.970878005027771,0.1814163774251938,-0.04572136327624321,0.06385859102010727,0.03705986216664314,1.003631830215454,,,
,,,,,,,65535.0,43000.0,90.0
285.174,-0.6639400124549866,-0.2409997284412384,0.06085340678691864,0.06501949578523636,0.03058416210114956,1.0026969909667969,,,
,,,,,,,65535.0,43000.0,90.0
285.184,-0.3280268609523773,-0.12541863322257996,-0.2581717073917389,0.06479378044605255,0.03453978896141052,1.0039726495742798,,,
,,,,,,,65535.0,43000.0,90.0
285.194,1.0455001592636108,-0.21986018121242523,0.32125839591026306,0.06299901008605957,0.03393137827515602,1.0023207664489746,,,
,,,,,,,65535.0,43000.0,90.0
285.204,0.6358258724212646,-0.004881386179476976,-0.265685111284256,0.06842228770256042,0.031260453164577484,1.001078486442566,,,
,,,,,,,65535.0,43000.0,90.0
285.214,0.25178924202919006,-0.18590156733989716,-0.3123566508293152,0.06574291735887527,0.03480254113674164,1.0050185918807983,,,
,,,,,,,65535.0,43000.0,90.0
285.224,-0.23656904697418213,0.2547515332698822,0.020039688795804977,0.06465902179479599,0.03258083015680313,1.0011204481124878,,,
,,,,,,,65535.0,43000.0,90.0
285.234,-1.0823686122894287,0.17320138216018677,-0.21085266768932343,0.06539442390203476,0.035589996725320816,1.0024118423461914,,,
,,,,,,,65535.0,43000.0,90.0
285.244,-0.16476742923259735,-0.0527411624789238,-0.029570316895842552,0.06497707217931747,0.032268427312374115,1.0034894943237305,,,
,,,,,,,65535.0,43000.0,90.0
285.254,0.22882089018821716,-0.07814043015241623,-0.416768878698349,0.0648130550980568,0.03041873313486576,1.002624750137329,,,
,,,,,,,65535.0,43000.0,90.0
285.264,0.49263399839401245,-0.20619000494480133,-0.14943979680538177,0.06292416900396347,0.03427504748106003,1.006229281425476,,,
,,,,,,,65535.0,43000.0,90.0
285.274,0.6740959882736206,-0.17290107905864716,0.14953847229480743,0.06308736652135849,0.03386066108942032,1.001328468322754,,,
,,,,,,,65535.0,43000.0,90.0
285.284,-0.38420161604881287,0.07980461418628693,0.16522066295146942,0.06518983840942383,0.03576939180493355,1.0025440454483032,,,
,,,,,,,65535.0,43000.0,90.0
285.294,-0.4240919351577759,-0.13806061446666718,0.0032579321414232254,0.06506557762622833,0.03625968098640442,1.001279592514038,,,
,,,,,,,65535.0,43000.0,90.0
285.304,-0.6142328381538391,-0.028841454535722733,-0.023275678977370262,0.06541988253593445,0.03148346021771431,0.9979849457740784,,,
,,,,,,,65535.0,43000.0,90.0
285.314,-0.24627353250980377,-0.010313719511032104,-0.14090509712696075,0.0663367211818695,0.03212324529886246,1.0025763511657715,,,
,,,,,,,65535.0,43000.0,90.0
285.324,0.6868388652801514,-0.18656647205352783,0.049968231469392776,0.06481271982192993,0.029438355937600136,1.0038784742355347,,,
,,,,,,,65535.0,43000.0,90.0
285.334,0.3751642107963562,-0.2773818075656891,-0.5126806497573853,0.06588149815797806,0.030268128961324692,1.0020604133605957,,,
,,,,,,,65535.0,43000.0,90.0
285.344,0.06292214244604111,-0.029527923092246056,0.007070369552820921,0.06649316847324371,0.035794537514448166,1.0054229497909546,,,
,,,,,,,65535.0,43000.0,90.0
285.354,-0.4454716145992279,0.3480754494667053,0.15831997990608215,0.06588304042816162,0.03400398790836334,1.0027766227722168,,,
,,,,,,,65535.0,43000.0,90.0
285.364,-0.592619776725769,-0.39055198431015015,-0.03903498128056526,0.06566986441612244,0.037071164697408676,1.0025986433029175,,,
,,,,,,,65535.0,43000.0,90.0
285.374,-0.2830587327480316,-0.16414181888103485,-0.21924704313278198,0.06500478833913803,0.03598150238394737,1.0049999952316284,,,
,,,,,,,65535.0,43000.0,90.0
285.384,-0.07708791643381119,0.06342518329620361,-0.016433823853731155,0.06447551399469376,0.034947071224451065,1.0039695501327515,,,
,,,,,,,65535.0,43000.0,90.0
285.394,0.370706170797348,-0.24004217982292175,0.07544730603694916,0.0636797770857811,0.03464655205607414,1.0055307149887085,,,
,,,,,,,65535.0,43000.0,90.0
285.404,0.46939507126808167,-0.0582885779440403,-0.27064257860183716,0.06371746212244034,0.03485123813152313,1.0029466152191162,,,
,,,,,,,65535.0,43000.0,90.0
285.414,-0.44225069880485535,0.06217268481850624,-0.40414556860923767,0.06497250497341156,0.035562485456466675,1.004393458366394,,,
,,,,,,,65535.0,43000.0,90.0
285.424,-0.3285854160785675,-0.2583918869495392,-0.1513136327266693,0.06440679728984833,0.033918801695108414,1.0035524368286133,,,
,,,,,,,65535.0,43000.0,90.0
285.434,-0.4634525775909424,0.33955681324005127,-0.10689206421375275,0.06706571578979492,0.031082089990377426,1.003905177116394,,,
,,,,,,,65535.0,43000.0,90.0
285.444,-0.1525183767080307,-0.5392427444458008,-0.27521756291389465,0.0674055740237236,0.03192592039704323,1.0023529529571533,,,
,,,,,,,65535.0,43000.0,90.0
285.454,0.38213515281677246,-0.2302689105272293,-0.22602353990077972,0.06529010832309723,0.029447467997670174,1.0014543533325195,,,
,,,,,,,65535.0,43000.0,90.0
285.464,0.22194983065128326,0.008668310008943081,-0.19320179522037506,0.06554936617612839,0.035086486488580704,1.0044976472854614,,,
,,,,,,,65535.0,43000.0,90.0
285.474,0.11354261636734009,-0.09358726441860199,0.16718952357769012,0.06486040353775024,0.0367015115916729,1.0028486251831055,,,
,,,,,,,65535.0,43000.0,90.0
285.484,-0.20954225957393646,-0.06661778688430786,-0.11061028391122818,0.06477052718400955,0.03170356899499893,1.0022271871566772,,,
,,,,,,,65535.0,42000.0,90.0
285.494,-0.2067878097295761,-0.22674226760864258,-0.14884242415428162,0.06293421238660812,0.03499240055680275,1.001132607460022,,,
,,,,,,,65535.0,42000.0,90.0
285.504,-0.15281367301940918,-0.3953494429588318,0.017818426713347435,0.06500963121652603,0.03594306856393814,1.0031025409698486,,,
,,,,,,,65535.0,42000.0,90.0
285.514,-0.5176008939743042,0.18436190485954285,-0.1822754442691803,0.06496599316596985,0.031618185341358185,1.0023393630981445,,,
,,,,,,,65535.0,42000.0,90.0
285.524,0.647770881652832,-0.521979570388794,-0.1084166020154953,0.06607777625322342,0.03354755416512489,0.999977171421051,,,
,,,,,,,65535.0,42000.0,90.0
285.534,0.45452725887298584,-0.1908586174249649,-0.07162728160619736,0.06382035464048386,0.03459246829152107,0.9997811913490295,,,
,,,,,,,65535.0,42000.0,90.0
285.544,0.7996594309806824,0.18403054773807526,-0.22225946187973022,0.06218324974179268,0.03035304695367813,1.0025362968444824,,,
,,,,,,,65535.0,42000.0,90.0
285.554,1.1283166408538818,-0.23056577146053314,-0.42719027400016785,0.06352383643388748,0.028322944417595863,0.9988824725151062,,,
,,,,,,,65535.0,42000.0,90.0
285.564,-1.0450869798660278,0.27690160274505615,-0.26074501872062683,0.06410125643014908,0.03675244003534317,0.9985687732696533,,,
,,,,,,,65535.0,42000.0,90.0
285.574,-4.8578104972839355,0.011936335824429989,0.05796143412590027,0.06378135830163956,0.0405195876955986,1.009368896484375,,,
,,,,,,,65535.0,40000.0,90.0
285.584,3.293224811553955,-0.6497467160224915,0.22491490840911865,0.06597340106964111,0.01620274968445301,1.001574993133545,,,
,,,,,,,65535.0,40000.0,90.0
285.594,2.296046495437622,-0.043025411665439606,-0.1811116337776184,0.06703310459852219,0.03015882708132267,1.001049518585205,,,
,,,,,,,65535.0,40000.0,90.0
285.604,3.007911443710327,-0.4762844741344452,3.322181510156952e-05,0.06187613308429718,0.03859878331422806,1.0049734115600586,,,
,,,,,,,65535.0,40000.0,90.0
285.614,0.6559959650039673,0.744696319103241,-0.4877939522266388,0.06802383810281754,0.030796382576227188,0.9821139574050903,,,
,,,,,,,65535.0,40000.0,90.0
285.624,-10.67908000946045,1.0630590915679932,-0.19548828899860382,0.06424013525247574,0.05273941531777382,1.0154708623886108,,,
,,,,,,,65535.0,40000.0,90.0
285.634,5.218578338623047,-1.358250617980957,1.0107959508895874,0.0644274577498436,0.01304580271244049,1.016083002090454,,,
,,,,,,,65535.0,40000.0,90.0
285.644,-3.7250027656555176,0.3617507517337799,-0.8798317313194275,0.06843093037605286,0.022462936118245125,0.9946328401565552,,,
,,,,,,,65535.0,40000.0,90.0
285.654,3.581209659576416,-1.0168180465698242,0.2895621359348297,0.06380005925893784,0.0499846376478672,1.012392520904541,,,
,,,,,,,65535.0,37000.0,90.0
285.664,4.091481685638428,0.1925763040781021,-0.0477864034473896,0.06673474609851837,0.029571296647191048,0.984306812286377,,,
,,,,,,,65535.0,37000.0,90.0
285.674,-3.1194071769714355,0.9183564782142639,-0.6415591239929199,0.06550997495651245,0.03765679895877838,1.0081586837768555,,,
,,,,,,,65535.0,37000.0,90.0
285.684,8.461433410644531,-1.4026380777359009,0.4382553696632385,0.06412821263074875,0.02899855189025402,1.017657995223999,,,
,,,,,,,65535.0,37000.0,90.0
285.694,-4.970102310180664,1.6418801546096802,-0.6095762252807617,0.07185371965169907,0.03590058535337448,0.9750487208366394,,,
,,,,,,,65535.0,37000.0,90.0
285.704,-16.877498626708984,0.7737137079238892,0.45603668689727783,0.058997489511966705,0.07149775326251984,1.03062105178833,,,
,,,,,,,65535.0,37000.0,90.0
285.714,5.919722557067871,-2.4756717681884766,0.3598983883857727,0.05738849937915802,-0.004511403385549784,1.023237705230713,,,
,,,,,,,65535.0,37000.0,90.0
285.724,2.39967942237854,0.3758673071861267,-1.575870156288147,0.07695945352315903,0.004651412833482027,0.9806418418884277,,,
,,,,,,,65535.0,37000.0,90.0
285.734,4.841572284698486,-0.5680587887763977,-0.21281512081623077,0.06720039993524551,0.07444120198488235,0.9972317218780518,,,
,,,,,,,65535.0,37000.0,90.0
285.744,7.029669761657715,-0.36609888076782227,0.8826863169670105,0.06980066001415253,0.0398276150226593,0.9748712182044983,,,
,,,,,,,65535.0,36000.0,90.0
285.754,-6.282572269439697,2.272425651550293,-0.8346120119094849,0.06539976596832275,0.020243635401129723,1.00352144241333,,,
,,,,,,,60000.0,36000.0,90.0
285.764,3.166712760925293,-1.3761297464370728,1.0584324598312378,0.058594025671482086,0.03464086726307869,1.038594126701355,,,
,,,,,,,60000.0,36000.0,90.0
285.774,-8.950155258178711,0.4068409502506256,-0.151177316904068,0.06689934432506561,0.032632213085889816,1.0014561414718628,,,
,,,,,,,60000.0,36000.0,90.0
285.784,-2.908641815185547,-2.032998561859131,-0.08216557651758194,0.0604388453066349,0.029484858736395836,1.006171703338623,,,
,,,,,,,60000.0,36000.0,90.0
285.794,4.508388996124268,1.0654491186141968,0.110227070748806,0.07215677201747894,0.0251642856746912,0.9895824790000916,,,
,,,,,,,60000.0,36000.0,90.0
285.804,-0.23860056698322296,0.5297837853431702,-1.4529454708099365,0.06990092247724533,0.042757779359817505,0.9983596801757812,,,
,,,,,,,60000.0,36000.0,90.0
285.814,5.5355939865112305,-1.5901992321014404,-0.025881405919790268,0.06498096138238907,0.038817260414361954,1.007220983505249,,,
,,,,,,,60000.0,36000.0,90.0
285.824,-1.1892280578613281,0.3778063654899597,0.30396562814712524,0.06685077399015427,0.029462872073054314,0.9906655550003052,,,
,,,,,,,60000.0,35000.0,90.0
285.834,-0.8572432994842529,0.018754111602902412,0.3667156398296356,0.06485603004693985,0.03786231577396393,1.0078182220458984,,,
,,,,,,,49000.0,35000.0,90.0
285.844,-2.320025682449341,0.12820999324321747,0.11216939985752106,0.06315605342388153,0.030232595279812813,1.010770320892334,,,
,,,,,,,49000.0,35000.0,90.0
285.854,-2.933732271194458,0.17415162920951843,-0.5863157510757446,0.06358490139245987,0.025592638179659843,1.0053431987762451,,,
,,,,,,,49000.0,35000.0,90.0
285.864,4.306838035583496,-1.7037979364395142,0.2721191942691803,0.07138335704803467,0.035465288907289505,1.0028942823410034,,,
,,,,,,,49000.0,35000.0,90.0
285.874,3.402838945388794,1.4370901584625244,0.5463555455207825,0.07612980902194977,0.037102919071912766,0.9826432466506958,,,
,,,,,,,49000.0,35000.0,90.0
285.884,-3.4138779640197754,2.173119068145752,-0.5137048959732056,0.066843681037426,0.04304824769496918,1.0065786838531494,,,
,,,,,,,49000.0,35000.0,90.0
285.894,-2.9673025608062744,-1.088392972946167,-0.29379087686538696,0.062441229820251465,0.02934303879737854,1.0272936820983887,,,
,,,,,,,49000.0,35000.0,90.0
285.904,-0.04941333457827568,-1.76187264919281,-0.094935841858387,0.061810411512851715,0.0231142807751894,1.0062710046768188,,,
,,,,,,,49000.0,32767.0,90.0
285.914,4.68751335144043,-0.535319983959198,0.6925989985466003,0.06999442726373672,0.033760808408260345,0.9840308427810669,,,
,,,,,,,41000.0,32767.0,90.0
285.924,1.0184733867645264,0.739354133605957,-0.11237119883298874,0.068592369556427,0.04652112349867821,0.9915732741355896,,,
,,,,,,,41000.0,32767.0,90.0
285.934,-1.6134968996047974,1.1640267372131348,-0.7883431911468506,0.060229044407606125,0.03789084032177925,1.0124605894088745,,,
,,,,,,,41000.0,32767.0,90.0
285.944,1.0597091913223267,-2.027695655822754,-0.06898017972707748,0.06731372326612473,0.019026169553399086,1.0184333324432373,,,
,,,,,,,41000.0,32767.0,90.0
285.954,3.4931111335754395,0.8660335540771484,0.8417666554450989,0.0726962760090828,0.02487446740269661,0.995201051235199,,,
,,,,,,,41000.0,32767.0,90.0
285.964,-8.466646194458008,1.1162323951721191,-0.4847636818885803,0.05886228010058403,0.057099007070064545,1.0060023069381714,,,
,,,,,,,41000.0,32767.0,90.0
285.974,-5.070773124694824,-1.4128679037094116,0.4418003261089325,0.06496991962194443,0.034277450293302536,1.0210603475570679,,,
,,,,,,,41000.0,32767.0,90.0
285.984,3.496062994003296,-0.951172411441803,0.005959233734756708,0.0647667646408081,0.0030430590268224478,0.9847960472106934,,,
,,,,,,,41000.0,32767.0,90.0
285.994,7.472716331481934,-0.38966304063796997,-0.22169092297554016,0.0706348642706871,0.03207162022590637,0.9867786765098572,,,
,,,,,,,41000.0,32767.0,90.0
286.004,3.6918094158172607,0.8419865965843201,0.24946193397045135,0.06421621143817902,0.053924620151519775,0.9990702867507935,,,
,,,,,,,32767.0,32767.0,90.0
286.014,-4.589999675750732,0.9020313620567322,-0.5823157429695129,0.06065567210316658,0.03251514583826065,1.0107694864273071,,,
,,,,,,,32767.0,32767.0,90.0
286.024,-1.2167361974716187,-0.8256483674049377,-0.4177374541759491,0.06033506616950035,0.022829724475741386,1.0195196866989136,,,
,,,,,,,32767.0,32767.0,90.0
286.034,-1.0614491701126099,-0.6841525435447693,0.40267789363861084,0.06806826591491699,0.03714771941304207,0.9997400045394897,,,
,,,,,,,32767.0,32767.0,90.0
286.044,-0.17368341982364655,-1.381706953048706,0.5432541370391846,0.06878944486379623,0.03861021250486374,0.9850063920021057,,,
,,,,,,,32767.0,32767.0,90.0
286.054,2.8269176483154297,1.622328758239746,-1.5143895149230957,0.08807079493999481,0.024315305054187775,0.9914573431015015,,,
,,,,,,,32767.0,32767.0,90.0
286.064,-2.573894500732422,2.863691568374634,-0.5392852425575256,0.04698919877409935,0.0389595627784729,1.0132986307144165,,,
,,,,,,,32767.0,32767.0,90.0
286.074,-2.8441476821899414,-2.0604546070098877,0.5794117450714111,0.06668292731046677,0.04486909508705139,1.0325485467910767,,,
,,,,,,,32767.0,30000.0,90.0
286.084,2.47758412361145,-2.494462490081787,0.13690613210201263,0.065850630402565,0.01671099103987217,0.9917522072792053,,,
,,,,,,,32767.0,30000.0,90.0
286.094,3.2057714462280273,0.2684389650821686,0.11192625015974045,0.0723622664809227,0.03476748988032341,0.9794153571128845,,,
,,,,,,,32767.0,30000.0,90.0
286.104,4.577976703643799,0.6184651255607605,0.4034368693828583,0.06976746767759323,0.0405876450240612,1.0053341388702393,,,
,,,,,,,32767.0,30000.0,90.0
286.114,-6.2969512939453125,2.795689105987549,-0.7414852976799011,0.07446613162755966,0.03640705347061157,1.0062777996063232,,,
,,,,,,,32767.0,30000.0,90.0
286.124,-7.854574203491211,-0.204705610871315,-1.4010341167449951,0.05412035435438156,0.043844398111104965,1.0345326662063599,,,
,,,,,,,32767.0,30000.0,90.0
286.134,3.2788589000701904,-3.0088553428649902,1.017055869102478,0.06638355553150177,0.009382140822708607,1.0051052570343018,,,
,,,,,,,32767.0,30000.0,90.0
286.144,3.2982587814331055,0.23733922839164734,-0.13283103704452515,0.06742948293685913,0.019130073487758636,0.974544882774353,,,
,,,,,,,32767.0,30000.0,90.0
286.154,5.349661350250244,0.18265032768249512,0.351139634847641,0.06243157014250755,0.05635605379939079,0.9920275807380676,,,
,,,,,,,32767.0,30000.0,90.0
286.164,-2.730724573135376,0.10776632279157639,-0.2188960760831833,0.06691992282867432,0.04072742536664009,1.006966471672058,,,
,,,,,,,32767.0,31000.0,90.0
286.174,-2.066835403442383,0.4609343111515045,-0.3191879391670227,0.06179434806108475,0.014381702989339828,1.0213253498077393,,,
,,,,,,,32767.0,31000.0,90.0
286.184,0.006855252664536238,-0.8753440380096436,0.10786604136228561,0.0605776309967041,0.02319514751434326,1.012152075767517,,,
,,,,,,,32767.0,31000.0,90.0
286.194,-1.2185863256454468,-0.653962254524231,0.4137945771217346,0.06808691471815109,0.040088798850774765,0.9972211718559265,,,
,,,,,,,32767.0,31000.0,90.0
286.204,0.3521113693714142,0.5919404625892639,-0.03266816586256027,0.06613687425851822,0.036425165832042694,0.9869846701622009,,,
,,,,,,,32767.0,31000.0,90.0
286.214,-0.44963452219963074,0.8338578343391418,-0.45954465866088867,0.06406929343938828,0.038271646946668625,1.0018795728683472,,,
,,,,,,,32767.0,31000.0,90.0
286.224,4.428695201873779,0.2752625346183777,-0.28556060791015625,0.0655738115310669,0.02511652000248432,1.0091140270233154,,,
,,,,,,,32767.0,31000.0,90.0
286.234,0.08390354365110397,-0.3124116063117981,-0.35370075702667236,0.06483134627342224,0.036353934556245804,1.0079624652862549,,,
,,,,,,,32767.0,31000.0,90.0
286.244,-1.1676710844039917,-0.4866402745246887,0.11901061236858368,0.06517348438501358,0.04422633722424507,1.0050588846206665,,,
,,,,,,,32767.0,32767.0,90.0
286.254,-3.1709187030792236,-0.12532971799373627,-0.18130747973918915,0.06873571872711182,0.03482420742511749,0.9946134090423584,,,
,,,,,,,32767.0,32767.0,90.0
286.264,-1.048646330833435,0.44849154353141785,-0.320597767829895,0.06657590717077255,0.029239997267723083,1.0005831718444824,,,
,,,,,,,32767.0,32767.0,90.0
286.274,1.2824233770370483,-0.4473820626735687,0.09832604229450226,0.0642508938908577,0.0301747377961874,1.0069525241851807,,,
,,,,,,,32767.0,32767.0,90.0
286.284,-0.3906765282154083,-0.21783965826034546,0.20536983013153076,0.06653571128845215,0.0329197496175766,1.0021593570709229,,,
,,,,,,,32767.0,32767.0,90.0
286.294,3.161816358566284,-0.3391393721103668,-0.14541830122470856,0.0640399307012558,0.028333378955721855,1.0061203241348267,,,
,,,,,,,32767.0,32767.0,90.0
286.304,4.7262864112854,0.07611501961946487,-0.06940290331840515,0.0658077597618103,0.028903933241963387,0.9885107278823853,,,
,,,,,,,32767.0,32767.0,90.0
286.314,-4.917479515075684,0.36719733476638794,-0.48117437958717346,0.06349901854991913,0.048999857157468796,1.006499171257019,,,
,,,,,,,32767.0,32767.0,90.0
286.324,-0.08602195978164673,-0.6649407148361206,0.5134032368659973,0.061376795172691345,0.029269985854625702,1.0083016157150269,,,
,,,,,,,32767.0,32767.0,90.0
286.334,-4.713963985443115,0.004588047042489052,-0.42583760619163513,0.06284286081790924,0.021362219005823135,1.0048846006393433,,,
,,,,,,,32767.0,32767.0,90.0
286.344,2.948512077331543,-0.7507614493370056,0.21211661398410797,0.06288319826126099,0.03400536999106407,1.0059635639190674,,,
,,,,,,,32767.0,32767.0,90.0
286.354,0.9785290956497192,0.04952137544751167,0.030987782403826714,0.06986720114946365,0.03434755653142929,0.992866575717926,,,
,,,,,,,32767.0,32767.0,90.0
286.364,1.9107400178909302,-0.023782039061188698,-0.08426693826913834,0.063065305352211,0.034693796187639236,0.9986497759819031,,,
,,,,,,,32767.0,32767.0,90.0
286.374,0.3575986325740814,0.024181436747312546,0.04529977962374687,0.06443663686513901,0.034094300121068954,1.0060516595840454,,,
,,,,,,,32767.0,32767.0,90.0
286.384,-2.54744553565979,-0.13755196332931519,-0.29131609201431274,0.06510816514492035,0.030767349526286125,1.0062289237976074,,,
,,,,,,,32767.0,32767.0,90.0
286.394,-0.342168927192688,-0.12189249694347382,-0.0014738085446879268,0.0669582188129425,0.03340157866477966,1.0048216581344604,,,
,,,,,,,32767.0,32767.0,90.0
286.404,-1.1357499361038208,-0.0494869165122509,0.18895567953586578,0.06861546635627747,0.03776174038648605,1.0000388622283936,,,
,,,,,,,32767.0,32767.0,90.0
286.414,1.4211039543151855,0.06457729637622833,0.22428029775619507,0.06749963015317917,0.03224688768386841,1.0002919435501099,,,
,,,,,,,32767.0,32767.0,90.0
286.424,1.1824222803115845,-0.1487542986869812,0.04883513227105141,0.06608584523200989,0.0322490818798542,1.0033929347991943,,,
,,,,,,,32767.0,32767.0,90.0
286.434,0.6121569871902466,-0.3038523495197296,0.159241184592247,0.0662655383348465,0.0339159294962883,1.0075072050094604,,,
,,,,,,,32767.0,32767.0,90.0
286.444,-0.7042526006698608,-0.013366620987653732,-0.013775692321360111,0.06415820866823196,0.03377945348620415,1.0026949644088745,,,
,,,,,,,32767.0,32767.0,90.0
286.454,-1.5092346668243408,-0.16292940080165863,-0.11657919734716415,0.06452259421348572,0.030842939391732216,1.0017324686050415,,,
,,,,,,,32767.0,32767.0,90.0
286.464,-0.6304440498352051,0.046543024480342865,0.2313455492258072,0.06463977694511414,0.03058396652340889,1.004932165145874,,,
,,,,,,,32767.0,32767.0,90.0
286.474,0.21711084246635437,0.11196830123662949,-0.1025073453783989,0.06475447863340378,0.027463175356388092,1.006500005722046,,,
,,,,,,,32767.0,32767.0,90.0
286.484,1.0419608354568481,-0.1763037145137787,0.04603644087910652,0.0640118271112442,0.030707325786352158,1.0073548555374146,,,
,,,,,,,32767.0,32767.0,90.0
286.494,0.8420023322105408,-0.3344476819038391,-0.056653592735528946,0.06532147526741028,0.031108038499951363,1.0040558576583862,,,
,,,,,,,32767.0,32767.0,90.0
286.504,-0.5246941447257996,-0.06672284007072449,-0.07473380118608475,0.0666244626045227,0.0347633920609951,0.9987251162528992,,,
,,,,,,,32767.0,32767.0,90.0
286.514,-0.8052080273628235,0.170674130320549,0.10283701121807098,0.06505273282527924,0.035008154809474945,1.001722812652588,,,
,,,,,,,32767.0,32767.0,90.0
286.524,-0.9326205253601074,-0.25574570894241333,-0.04819587990641594,0.06489931792020798,0.031697262078523636,1.0042471885681152,,,
,,,,,,,32767.0,32767.0,90.0
286.534,0.30818021297454834,-0.053356245160102844,0.11666639149188995,0.06721627712249756,0.03174680098891258,1.0054835081100464,,,
,,,,,,,32767.0,32767.0,90.0
286.544,0.7728938460350037,0.062420085072517395,0.13503366708755493,0.06531240791082382,0.033316295593976974,1.0033272504806519,,,
,,,,,,,32767.0,32767.0,90.0
286.554,0.44784796237945557,-0.13930971920490265,-0.2775943875312805,0.06439471244812012,0.03689050301909447,1.000576138496399,,,
,,,,,,,32767.0,32767.0,90.0
286.564,-0.085146464407444,-0.024561550468206406,0.21784672141075134,0.06383959949016571,0.03581754118204117,1.00143563747406,,,
,,,,,,,32767.0,32767.0,90.0
286.574,-0.8122096061706543,0.026817772537469864,0.0017552649369463325,0.06413672864437103,0.03430633619427681,1.003580927848816,,,
,,,,,,,32767.0,32767.0,90.0
286.584,-0.7410048842430115,-0.09012440592050552,-0.10303621739149094,0.06458620727062225,0.03404063731431961,1.0039762258529663,,,
,,,,,,,32767.0,30000.0,90.0
286.594,-0.09295433014631271,-0.11089573055505753,-0.043583814054727554,0.06573543697595596,0.033026836812496185,1.001456618309021,,,
,,,,,,,32767.0,30000.0,90.0
286.604,0.6016858816146851,-0.22890594601631165,-0.11061392724514008,0.06539732962846756,0.0337582528591156,1.0017292499542236,,,
,,,,,,,32767.0,30000.0,90.0
286.614,-0.23907470703125,0.30823615193367004,0.17385143041610718,0.06306985765695572,0.03638096898794174,1.003334641456604,,,
,,,,,,,32767.0,30000.0,90.0
286.624,0.869789183139801,-0.3731909990310669,0.07805050909519196,0.06536933779716492,0.032345566898584366,1.0085875988006592,,,
,,,,,,,32767.0,30000.0,90.0
286.634,4.548112392425537,-0.3711535334587097,-0.3298797905445099,0.06459322571754456,0.02317626401782036,0.998570442199707,,,
,,,,,,,32767.0,30000.0,90.0
286.644,-7.286693096160889,0.8286569714546204,-0.29535576701164246,0.06364563852548599,0.054223962128162384,0.9916555881500244,,,
,,,,,,,32767.0,30000.0,90.0
286.654,-5.606739044189453,-0.5401202440261841,0.3582167327404022,0.06270358711481094,0.04047970101237297,1.0256997346878052,,,
,,,,,,,32767.0,30000.0,90.0
286.664,5.851688385009766,-0.8606351613998413,0.2416592538356781,0.062161676585674286,-0.0009146222728304565,0.9968253374099731,,,
,,,,,,,32767.0,30000.0,90.0
286.674,-1.3622015714645386,0.4013974070549011,-1.0015124082565308,0.06679708510637283,0.038550976663827896,1.0016218423843384,,,
,,,,,,,27000.0,30000.0,90.0
286.684,6.909420967102051,-0.9129473567008972,0.733010470867157,0.06353653222322464,0.051879819482564926,1.0013543367385864,,,
,,,,,,,27000.0,30000.0,90.0
286.694,-2.932567834854126,0.5022960901260376,-0.7215317487716675,0.06834902614355087,0.025717556476593018,0.9884371161460876,,,
,,,,,,,27000.0,30000.0,90.0
286.704,-0.9531654715538025,-1.1249347925186157,0.46005475521087646,0.06684329360723495,0.040938589721918106,1.0115118026733398,,,
,,,,,,,27000.0,30000.0,90.0
286.714,1.044586420059204,0.9129979014396667,1.007239580154419,0.07266966253519058,0.03186211362481117,1.0103875398635864,,,
,,,,,,,27000.0,30000.0,90.0
286.724,-5.85163688659668,2.3527345657348633,-1.3597509860992432,0.05372064188122749,0.02501123771071434,1.0084866285324097,,,
,,,,,,,27000.0,30000.0,90.0
286.734,-1.3760401010513306,-2.071152448654175,-0.16339045763015747,0.06474128365516663,0.04290677234530449,1.0236116647720337,,,
,,,,,,,27000.0,30000.0,90.0
286.744,3.714412212371826,-2.301306962966919,0.41569212079048157,0.06294545531272888,0.03561623394489288,0.9803115129470825,,,
,,,,,,,27000.0,30000.0,90.0
286.754,4.546432971954346,0.7159305810928345,0.17619308829307556,0.07437978684902191,0.03553491458296776,0.9700544476509094,,,
,,,,,,,27000.0,29000.0,90.0
286.764,0.10997535288333893,1.967352271080017,0.2759115397930145,0.0822010338306427,0.0410245843231678,1.0062490701675415,,,
,,,,,,,19000.0,29000.0,90.0
286.774,-0.1887485384941101,1.6340885162353516,-0.8294491767883301,0.05208052322268486,0.03137616068124771,1.027541995048523,,,
,,,,,,,19000.0,29000.0,90.0
286.784,-4.188504219055176,-0.9463627338409424,-1.1641621589660645,0.06484519690275192,0.016587870195508003,1.0298810005187988,,,
,,,,,,,19000.0,29000.0,90.0
286.794,0.5694764852523804,-1.8839566707611084,0.38958919048309326,0.06317495554685593,0.030301015824079514,1.000470757484436,,,
,,,,,,,19000.0,29000.0,90.0
286.804,-1.8159469366073608,-1.0473694801330566,0.957891583442688,0.06679917871952057,0.04711456969380379,0.9798362255096436,,,
,,,,,,,19000.0,29000.0,90.0
286.814,6.6853179931640625,0.7863872051239014,0.30060330033302307,0.08939360827207565,0.030271368101239204,0.9876275062561035,,,
,,,,,,,19000.0,29000.0,90.0
286.824,-2.1069142818450928,3.5493323802948,-0.9715875387191772,0.07100572437047958,0.02942756935954094,0.9951491951942444,,,
,,,,,,,19000.0,29000.0,90.0
286.834,-4.748590469360352,1.4123128652572632,-0.8405276536941528,0.04797584190964699,0.0519065335392952,1.0358073711395264,,,
,,,,,,,19000.0,29000.0,90.0
286.844,-0.04221648350358009,-3.1713850498199463,0.33327457308769226,0.06035550311207771,0.02194703184068203,1.027401089668274,,,
,,,,,,,14000.0,29000.0,90.0
286.854,3.314009666442871,-1.6213228702545166,0.22627860307693481,0.06298977881669998,0.019417885690927505,0.9810914397239685,,,
,,,,,,,14000.0,29000.0,90.0
286.864,3.410922050476074,0.4176448881626129,0.18054711818695068,0.06655319035053253,0.05451130494475365,0.9823026061058044,,,
,,,,,,,14000.0,29000.0,90.0
286.874,-2.353520631790161,0.05475928634405136,0.3232997953891754,0.08318217098712921,0.04406348243355751,1.001015067100525,,,
,,,,,,,14000.0,29000.0,90.0
286.884,-2.8757176399230957,2.113119125366211,-0.37801802158355713,0.05613091588020325,0.021624770015478134,0.9959897994995117,,,
,,,,,,,14000.0,29000.0,90.0
286.894,1.702658772468567,0.14678296446800232,0.20195288956165314,0.06300695985555649,0.02967654913663864,1.022147297859192,,,
,,,,,,,14000.0,29000.0,90.0
286.904,0.13871829211711884,-0.2059224247932434,-0.15752367675304413,0.0607563741505146,0.02963799238204956,1.0123558044433594,,,
,,,,,,,14000.0,29000.0,90.0
286.914,-0.2169797569513321,-0.6334848999977112,-0.33029207587242126,0.0662921592593193,0.03264572098851204,0.9941539764404297,,,
,,,,,,,14000.0,28000.0,90.0
286.924,-1.1076213121414185,-0.21877096593379974,-0.09206383675336838,0.06749638170003891,0.04559886455535889,0.9883852601051331,,,
,,,,,,,8000.0,28000.0,90.0
286.934,-0.3059602379798889,0.0886891707777977,0.4608505666255951,0.0666196420788765,0.0344255156815052,0.9982259273529053,,,
,,,,,,,8000.0,28000.0,90.0
286.944,3.7012412548065186,-0.46383076906204224,0.14729993045330048,0.06309948861598969,0.018612295389175415,1.0086020231246948,,,
,,,,,,,8000.0,28000.0,90.0
286.954,-0.32376646995544434,0.5781776905059814,-0.23629704117774963,0.06106399744749069,0.036493316292762756,1.007320761680603,,,
,,,,,,,8000.0,28000.0,90.0
286.964,-4.152672290802002,-0.8895915746688843,-0.2305804342031479,0.06478223949670792,0.040313784033060074,1.0037068128585815,,,
,,,,,,,8000.0,28000.0,90.0
286.974,1.7044172286987305,-0.1850174516439438,0.19576279819011688,0.06599089503288269,0.024471215903759003,0.9982652068138123,,,
,,,,,,,8000.0,28000.0,90.0
286.984,-0.6233054995536804,0.41937437653541565,-0.047615014016628265,0.0653500035405159,0.03362755849957466,1.0022321939468384,,,
,,,,,,,8000.0,28000.0,90.0
286.994,2.0304667949676514,-0.5939893126487732,0.11096968501806259,0.0639919638633728,0.036432892084121704,1.0072451829910278,,,
,,,,,,,8000.0,27000.0,90.0
287.004,0.10033304989337921,0.13542085886001587,-0.17728328704833984,0.06539036333560944,0.029826438054442406,1.0000832080841064,,,
,,,,,,,8000.0,27000.0,90.0
287.014,0.1492398977279663,0.09101483225822449,-0.09060749411582947,0.06477968394756317,0.035852547734975815,1.0087851285934448,,,
,,,,,,,2000.0,27000.0,90.0
287.024,0.13381990790367126,-0.013177581131458282,-0.08331634104251862,0.06484749168157578,0.032556671649217606,1.000744104385376,,,
,,,,,,,2000.0,27000.0,90.0
287.034,-1.661479115486145,-0.23010244965553284,-0.15669947862625122,0.06789354234933853,0.03258446604013443,1.0003451108932495,,,
,,,,,,,2000.0,27000.0,90.0
287.044,-1.592301368713379,-0.20301605761051178,0.282437264919281,0.06680652499198914,0.03455734997987747,1.0043421983718872,,,
,,,,,,,2000.0,27000.0,90.0
287.054,1.780104398727417,-0.5270925760269165,0.06065785884857178,0.06426452100276947,0.028888626024127007,1.003868818283081,,,
,,,,,,,2000.0,27000.0,90.0
287.064,1.4189492464065552,-0.07841219753026962,-0.027197903022170067,0.06350741535425186,0.03087134100496769,1.0060526132583618,,,
,,,,,,,2000.0,27000.0,90.0
287.074,1.3060483932495117,-0.4153621792793274,-0.023261960595846176,0.06544992327690125,0.03635706380009651,1.005420207977295,,,
,,,,,,,2000.0,27000.0,90.0
287.084,-1.519875407218933,0.15328295528888702,-0.15795359015464783,0.06482302397489548,0.036377761512994766,0.9997819066047668,,,
,,,,,,,2000.0,28000.0,90.0
287.094,-1.233411192893982,-0.008606594987213612,-0.06962127238512039,0.06309309601783752,0.03026842325925827,1.0005204677581787,,,
,,,,,,,0.0,28000.0,90.0
287.104,-0.9640972018241882,0.010299610905349255,-0.3622724711894989,0.06300371885299683,0.029885154217481613,1.0016921758651733,,,
,,,,,,,0.0,28000.0,90.0
287.114,0.9121974110603333,-0.14842043817043304,-0.08585658669471741,0.0648232102394104,0.029881395399570465,1.0044118165969849,,,
,,,,,,,0.0,28000.0,90.0
287.124,0.73699951171875,-0.0248998012393713,-0.08573216944932938,0.06680804491043091,0.03218469023704529,1.0047849416732788,,,
,,,,,,,0.0,28000.0,90.0
287.134,0.8887767195701599,-0.2569577991962433,-0.07496215403079987,0.06458736211061478,0.03319498151540756,1.0015650987625122,,,
,,,,,,,0.0,28000.0,90.0
287.144,-1.5492807626724243,-0.24886354804039001,-0.15209774672985077,0.062204062938690186,0.03731066733598709,0.9994326829910278,,,
,,,,,,,0.0,28000.0,90.0
287.154,-1.3934286832809448,-0.022576749324798584,0.10977078974246979,0.06488599628210068,0.03481520712375641,1.0029300451278687,,,
,,,,,,,0.0,28000.0,90.0
287.164,0.9377831816673279,0.2645195424556732,-0.03453383594751358,0.06556504964828491,0.029441891238093376,0.9986250400543213,,,
,,,,,,,0.0,26000.0,90.0
287.174,0.012677588500082493,-0.21943005919456482,0.025226904079318047,0.06482986360788345,0.034958068281412125,1.0032532215118408,,,
,,,,,,,0.0,26000.0,90.0
287.184,0.6391057372093201,-0.42585113644599915,-0.046288687735795975,0.06406654417514801,0.034339725971221924,1.0038095712661743,,,
,,,,,,,0.0,26000.0,90.0
287.194,-0.9426670670509338,0.11409363150596619,-0.08832027018070221,0.06524728238582611,0.029394010081887245,1.0012530088424683,,,
,,,,,,,0.0,26000.0,90.0
287.204,0.7232228517532349,-0.38607409596443176,0.1470375657081604,0.0656953677535057,0.03183862566947937,1.0091427564620972,,,
,,,,,,,0.0,26000.0,90.0
287.214,2.96351957321167,0.13421693444252014,-0.35706356167793274,0.06562836468219757,0.02748659998178482,0.9975175261497498,,,
,,,,,,,0.0,26000.0,90.0
287.224,-5.585559844970703,0.39428749680519104,-0.11202308535575867,0.06676671653985977,0.04510727524757385,0.9944054484367371,,,
,,,,,,,0.0,26000.0,90.0
287.234,-2.7324492931365967,-0.40540188550949097,0.11961708962917328,0.06477025896310806,0.032200608402490616,1.0133719444274902,,,
,,,,,,,0.0,26000.0,90.0
287.244,2.5359416007995605,-0.3296481966972351,-0.03529294580221176,0.0655532106757164,0.011912843212485313,0.9993135929107666,,,
,,,,,,,0.0,26000.0,90.0
287.254,1.9465861320495605,-0.38541170954704285,-0.2570664882659912,0.06374092400074005,0.034052927047014236,1.0001342296600342,,,
,,,,,,,0.0,26000.0,90.0
287.264,3.013287305831909,-0.4239548444747925,0.3257256746292114,0.06531254202127457,0.042486630380153656,1.0033400058746338,,,
,,,,,,,0.0,26000.0,90.0
287.274,-1.7696046829223633,0.2751339375972748,-0.43468523025512695,0.06884655356407166,0.025495903566479683,0.9958882331848145,,,
,,,,,,,0.0,26000.0,90.0
287.284,-1.3402774333953857,-0.007674107793718576,-0.19836366176605225,0.06466208398342133,0.033111248165369034,1.0109425783157349,,,
,,,,,,,0.0,26000.0,90.0
287.294,-1.613355040550232,-0.10016951709985733,0.16781513392925262,0.06400424242019653,0.02909562550485134,1.003379225730896,,,
,,,,,,,0.0,26000.0,90.0
287.304,-0.5986300706863403,0.013355215080082417,-0.03441336378455162,0.06385616958141327,0.028384987264871597,1.002253770828247,,,
,,,,,,,0.0,26000.0,90.0
287.314,1.765560507774353,-0.5365821123123169,0.05802326649427414,0.06593305617570877,0.03684832528233528,1.0006741285324097,,,
,,,,,,,0.0,26000.0,90.0
287.324,1.2292401790618896,-0.3060236871242523,0.06332945078611374,0.06511607021093369,0.0338793508708477,0.9975687265396118,,,
,,,,,,,0.0,24000.0,90.0
287.334,1.3348093032836914,-0.048599973320961,-0.24709515273571014,0.06368494033813477,0.039619237184524536,1.0020356178283691,,,
,,,,,,,0.0,24000.0,90.0
287.344,-2.3383467197418213,-0.0012645801762118936,0.21565163135528564,0.06518707424402237,0.04091619327664375,1.006611943244934,,,
,,,,,,,0.0,24000.0,90.0
287.354,-1.4468203783035278,-0.5695406198501587,-0.059461988508701324,0.06665156781673431,0.028504405170679092,1.006155014038086,,,
,,,,,,,0.0,24000.0,90.0
287.364,1.8118427991867065,-0.3153107166290283,0.1549566388130188,0.06626234948635101,0.027937179431319237,1.0005266666412354,,,
,,,,,,,0.0,24000.0,90.0
287.374,-2.2702505588531494,-0.24056360125541687,-0.012444719672203064,0.06673625111579895,0.0470503605902195,1.0028653144836426,,,
,,,,,,,0.0,24000.0,90.0
287.384,-1.2581050395965576,-0.4572288691997528,0.17499005794525146,0.06318509578704834,0.029742924496531487,1.0065563917160034,,,
,,,,,,,0.0,24000.0,90.0
287.394,0.6011455655097961,0.30628690123558044,-0.6062896847724915,0.06528279930353165,0.018903113901615143,0.9987882375717163,,,
,,,,,,,0.0,24000.0,90.0
287.404,1.758487582206726,0.2577804625034332,0.45723214745521545,0.06457732617855072,0.03446350246667862,1.003798007965088,,,
,,,,,,,0.0,24000.0,90.0
287.414,0.9384379982948303,-0.10046414285898209,-0.014098764397203922,0.06644029170274734,0.03428281098604202,1.0075180530548096,,,
,,,,,,,0.0,22000.0,90.0
287.424,-0.6935827732086182,-0.09947139769792557,-0.1622539758682251,0.06558863073587418,0.025088375434279442,1.0037586688995361,,,
,,,,,,,0.0,22000.0,90.0
287.434,0.4705457389354706,-0.448860764503479,-0.015026525594294071,0.06493636965751648,0.03773980215191841,1.0067299604415894,,,
,,,,,,,0.0,22000.0,90.0
287.444,0.37605324387550354,0.6351053714752197,0.07812798768281937,0.06501227617263794,0.03438672050833702,1.003519058227539,,,
,,,,,,,0.0,22000.0,90.0
287.454,-1.6703816652297974,0.019815510138869286,-0.24743641912937164,0.06577058136463165,0.03590630367398262,0.9973471760749817,,,
,,,,,,,0.0,22000.0,90.0
287.464,-3.205716848373413,0.06127595528960228,0.015905631706118584,0.06287208199501038,0.0400063619017601,1.0065799951553345,,,
,,,,,,,0.0,22000.0,90.0
287.474,1.51020085811615,-0.645684540271759,-0.07135481387376785,0.06539659202098846,0.02427985705435276,1.0018832683563232,,,
,,,,,,,0.0,22000.0,90.0
287.484,2.4281222820281982,-0.1788044422864914,-0.13567455112934113,0.06491003185510635,0.028469525277614594,0.9988147020339966,,,
,,,,,,,0.0,22000.0,90.0
287.494,2.149487018585205,-0.18645189702510834,0.05773376673460007,0.06388120353221893,0.03891196846961975,1.0065139532089233,,,
,,,,,,,0.0,22000.0,90.0
287.504,-1.5933046340942383,0.1938081681728363,-0.12165984511375427,0.06743567436933517,0.03147215396165848,1.0026226043701172,,,
,,,,,,,0.0,22000.0,90.0
287.514,-1.2876083850860596,-0.047427814453840256,-0.19168192148208618,0.06397686898708344,0.029537245631217957,1.006215214729309,,,
,,,,,,,0.0,22000.0,90.0
287.524,-1.6848458051681519,0.09224194288253784,-0.009954015724360943,0.06466764211654663,0.03436329588294029,1.009568691253662,,,
,,,,,,,0.0,22000.0,90.0
287.534,-0.11005838215351105,-0.13869617879390717,-0.19564580917358398,0.06597284972667694,0.030495766550302505,1.0048211812973022,,,
,,,,,,,0.0,22000.0,90.0
287.544,2.330866813659668,-0.20818795263767242,0.031949691474437714,0.06652070581912994,0.03284881263971329,1.0026311874389648,,,
,,,,,,,0.0,22000.0,90.0
287.554,0.8527446389198303,-0.15178240835666656,0.03249147906899452,0.06481818109750748,0.03886156901717186,1.0018291473388672,,,
,,,,,,,0.0,22000.0,90.0
287.564,-0.033966656774282455,-0.3079845607280731,-0.2629702389240265,0.06304344534873962,0.03580520302057266,1.003998041152954,,,
,,,,,,,0.0,22000.0,90.0
287.574,-1.8295834064483643,0.034763891249895096,-0.052850112318992615,0.06291785091161728,0.03156431019306183,1.0036721229553223,,,
,,,,,,,0.0,22000.0,90.0
287.584,-1.3223439455032349,0.01314119528979063,0.07462380081415176,0.06439760327339172,0.030172599479556084,1.0049173831939697,,,
,,,,,,,0.0,24000.0,90.0
287.594,-0.49565964937210083,-0.26999083161354065,0.24136759340763092,0.06506028771400452,0.03240286931395531,1.0023142099380493,,,
,,,,,,,0.0,24000.0,90.0
287.604,1.1012252569198608,-0.0583806186914444,-0.2361336648464203,0.06538663804531097,0.03007681854069233,1.0030442476272583,,,
,,,,,,,0.0,24000.0,90.0
287.614,1.4722806215286255,-0.0716644674539566,-0.20010632276535034,0.06292398273944855,0.03213641792535782,1.004101276397705,,,
,,,,,,,0.0,24000.0,90.0
287.624,-0.6038898229598999,0.12711480259895325,0.024161752313375473,0.06486647576093674,0.038184333592653275,0.9974391460418701,,,
,,,,,,,0.0,24000.0,90.0
287.634,-1.0067331790924072,0.2140924483537674,-0.051070984452962875,0.06499078869819641,0.03738556057214737,0.9943694472312927,,,
,,,,,,,0.0,24000.0,90.0
287.644,-3.008122205734253,0.07739511132240295,0.03484771400690079,0.06565980613231659,0.036774493753910065,1.0096766948699951,,,
,,,,,,,0.0,24000.0,90.0
287.654,4.81016206741333,-0.37808504700660706,0.04209642857313156,0.06542005389928818,0.022327223792672157,1.0070587396621704,,,
,,,,,,,0.0,24000.0,90.0
287.664,0.39900296926498413,0.1732616275548935,-0.5580000281333923,0.06456529349088669,0.03651260584592819,1.0023359060287476,,,
,,,,,,,0.0,25000.0,90.0
287.674,-0.6140527129173279,-0.29238733649253845,0.1532023847103119,0.06480680406093597,0.04155532643198967,1.004447102546692,,,
,,,,,,,0.0,25000.0,90.0
287.684,-1.7501901388168335,0.19658300280570984,-0.24209371209144592,0.06781056523323059,0.0267798975110054,0.9997943043708801,,,
,,,,,,,0.0,25000.0,90.0
287.694,-1.197546362876892,0.24695876240730286,-0.2373674511909485,0.06576646864414215,0.030568767338991165,1.0056278705596924,,,
,,,,,,,0.0,25000.0,90.0
287.704,-0.00019321478612255305,-0.13245384395122528,0.28423112630844116,0.061597999185323715,0.0338766947388649,1.006690502166748,,,
,,,,,,,0.0,25000.0,90.0
287.714,-0.0769585371017456,-0.1534399837255478,-0.12646372616291046,0.06207849830389023,0.027686795219779015,1.0056228637695312,,,
,,,,,,,0.0,25000.0,90.0
287.724,4.558520317077637,-0.28386521339416504,0.26447978615760803,0.06178329139947891,0.028967654332518578,1.0036306381225586,,,
,,,,,,,0.0,25000.0,90.0
287.734,-0.6242757439613342,-0.5250733494758606,-0.2277674525976181,0.06422289460897446,0.0431678481400013,1.0022464990615845,,,
,,,,,,,0.0,25000.0,90.0
287.744,-2.0307774543762207,0.007857613265514374,0.01694118045270443,0.0649392232298851,0.03910375013947487,1.0031425952911377,,,
,,,,,,,0.0,25000.0,90.0
287.754,-1.7866384983062744,0.208182230591774,-0.2559281885623932,0.06332457065582275,0.02882099524140358,0.9988996982574463,,,
,,,,,,,0.0,25000.0,90.0
287.764,-1.00702965259552,-0.034116074442863464,0.010495839640498161,0.06239723414182663,0.034231942147016525,1.0045722723007202,,,
,,,,,,,0.0,25000.0,90.0
287.774,1.1448167562484741,0.1192699745297432,0.09176082909107208,0.06163827329874039,0.029838088899850845,1.0001763105392456,,,
,,,,,,,0.0,25000.0,90.0
287.784,1.8980412483215332,-0.23500490188598633,-0.10893254727125168,0.06559044122695923,0.029164917767047882,0.9980144500732422,,,
,,,,,,,0.0,25000.0,90.0
287.794,0.9808180928230286,-0.016003455966711044,0.1679120808839798,0.06697122007608414,0.039041150361299515,1.0038608312606812,,,
,,,,,,,0.0,25000.0,90.0
287.804,-1.5891941785812378,-0.04176059737801552,-0.30119583010673523,0.06288257241249084,0.0348430871963501,1.0032743215560913,,,
,,,,,,,0.0,25000.0,90.0
287.814,-1.4981215000152588,0.08192046731710434,-0.2780455946922302,0.06244002655148506,0.03110436722636223,1.0003315210342407,,,
,,,,,,,0.0,25000.0,90.0
287.824,-0.7916726469993591,0.05010901018977165,-0.1225949078798294,0.06456124037504196,0.034636110067367554,1.0017553567886353,,,
,,,,,,,0.0,25000.0,90.0
287.834,0.9063766598701477,-0.4265305697917938,-0.005938118789345026,0.0659443661570549,0.03331994265317917,1.0039312839508057,,,
,,,,,,,0.0,27000.0,90.0
287.844,1.504837155342102,0.056713566184043884,-0.2242480218410492,0.06432241201400757,0.03238074481487274,1.003544807434082,,,
,,,,,,,0.0,27000.0,90.0
287.854,0.5653759241104126,-0.4013492465019226,-0.12539708614349365,0.0638442263007164,0.036404091864824295,1.0022791624069214,,,
,,,,,,,0.0,27000.0,90.0
287.864,-3.3986868858337402,0.024016045033931732,-0.18148136138916016,0.06483269482851028,0.04087285324931145,1.0016008615493774,,,
,,,,,,,0.0,27000.0,90.0
287.874,-0.6944537162780762,0.05216005817055702,-0.11456868052482605,0.06511905044317245,0.0306618083268404,1.0065547227859497,,,
,,,,,,,0.0,27000.0,90.0
287.884,5.727261543273926,0.07914452254772186,-0.013670799322426319,0.06724178791046143,0.018164904788136482,0.998854398727417,,,
,,,,,,,0.0,27000.0,90.0
287.894,-1.0047930479049683,-0.1208764836192131,-0.4293530583381653,0.06570015847682953,0.041699014604091644,1.004949688911438,,,
,,,,,,,0.0,27000.0,90.0
287.904,-1.376353144645691,-0.5565267205238342,0.2794329524040222,0.06542042642831802,0.03880606219172478,1.0041494369506836,,,
,,,,,,,0.0,27000.0,90.0
287.914,-2.242203712463379,0.3856228291988373,-0.21052506566047668,0.0667925775051117,0.022546302527189255,0.9962376356124878,,,
,,,,,,,0.0,27000.0,90.0
287.924,-0.12797848880290985,-0.2579975724220276,-0.1915304809808731,0.0644335150718689,0.03351382911205292,1.0050209760665894,,,
,,,,,,,0.0,27000.0,90.0
287.934,0.6078076958656311,-0.5053558349609375,-0.105039581656456,0.06439507007598877,0.034462448209524155,1.002202033996582,,,
,,,,,,,0.0,27000.0,90.0
287.944,1.9829421043395996,0.152201846241951,-0.03943977877497673,0.06345809996128082,0.0304584801197052,0.9965681433677673,,,
,,,,,,,0.0,27000.0,90.0
287.954,1.3684738874435425,-0.17205341160297394,-0.23737569153308868,0.06603704392910004,0.04094138368964195,1.0017915964126587,,,
,,,,,,,0.0,27000.0,90.0
287.964,-1.6759185791015625,-0.46996185183525085,0.011397825554013252,0.061825692653656006,0.03728663548827171,1.0024510622024536,,,
,,,,,,,0.0,27000.0,90.0
287.974,-1.0037461519241333,0.21839210391044617,-0.10325861722230911,0.06207224726676941,0.02937321364879608,1.0033084154129028,,,
,,,,,,,0.0,27000.0,90.0
287.984,-1.1042238473892212,0.16758610308170319,0.0035673093516379595,0.06368141621351242,0.03449114412069321,1.0033539533615112,,,
,,,,,,,0.0,27000.0,90.0
287.994,0.38071224093437195,-0.3857581615447998,0.22727595269680023,0.06441252678632736,0.03109859675168991,1.003353476524353,,,
,,,,,,,0.0,28000.0,90.0
288.004,1.4186265468597412,0.0743105560541153,-5.355860048439354e-05,0.06674756109714508,0.026364825665950775,0.9998329281806946,,,
,,,,,,,8000.0,28000.0,90.0
288.014,1.0130780935287476,0.15461553633213043,-0.10152377188205719,0.06345141679048538,0.03336811438202858,1.0029081106185913,,,
,,,,,,,8000.0,28000.0,90.0
288.024,-1.6557796001434326,-0.493990421295166,-0.16451692581176758,0.06270384788513184,0.037450116127729416,1.000188946723938,,,
,,,,,,,8000.0,28000.0,90.0
288.034,-1.3894556760787964,-0.1502346247434616,-0.152765691280365,0.06647692620754242,0.032684676349163055,1.0023722648620605,,,
,,,,,,,8000.0,28000.0,90.0
288.044,2.1470446586608887,0.11336284875869751,0.10158780962228775,0.06803027540445328,0.03319154307246208,1.0065460205078125,,,
,,,,,,,8000.0,28000.0,90.0
288.054,-0.40123143792152405,-0.988280177116394,-0.2846815884113312,0.06608833372592926,0.033556245267391205,1.0042599439620972,,,
,,,,,,,8000.0,28000.0,90.0
288.064,0.39062923192977905,-0.16072754561901093,-0.22158493101596832,0.06495368480682373,0.0330209881067276,0.9994387030601501,,,
,,,,,,,8000.0,28000.0,90.0
288.074,-0.137852281332016,0.09563861787319183,0.020921094343066216,0.0672110989689827,0.03336602449417114,0.9977377653121948,,,
,,,,,,,8000.0,28000.0,90.0
288.084,-0.7139491438865662,-0.006118568126112223,0.17548330128192902,0.06489694863557816,0.03176329284906387,1.0044306516647339,,,
,,,,,,,8000.0,28000.0,90.0
288.094,0.08913718163967133,0.08040861785411835,0.14046615362167358,0.06357354670763016,0.026774175465106964,1.0055711269378662,,,
,,,,,,,14000.0,28000.0,90.0
288.104,-0.044971924275159836,-0.19763971865177155,-0.0022111095022410154,0.06320591270923615,0.03259917348623276,1.0022763013839722,,,
,,,,,,,14000.0,28000.0,90.0
288.114,0.020895393565297127,0.1214241161942482,-0.060213904827833176,0.06747148931026459,0.03527389466762543,0.9962853193283081,,,
,,,,,,,14000.0,28000.0,90.0
288.124,0.1337999403476715,-3.2097814083099365,0.655506432056427,0.06648518145084381,0.03590330854058266,1.0040844678878784,,,
,,,,,,,14000.0,28000.0,90.0
288.134,-0.7829055190086365,0.15175850689411163,-0.43918147683143616,0.06727055460214615,0.0343843549489975,1.0058467388153076,,,
,,,,,,,14000.0,28000.0,90.0
288.144,-0.07091621309518814,-0.121457539498806,-0.020731372758746147,0.06499611586332321,0.0319945402443409,1.0030710697174072,,,
,,,,,,,14000.0,28000.0,90.0
288.154,0.39201390743255615,0.013697813265025616,0.10496588051319122,0.06542788445949554,0.036479514092206955,0.9985560774803162,,,
,,,,,,,14000.0,28000.0,90.0
288.164,-0.2866991460323334,-0.12766523659229279,0.25841662287712097,0.06439647078514099,0.03360715135931969,1.0044058561325073,,,
,,,,,,,14000.0,29000.0,90.0
288.174,0.23962830007076263,-0.21117277443408966,-0.3128569722175598,0.06471536308526993,0.028889663517475128,1.0071109533309937,,,
,,,,,,,20000.0,29000.0,90.0
288.184,-1.400872826576233,0.02972334250807762,-0.3725031614303589,0.062310609966516495,0.033646490424871445,1.0039803981781006,,,
,,,,,,,20000.0,29000.0,90.0
288.194,0.8371043801307678,-0.16001981496810913,0.20081259310245514,0.0666515901684761,0.03160464018583298,1.0035237073898315,,,
,,,,,,,20000.0,29000.0,90.0
288.204,2.0729129314422607,-0.2610875368118286,-0.21117223799228668,0.06874589622020721,0.031675830483436584,1.0080958604812622,,,
,,,,,,,20000.0,29000.0,90.0
288.214,-1.5016536712646484,-0.429940789937973,-0.7803846597671509,0.06788723915815353,0.03411904349923134,1.0007778406143188,,,
,,,,,,,20000.0,29000.0,90.0
288.224,-0.7538419961929321,-0.033653587102890015,-0.290391206741333,0.06529691815376282,0.03819640725851059,0.9921318292617798,,,
,,,,,,,20000.0,29000.0,90.0
288.234,1.659632682800293,-0.045563340187072754,0.7226279377937317,0.06628090143203735,0.03231135010719299,0.9950245022773743,,,
,,,,,,,20000.0,29000.0,90.0
288.244,0.07884465157985687,0.3051159679889679,0.12566591799259186,0.0648035779595375,0.02567961812019348,1.0092545747756958,,,
,,,,,,,20000.0,32767.0,90.0
288.254,-0.5557441115379333,0.08172126859426498,-0.2632908225059509,0.06254004687070847,0.030009545385837555,1.0129003524780273,,,
,,,,,,,29000.0,32767.0,90.0
288.264,-1.7755135297775269,-0.07439782470464706,-0.36507242918014526,0.06320026516914368,0.037307221442461014,1.0059231519699097,,,
,,,,,,,29000.0,32767.0,90.0
288.274,1.1775249242782593,-0.5348284244537354,0.057775456458330154,0.06269650906324387,0.03524976596236229,1.0008624792099,,,
,,,,,,,29000.0,32767.0,90.0
288.284,-1.1103763580322266,-1.6539337635040283,0.03606106713414192,0.06686082482337952,0.04071671515703201,1.0088322162628174,,,
,,,,,,,29000.0,32767.0,90.0
288.294,-4.46575403213501,-1.0662789344787598,-1.8931387662887573,0.06145139038562775,0.03919408470392227,1.0239264965057373,,,
,,,,,,,29000.0,32767.0,90.0
288.304,8.93064022064209,-0.3534091114997864,-0.0019854879938066006,0.05740952119231224,0.026079999282956123,0.9763189554214478,,,
,,,,,,,29000.0,32767.0,90.0
288.314,1.6595773696899414,-0.02820848859846592,2.630056142807007,0.07736939936876297,0.0621115081012249,0.9741080403327942,,,
,,,,,,,29000.0,32767.0,90.0
288.324,10.740514755249023,-2.1917707920074463,2.06005859375,0.09570720046758652,0.03547666594386101,0.9785545468330383,,,
,,,,,,,29000.0,32767.0,90.0
288.334,-13.193689346313477,7.225776672363281,-3.3797147274017334,0.06910599023103714,0.024423282593488693,0.9730536937713623,,,
,,,,,,,30000.0,32767.0,90.0
288.344,-8.727779388427734,3.317697286605835,0.6285603642463684,0.0573500394821167,0.04864293336868286,1.0602012872695923,,,
,,,,,,,30000.0,32767.0,90.0
288.354,3.818074941635132,-6.964282512664795,2.842892646789551,0.024225594475865364,0.013925707899034023,1.0658808946609497,,,
,,,,,,,30000.0,32767.0,90.0
288.364,-1.3372714519500732,-2.1267800331115723,-0.5737422108650208,0.06744520366191864,-0.018520286306738853,1.0006918907165527,,,
,,,,,,,30000.0,32767.0,90.0
288.374,10.915013313293457,-0.28786957263946533,-0.9235014319419861,0.07001123577356339,0.04759467393159866,0.9765464067459106,,,
,,,,,,,30000.0,32767.0,90.0
288.384,1.8869253396987915,-0.09527356922626495,-0.28789374232292175,0.07484514266252518,0.08179505169391632,0.9533224701881409,,,
,,,,,,,30000.0,32767.0,90.0
288.394,-7.576803684234619,1.5930062532424927,-0.011456971056759357,0.07048193365335464,0.041727155447006226,0.9863888025283813,,,
,,,,,,,30000.0,32767.0,90.0
288.404,-1.6053636074066162,1.5629239082336426,0.497413694858551,0.060455821454524994,0.009885087609291077,1.0354427099227905,,,
,,,,,,,30000.0,32767.0,90.0
288.414,-4.961545944213867,-0.6324731707572937,-0.2009727507829666,0.05953891947865486,0.01881018653512001,1.0433599948883057,,,
,,,,,,,30000.0,32767.0,90.0
288.424,3.817760705947876,-3.1399145126342773,-0.6831415295600891,0.04785477742552757,0.029412593692541122,1.0086658000946045,,,
,,,,,,,32767.0,32767.0,90.0
288.434,2.2768969535827637,-1.8411084413528442,1.1899765729904175,0.08326811343431473,0.038975395262241364,0.9693557024002075,,,
,,,,,,,32767.0,32767.0,90.0
288.444,0.5653718709945679,1.4503870010375977,-0.37775036692619324,0.07804223895072937,0.04920196160674095,0.9710329174995422,,,
,,,,,,,32767.0,32767.0,90.0
288.454,-2.9477431774139404,1.2855178117752075,-0.16164638102054596,0.05976293236017227,0.04407162964344025,1.0028579235076904,,,
,,,,,,,32767.0,32767.0,90.0
288.464,1.6110804080963135,-1.4509481191635132,0.6356909275054932,0.06441538780927658,0.02055126056075096,1.036126971244812,,,
,,,,,,,32767.0,32767.0,90.0
288.474,-0.5782445669174194,0.39992088079452515,-0.2992692291736603,0.07014282047748566,0.015710191801190376,1.0068422555923462,,,
,,,,,,,32767.0,32767.0,90.0
288.484,-3.1389644145965576,0.3671003580093384,-0.01071253977715969,0.06120850890874863,0.049412522464990616,0.9983193874359131,,,
,,,,,,,32767.0,32767.0,90.0
288.494,2.1895716190338135,-0.7111154794692993,0.3678235709667206,0.06723328679800034,0.042576294392347336,0.9956762194633484,,,
,,,,,,,32767.0,32767.0,90.0
288.504,-1.3261069059371948,0.7334043979644775,-0.8540320992469788,0.06481629610061646,0.021487055346369743,0.9986234307289124,,,
,,,,,,,32767.0,32767.0,90.0
288.514,4.196897983551025,-0.47462472319602966,0.1724601536989212,0.062349602580070496,0.034601468592882156,1.015404462814331,,,
,,,,,,,32767.0,32767.0,90.0
288.524,-1.3232544660568237,-0.42802807688713074,0.03738544508814812,0.06691862642765045,0.04156734421849251,1.0032347440719604,,,
,,,,,,,32767.0,32767.0,90.0
288.534,-1.7500542402267456,0.3870426118373871,-0.09158818423748016,0.06494787335395813,0.03052484057843685,0.9979299306869507,,,
,,,,,,,32767.0,32767.0,90.0
288.544,-0.3639630973339081,0.16850590705871582,-0.20049899816513062,0.06271106004714966,0.034625355154275894,1.0035984516143799,,,
,,,,,,,32767.0,32767.0,90.0
288.554,-0.813948929309845,-0.20813819766044617,-0.28700193762779236,0.06162194162607193,0.03291523829102516,1.007573127746582,,,
,,,,,,,32767.0,32767.0,90.0
288.564,2.0386106967926025,-0.37980687618255615,-0.21188636124134064,0.06370986253023148,0.026945553719997406,1.007315754890442,,,
,,,,,,,32767.0,32767.0,90.0
288.574,0.9597238898277283,-0.2091941237449646,-0.033543020486831665,0.06500990688800812,0.036110032349824905,1.0017708539962769,,,
,,,,,,,32767.0,32767.0,90.0
288.584,0.05779934674501419,0.16916261613368988,-0.0852297991514206,0.06570935994386673,0.03850395604968071,0.9981219172477722,,,
,,,,,,,32767.0,32767.0,90.0
288.594,-1.041060447692871,0.06357196718454361,-0.17086872458457947,0.06581173092126846,0.036596592515707016,1.000981330871582,,,
,,,,,,,32767.0,32767.0,90.0
288.604,-1.3935719728469849,0.40566176176071167,0.10185998678207397,0.06518732756376266,0.03417273983359337,1.0060111284255981,,,
,,,,,,,32767.0,32767.0,90.0
288.614,-0.306599497795105,-0.5515003204345703,-0.031788211315870285,0.06559239327907562,0.03042067214846611,1.006901502609253,,,
,,,,,,,32767.0,32767.0,90.0
288.624,0.8177081346511841,0.11227685958147049,-0.1365460604429245,0.0664534792304039,0.02846609055995941,1.0000776052474976,,,
,,,,,,,32767.0,32767.0,90.0
288.634,0.7316492199897766,-0.2605323791503906,-0.08540906012058258,0.06379733979701996,0.037050046026706696,0.9997592568397522,,,
,,,,,,,32767.0,32767.0,90.0
288.644,0.4665832817554474,-0.16056011617183685,0.08330637216567993,0.06182357296347618,0.03662226349115372,1.0027084350585938,,,
,,,,,,,32767.0,32767.0,90.0
288.654,-0.5977512001991272,0.2430022805929184,-0.28867852687835693,0.0644163191318512,0.035007696598768234,1.0056977272033691,,,
,,,,,,,32767.0,32767.0,90.0
288.664,-0.9262245893478394,0.03940684348344803,-0.3108193874359131,0.06443192064762115,0.03546451777219772,1.0062894821166992,,,
,,,,,,,32767.0,32767.0,90.0
288.674,-0.8225651979446411,0.05051959306001663,-0.062238387763500214,0.06558331847190857,0.0331428200006485,1.0026202201843262,,,
,,,,,,,32767.0,32767.0,90.0
288.684,0.4355035424232483,-0.1009788066148758,0.14549177885055542,0.06499822437763214,0.030901767313480377,1.0021783113479614,,,
,,,,,,,32767.0,32767.0,90.0
288.694,0.9488447308540344,-0.28871020674705505,-0.10740341991186142,0.06478679925203323,0.0325327031314373,1.004610538482666,,,
,,,,,,,32767.0,32767.0,90.0
288.704,0.33317825198173523,-0.120274119079113,-0.13309745490550995,0.06456442922353745,0.03276193141937256,1.0046812295913696,,,
,,,,,,,32767.0,32767.0,90.0
288.714,-0.3937908709049225,0.11411566287279129,-0.11656820774078369,0.0639086663722992,0.03047591634094715,1.0027130842208862,,,
,,,,,,,32767.0,32767.0,90.0
288.724,-0.72711580991745,-0.16338711977005005,0.003466296475380659,0.0648394227027893,0.03355449438095093,1.0006911754608154,,,
,,,,,,,32767.0,32767.0,90.0
288.734,-0.6001726984977722,0.02305506356060505,-0.17186622321605682,0.06381671130657196,0.033455587923526764,1.0009424686431885,,,
,,,,,,,32767.0,32767.0,90.0
288.744,0.08276236057281494,-0.060046013444662094,-0.10542148351669312,0.06484252214431763,0.030728720128536224,1.0042203664779663,,,
,,,,,,,32767.0,32767.0,90.0
288.754,0.5093660950660706,-0.168390691280365,-0.1048273891210556,0.06803403794765472,0.03293298929929733,1.0043913125991821,,,
,,,,,,,32767.0,32767.0,90.0
288.764,0.6616753935813904,0.0443563312292099,0.19592954218387604,0.06584904342889786,0.03650851547718048,1.0040515661239624,,,
,,,,,,,32767.0,32767.0,90.0
288.774,-0.12301085889339447,0.0925854817032814,-0.04206213355064392,0.0639716386795044,0.03639642521739006,0.9993011355400085,,,
,,,,,,,32767.0,32767.0,90.0
288.784,-0.6849672198295593,0.10123061388731003,-0.03499096632003784,0.06466083973646164,0.0375247523188591,1.001419186592102,,,
,,,,,,,32767.0,32767.0,90.0
288.794,-0.43341943621635437,0.014300597831606865,0.0523463673889637,0.06549163162708282,0.034769173711538315,1.0061945915222168,,,
,,,,,,,32767.0,32767.0,90.0
288.804,-0.20897361636161804,-0.25668254494667053,-0.22209465503692627,0.06419986486434937,0.031212758272886276,1.0061354637145996,,,
,,,,,,,32767.0,32767.0,90.0
288.814,0.47861188650131226,-0.11922603845596313,-0.21620434522628784,0.06484240293502808,0.032260894775390625,1.0038126707077026,,,
,,,,,,,32767.0,32767.0,90.0
288.824,0.38930344581604004,-0.1028885617852211,0.01675436832010746,0.06638691574335098,0.03234420344233513,1.002907633781433,,,
,,,,,,,32767.0,32767.0,90.0
288.834,-0.042420461773872375,-0.3489709198474884,-0.12741388380527496,0.0657036080956459,0.033934928476810455,1.00324285030365,,,
,,,,,,,32767.0,32767.0,90.0
288.844,-0.49841955304145813,-0.17793476581573486,-0.2466241717338562,0.06517327576875687,0.030270585790276527,1.0037322044372559,,,
,,,,,,,32767.0,32767.0,90.0
288.854,-0.4830343425273895,-0.06429342180490494,-0.16121964156627655,0.06505119800567627,0.031982824206352234,1.0045627355575562,,,
,,,,,,,32767.0,32767.0,90.0
288.864,-0.21515700221061707,-0.2069023698568344,-0.19633209705352783,0.06603308767080307,0.030035309493541718,1.0025447607040405,,,
,,,,,,,32767.0,32767.0,90.0
288.874,0.2551988959312439,0.3337186276912689,-0.023332219570875168,0.06566806137561798,0.03205229341983795,1.0021417140960693,,,
,,,,,,,32767.0,32767.0,90.0
288.884,0.2786649763584137,-0.24526704847812653,-0.17262917757034302,0.06426063925027847,0.03776654973626137,1.004238486289978,,,
,,,,,,,32767.0,32767.0,90.0
288.894,-0.06356832385063171,-0.08560512214899063,0.03320492058992386,0.06640053540468216,0.03583529219031334,1.0034815073013306,,,
,,,,,,,32767.0,32767.0,90.0
288.904,-0.05849125236272812,-0.35025763511657715,-0.13296706974506378,0.06342615187168121,0.03300531953573227,1.0024113655090332,,,
,,,,,,,32767.0,32767.0,90.0
288.914,-0.6371026039123535,0.08358408510684967,-0.08080857247114182,0.06488759070634842,0.037917234003543854,1.0020263195037842,,,
,,,,,,,32767.0,32767.0,90.0
288.924,-0.8141526579856873,0.050766680389642715,-0.17224366962909698,0.06315597891807556,0.033483248203992844,1.0048747062683105,,,
,,,,,,,32767.0,32767.0,90.0
288.934,0.3868407607078552,-0.4862957298755646,-0.30590617656707764,0.0636950358748436,0.02916369028389454,1.0006628036499023,,,
,,,,,,,32767.0,32767.0,90.0
288.944,0.3053303360939026,-0.3566417396068573,0.049760814756155014,0.06435216963291168,0.036623015999794006,1.0012681484222412,,,
,,,,,,,32767.0,32767.0,90.0
288.954,-0.2494903951883316,-0.14688023924827576,0.0661432072520256,0.0646967813372612,0.034362807869911194,1.0032871961593628,,,
,,,,,,,32767.0,32767.0,90.0
288.964,-0.037405092269182205,-0.22053629159927368,-0.21408352255821228,0.06423413008451462,0.030511444434523582,1.000664472579956,,,
,,,,,,,32767.0,32767.0,90.0
288.974,-0.36802908778190613,-0.14581309258937836,0.11178082972764969,0.06675666570663452,0.03650851175189018,1.0035147666931152,,,
,,,,,,,32767.0,32767.0,90.0
288.984,-0.43769603967666626,-0.3451281785964966,0.12347409874200821,0.06544560939073563,0.034015361219644547,1.0002496242523193,,,
,,,,,,,32767.0,32767.0,90.0
288.994,0.18289953470230103,0.03607095032930374,-0.16571009159088135,0.0631287693977356,0.030122026801109314,1.0019996166229248,,,
,,,,,,,32767.0,32767.0,90.0
289.004,0.1481376588344574,-0.011191642843186855,0.15310393273830414,0.06257643550634384,0.03519509732723236,1.0061554908752441,,,
,,,,,,,32767.0,32767.0,90.0
289.014,0.06602677702903748,-0.1402246505022049,0.1751473993062973,0.06320086866617203,0.034717902541160583,1.004172682762146,,,
,,,,,,,32767.0,32767.0,90.0
289.024,-0.20263983309268951,0.035502996295690536,-0.12339111417531967,0.062223877757787704,0.027681056410074234,1.0002593994140625,,,
,,,,,,,32767.0,32767.0,90.0
289.034,0.23550495505332947,-0.051701370626688004,-0.0407215841114521,0.06626411527395248,0.036567024886608124,1.0000202655792236,,,
,,,,,,,32767.0,32767.0,90.0
289.044,-0.8938546180725098,-0.23139241337776184,-0.17594504356384277,0.06464995443820953,0.04170917347073555,1.0054657459259033,,,
,,,,,,,32767.0,32767.0,90.0
289.054,-0.2112797498703003,-0.5046924352645874,-0.06254616379737854,0.062173761427402496,0.021785462275147438,1.000619888305664,,,
,,,,,,,32767.0,32767.0,90.0
289.064,0.9437374472618103,-0.16998574137687683,-0.008749425411224365,0.0639670342206955,0.03094577230513096,1.000213623046875,,,
,,,,,,,32767.0,32767.0,90.0
289.074,-0.2908848524093628,-0.26196932792663574,0.0423298217356205,0.06412477046251297,0.044232554733753204,1.0055755376815796,,,
,,,,,,,32767.0,32767.0,90.0
289.084,-0.48809683322906494,0.08800414949655533,0.0002288174000568688,0.06476765871047974,0.02621539868414402,1.0000333786010742,,,
,,,,,,,32767.0,32767.0,90.0
289.094,0.7436617612838745,-0.14516252279281616,-0.2405974417924881,0.06367657333612442,0.02894291840493679,1.0034397840499878,,,
,,,,,,,32767.0,35000.0,90.0
289.104,-0.8646628260612488,0.02502591721713543,0.05284317955374718,0.06213051453232765,0.04154031351208687,1.0084638595581055,,,
,,,,,,,32767.0,35000.0,90.0
289.114,-0.18541721999645233,-0.3149547576904297,0.012338132597506046,0.06807166337966919,0.024525132030248642,0.9993413090705872,,,
,,,,,,,32767.0,35000.0,90.0
289.124,-1.4055335521697998,0.4274989664554596,-0.18345659971237183,0.06864941120147705,0.035636816173791885,0.9987595081329346,,,
,,,,,,,32767.0,35000.0,90.0
289.134,-2.2760000228881836,-0.47980931401252747,0.06989287585020065,0.06108121573925018,0.04041208326816559,1.0179200172424316,,,
,,,,,,,32767.0,35000.0,90.0
289.144,9.466010093688965,-1.0242472887039185,-0.11976544559001923,0.06692713499069214,0.004050680436193943,0.9956910610198975,,,
,,,,,,,32767.0,35000.0,90.0
289.154,-3.7016026973724365,0.5019981265068054,-0.7396494150161743,0.0645819902420044,0.045278992503881454,0.9964920878410339,,,
,,,,,,,32767.0,35000.0,90.0
289.164,1.8306041955947876,-0.5618045330047607,0.8948920369148254,0.06402033567428589,0.04741515591740608,1.008431077003479,,,
,,,,,,,32767.0,35000.0,90.0
289.174,-7.100195407867432,0.5790127515792847,-0.40507763624191284,0.06605661660432816,0.01941261999309063,0.9997060298919678,,,
,,,,,,,32767.0,35000.0,90.0
289.184,1.2796189785003662,-0.32422441244125366,0.17063027620315552,0.06320974230766296,0.028646346181631088,1.0149507522583008,,,
,,,,,,,32767.0,35000.0,90.0
289.194,-0.13383498787879944,-0.31398436427116394,0.16860128939151764,0.06443846970796585,0.03693532198667526,1.0042444467544556,,,
,,,,,,,32767.0,35000.0,90.0
289.204,2.716550350189209,0.29858553409576416,-0.17998240888118744,0.0674089714884758,0.028620900586247444,0.9939696192741394,,,
,,,,,,,32767.0,35000.0,90.0
289.214,2.3215785026550293,-0.3191850781440735,-0.39023858308792114,0.06577922403812408,0.04209648817777634,0.9976861476898193,,,
,,,,,,,32767.0,35000.0,90.0
289.224,-1.4782637357711792,-0.0024231886491179466,-0.1923326700925827,0.0642428919672966,0.041180796921253204,1.005306363105774,,,
,,,,,,,32767.0,35000.0,90.0
289.234,-1.1979588270187378,-0.10909980535507202,0.12491476535797119,0.06427665054798126,0.029645171016454697,1.0055820941925049,,,
,,,,,,,32767.0,35000.0,90.0
289.244,-1.6470320224761963,-0.26146942377090454,-0.34951338171958923,0.06441859900951385,0.03050030767917633,1.0053642988204956,,,
,,,,,,,32767.0,35000.0,90.0
289.254,-0.8450255393981934,-0.08564688265323639,0.1709183007478714,0.06519988924264908,0.035095520317554474,1.0064208507537842,,,
,,,,,,,32767.0,35000.0,90.0
289.264,1.7103776931762695,0.16735665500164032,-0.021435827016830444,0.06918760389089584,0.027400581166148186,1.0017945766448975,,,
,,,,,,,32767.0,35000.0,90.0
289.274,0.593937873840332,0.10564801841974258,-0.08037619292736053,0.06632131338119507,0.03225309029221535,1.0035061836242676,,,
,,,,,,,32767.0,35000.0,90.0
289.284,1.2411823272705078,-0.26183393597602844,0.09145976603031158,0.06540461629629135,0.03735567256808281,1.0066494941711426,,,
,,,,,,,32767.0,35000.0,90.0
289.294,-1.2315454483032227,0.3865489065647125,-0.2186102271080017,0.06652665138244629,0.034595802426338196,1.0009849071502686,,,
,,,,,,,32767.0,35000.0,90.0
289.304,-0.8203290700912476,0.05814959108829498,-0.06765291094779968,0.06333602964878082,0.03804070129990578,1.000952959060669,,,
,,,,,,,32767.0,35000.0,90.0
289.314,-0.942884087562561,0.5457207560539246,-0.09004399180412292,0.0634135752916336,0.03993101045489311,1.0044846534729004,,,
,,,,,,,32767.0,35000.0,90.0
289.324,0.21094530820846558,-0.34275853633880615,-0.1814769059419632,0.06372930109500885,0.03215481713414192,1.0091569423675537,,,
,,,,,,,32767.0,35000.0,90.0
289.334,1.1515480279922485,-0.14270630478858948,0.172318235039711,0.06502515822649002,0.028268348425626755,1.0057768821716309,,,
,,,,,,,32767.0,35000.0,90.0
289.344,1.2336132526397705,0.18883423507213593,-0.09474406391382217,0.06721489876508713,0.03416658565402031,1.0015588998794556,,,
,,,,,,,32767.0,32767.0,90.0
289.354,-0.6865158081054688,0.19656430184841156,-0.13220100104808807,0.06813323497772217,0.03705761581659317,1.0023857355117798,,,
,,,,,,,32767.0,32767.0,90.0
289.364,-0.8181041479110718,-0.08202222734689713,0.08486286550760269,0.0652402713894844,0.030026771128177643,1.0027542114257812,,,
,,,,,,,32767.0,32767.0,90.0
289.374,-0.4989723861217499,0.08461461216211319,-0.316773384809494,0.06420718878507614,0.03146294876933098,1.0044220685958862,,,
,,,,,,,32767.0,32767.0,90.0
289.384,0.5212547183036804,-0.4793059825897217,-0.04231341928243637,0.06310999393463135,0.03629864752292633,1.0068901777267456,,,
,,,,,,,32767.0,32767.0,90.0
289.394,3.360454797744751,-0.3354126214981079,-0.30758026242256165,0.06539314985275269,0.027543535456061363,1.0041699409484863,,,
,,,,,,,32767.0,32767.0,90.0
289.404,2.370645523071289,0.22303235530853271,-0.09570787847042084,0.06822282075881958,0.03894207626581192,0.9866375923156738,,,
,,,,,,,32767.0,32767.0,90.0
289.414,-11.690498352050781,0.45396631956100464,-0.2948528826236725,0.06485079228878021,0.059938617050647736,1.0158802270889282,,,
,,,,,,,32767.0,32767.0,90.0
289.424,4.889472484588623,-0.7602274417877197,0.7700590491294861,0.06473187357187271,0.009750241413712502,1.0085595846176147,,,
,,,,,,,32767.0,32767.0,90.0
289.434,-2.7389633655548096,0.4044486880302429,-1.115254282951355,0.06593915075063705,0.021694036200642586,1.0003833770751953,,,
,,,,,,,32767.0,31000.0,90.0
289.444,6.585224628448486,-0.8264928460121155,0.7065833806991577,0.06271803379058838,0.04915018007159233,1.004328727722168,,,
,,,,,,,32767.0,31000.0,90.0
289.454,-1.4328316450119019,0.460906058549881,-0.3924882411956787,0.06660671532154083,0.03335136920213699,0.9893508553504944,,,
,,,,,,,32767.0,31000.0,90.0
289.464,2.947370767593384,0.13993774354457855,-0.3742126226425171,0.06793098896741867,0.025195972993969917,1.0017613172531128,,,
,,,,,,,32767.0,31000.0,90.0
289.474,-3.7752320766448975,0.2581343650817871,0.02976328320801258,0.0658065676689148,0.04581741988658905,1.0005930662155151,,,
,,,,,,,32767.0,31000.0,90.0
289.484,-7.79243278503418,0.1665889322757721,0.37539225816726685,0.06317701190710068,0.03868871182203293,1.0129330158233643,,,
,,,,,,,32767.0,31000.0,90.0
289.494,4.805723667144775,-1.161176323890686,0.297008216381073,0.06419433653354645,0.009461697190999985,1.004608154296875,,,
,,,,,,,32767.0,31000.0,90.0
289.504,-0.6491037607192993,0.06129007413983345,-1.0339628458023071,0.06391308456659317,0.0362524650990963,0.9961075186729431,,,
,,,,,,,32767.0,31000.0,90.0
289.514,4.607090473175049,-0.31591448187828064,0.37781450152397156,0.06462069600820541,0.047570858150720596,1.000671148300171,,,
,,,,,,,32767.0,30000.0,90.0
289.524,1.1993402242660522,0.15081435441970825,-0.4159058630466461,0.0658203661441803,0.023076748475432396,0.9939616322517395,,,
,,,,,,,32767.0,30000.0,90.0
289.534,-1.2946419715881348,-0.11918526142835617,-0.15927982330322266,0.05981726199388504,0.03235206380486488,1.0128228664398193,,,
,,,,,,,32767.0,30000.0,90.0
289.544,-1.150480031967163,-0.2275530844926834,0.04938710853457451,0.0647287368774414,0.03143000602722168,1.0157275199890137,,,
,,,,,,,32767.0,30000.0,90.0
289.554,-2.276352643966675,0.25404950976371765,-0.09979356080293655,0.06770075112581253,0.024117352440953255,0.9969756603240967,,,
,,,,,,,32767.0,30000.0,90.0
289.564,-2.469879627227783,-0.09316261857748032,0.20422694087028503,0.06313379108905792,0.04047885537147522,1.002935767173767,,,
,,,,,,,32767.0,30000.0,90.0
289.574,2.416872024536133,-0.47480255365371704,0.39381417632102966,0.06260737031698227,0.028119996190071106,0.9992769956588745,,,
,,,,,,,32767.0,30000.0,90.0
289.584,2.099992275238037,-0.011750990524888039,-0.3035733997821808,0.06542964279651642,0.024127868935465813,0.9994593262672424,,,
,,,,,,,32767.0,30000.0,90.0
289.594,3.009512424468994,-0.6253912448883057,0.21222400665283203,0.06555779278278351,0.04002796858549118,1.0053977966308594,,,
,,,,,,,32767.0,30000.0,90.0
289.604,-2.125612258911133,0.300273060798645,-0.16701067984104156,0.06652393192052841,0.03683222830295563,0.9995755553245544,,,
,,,,,,,32767.0,32767.0,90.0
289.614,-1.521164894104004,0.1968052238225937,0.09905464947223663,0.06455869972705841,0.03559141978621483,1.0053166151046753,,,
,,,,,,,32767.0,32767.0,90.0
289.624,-2.5775246620178223,0.15171390771865845,0.14639350771903992,0.06701101362705231,0.03603563457727432,1.0021580457687378,,,
,,,,,,,32767.0,32767.0,90.0
289.634,-3.0066144466400146,-0.04879214987158775,0.5199370980262756,0.06486406922340393,0.03563844412565231,1.0071343183517456,,,
,,,,,,,32767.0,32767.0,90.0
289.644,3.562346935272217,-1.0441995859146118,-0.3127588927745819,0.06296978145837784,0.02087642438709736,1.015071153640747,,,
,,,,,,,32767.0,32767.0,90.0
289.654,10.275751113891602,-0.2864077091217041,-0.26724231243133545,0.07006566226482391,0.019617505371570587,0.9801926612854004,,,
,,,,,,,32767.0,32767.0,90.0
289.664,-6.396707534790039,0.6438738107681274,-0.6922397017478943,0.06778446584939957,0.06469875574111938,0.999866783618927,,,
,,,,,,,32767.0,32767.0,90.0
289.674,2.709510087966919,-0.59368896484375,1.0094527006149292,0.06464934349060059,0.032413411885499954,1.0084173679351807,,,
,,,,,,,32767.0,32767.0,90.0
289.684,-9.166753768920898,0.7094551920890808,-1.0773848295211792,0.06489765644073486,0.01589152403175831,1.0081641674041748,,,
,,,,,,,32767.0,32767.0,90.0
289.694,2.747706413269043,-0.863218367099762,0.44725701212882996,0.06325899064540863,0.033222496509552,1.0181266069412231,,,
,,,,,,,32767.0,32767.0,90.0
289.704,-1.4631706476211548,-0.6051329374313354,-0.08406621217727661,0.06630415469408035,0.03450406715273857,0.9947190284729004,,,
,,,,,,,32767.0,32767.0,90.0
289.714,4.014342784881592,0.08888283371925354,-0.242231547832489,0.06634154915809631,0.03423459082841873,0.9934695363044739,,,
,,,,,,,32767.0,32767.0,90.0
289.724,1.9737168550491333,-0.5154535174369812,-0.07236533612012863,0.06314834207296371,0.04029831662774086,1.0045899152755737,,,
,,,,,,,32767.0,32767.0,90.0
289.734,-1.3014041185379028,0.2962278723716736,-0.06129329279065132,0.06424039602279663,0.029180990532040596,1.0058280229568481,,,
,,,,,,,32767.0,32767.0,90.0
289.744,-1.4524695873260498,0.061201754957437515,0.14049455523490906,0.06135038658976555,0.028895268216729164,1.008757472038269,,,
,,,,,,,32767.0,32767.0,90.0
289.754,-2.002825975418091,0.0054368372075259686,0.031847383826971054,0.06503958255052567,0.029891237616539,1.0012662410736084,,,
,,,,,,,32767.0,32767.0,90.0
289.764,-1.1142699718475342,0.09592869132757187,-0.23704569041728973,0.06349525600671768,0.030728932470083237,1.0031025409698486,,,
,,,,,,,32767.0,32767.0,90.0
289.774,1.5520596504211426,-0.033871643245220184,0.3398892879486084,0.06502418965101242,0.028964679688215256,1.002685785293579,,,
,,,,,,,32767.0,32767.0,90.0
289.784,1.562778353691101,-0.2373541295528412,-0.527847945690155,0.06427700072526932,0.02922915294766426,0.9991633296012878,,,
,,,,,,,32767.0,32767.0,90.0
289.794,1.9789650440216064,0.00802649836987257,-0.06576189398765564,0.06489297747612,0.04130054637789726,1.0018590688705444,,,
,,,,,,,32767.0,32767.0,90.0
289.804,-1.4266276359558105,0.20394808053970337,-0.10251212120056152,0.06560131907463074,0.04052094370126724,1.0020949840545654,,,
,,,,,,,32767.0,32767.0,90.0
289.814,-1.777663230895996,0.09287787973880768,-0.053583864122629166,0.0673743486404419,0.033895380795001984,0.9998590350151062,,,
,,,,,,,32767.0,32767.0,90.0
289.824,-0.6166161298751831,0.5193800926208496,0.030152879655361176,0.06724623590707779,0.037912849336862564,1.0063437223434448,,,
,,,,,,,32767.0,32767.0,90.0
289.834,-0.6912556886672974,-0.6013770699501038,-0.08064689487218857,0.06404776871204376,0.032410070300102234,1.0063254833221436,,,
,,,,,,,32767.0,32767.0,90.0
289.844,2.125060558319092,0.40984871983528137,-0.24163834750652313,0.06620995700359344,0.028541110455989838,1.000028133392334,,,
,,,,,,,32767.0,32767.0,90.0
289.854,0.49752968549728394,-0.8595181107521057,-0.15072931349277496,0.06442821025848389,0.03626978024840355,1.0039323568344116,,,
,,,,,,,32767.0,32767.0,90.0
289.864,0.053017400205135345,0.01738157495856285,0.23570196330547333,0.06646023690700531,0.031150685623288155,1.0047824382781982,,,
,,,,,,,32767.0,32767.0,90.0
289.874,-0.942200243473053,-0.2703656852245331,-0.5093042850494385,0.06424854695796967,0.030799567699432373,1.0021575689315796,,,
,,,,,,,32767.0,32767.0,90.0
289.884,-1.2516227960586548,0.27533701062202454,-0.14655986428260803,0.06448646634817123,0.03745343163609505,1.004396915435791,,,
,,,,,,,32767.0,32767.0,90.0
289.894,-0.27029749751091003,-0.4126545488834381,0.08308098465204239,0.06320937722921371,0.03121928684413433,1.0023176670074463,,,
,,,,,,,32767.0,32767.0,90.0
289.904,1.002354383468628,0.01501623634248972,-0.05470431223511696,0.06720384210348129,0.03167015686631203,0.998794674873352,,,
,,,,,,,32767.0,32767.0,90.0
289.914,0.8217767477035522,-0.5330520272254944,0.11275473237037659,0.0634240135550499,0.03709341958165169,1.004211187362671,,,
,,,,,,,32767.0,32767.0,90.0
289.924,-0.10154010355472565,-0.15182645618915558,-0.061381127685308456,0.06542499363422394,0.03355276957154274,1.0015422105789185,,,
,,,,,,,32767.0,32767.0,90.0
289.934,-0.5971483588218689,-0.2514015734195709,-0.3848743736743927,0.061346884816884995,0.03449162468314171,1.0035864114761353,,,
,,,,,,,32767.0,30000.0,90.0
289.944,-1.4072117805480957,-0.2175614982843399,-0.15841107070446014,0.06216852366924286,0.034663375467061996,1.0049312114715576,,,
,,,,,,,32767.0,30000.0,90.0
289.954,-0.5193326473236084,0.07148298621177673,0.06392873078584671,0.06480562686920166,0.02918121963739395,0.9991439580917358,,,
,,,,,,,32767.0,30000.0,90.0
289.964,1.3889415264129639,-0.2956710457801819,0.13829518854618073,0.06429452449083328,0.031460750848054886,1.0074431896209717,,,
,,,,,,,32767.0,30000.0,90.0
289.974,6.397192478179932,-0.4327186346054077,-0.44687455892562866,0.06397994607686996,0.02113272249698639,0.995505154132843,,,
,,,,,,,32767.0,30000.0,90.0
289.984,-3.922715663909912,0.7778497338294983,-0.22989800572395325,0.06747126579284668,0.04501282423734665,0.9831244349479675,,,
,,,,,,,32767.0,30000.0,90.0
289.994,-7.737760543823242,0.1484888195991516,0.3745657205581665,0.062329985201358795,0.05616594851016998,1.0225474834442139,,,
,,,,,,,32767.0,30000.0,90.0
290.004,3.810471773147583,-0.5386131405830383,0.5629532337188721,0.06705491244792938,0.005720696412026882,1.0020521879196167,,,
,,,,,,,32767.0,30000.0,90.0
290.014,-2.830491542816162,0.6040664911270142,-1.5411605834960938,0.06588844209909439,0.028241943567991257,1.0018372535705566,,,
,,,,,,,32767.0,30000.0,90.0
290.024,7.721109390258789,-1.024053931236267,1.0621298551559448,0.06330405175685883,0.04793723672628403,1.0010308027267456,,,
,,,,,,,32767.0,32767.0,90.0
290.034,-2.302168130874634,0.5119948387145996,-0.6104341149330139,0.06857020407915115,0.022509567439556122,0.9902553558349609,,,
,,,,,,,32767.0,32767.0,90.0
290.044,-0.35229286551475525,0.47297048568725586,-0.04349936544895172,0.06514910608530045,0.02949412912130356,1.0034363269805908,,,
,,,,,,,32767.0,32767.0,90.0
290.054,-6.393365383148193,0.03338612988591194,0.5338026285171509,0.06311797350645065,0.04204820841550827,1.0145286321640015,,,
,,,,,,,32767.0,32767.0,90.0
290.064,1.7554194927215576,-1.206211805343628,-0.21056419610977173,0.0616549476981163,0.010961849242448807,1.020768404006958,,,
,,,,,,,32767.0,32767.0,90.0
290.074,12.480072975158691,-0.6226485967636108,-0.16941143572330475,0.0704301968216896,0.0076536270789802074,0.9833400845527649,,,
,,,,,,,32767.0,32767.0,90.0
290.084,-6.112837791442871,0.6293293833732605,-0.8187031745910645,0.06547767668962479,0.07284923642873764,0.9931467175483704,,,
,,,,,,,32767.0,32767.0,90.0
290.094,3.5089612007141113,-0.8164358139038086,1.523133397102356,0.06296291947364807,0.037381500005722046,1.0016541481018066,,,
,,,,,,,32767.0,32767.0,90.0
290.104,-8.060750007629395,1.1743561029434204,-1.2444325685501099,0.06707733869552612,0.01085156574845314,1.002447247505188,,,
,,,,,,,32767.0,29000.0,90.0
290.114,3.386646270751953,-0.7739027738571167,0.3856509029865265,0.06375201046466827,0.03498932346701622,1.02220618724823,,,
,,,,,,,32767.0,29000.0,90.0
290.124,-3.308664321899414,0.03816675767302513,-0.14153489470481873,0.06597322970628738,0.035336948931217194,0.9968772530555725,,,
,,,,,,,32767.0,29000.0,90.0
290.134,2.8034281730651855,0.4727194309234619,-0.14792419970035553,0.06752275675535202,0.024515096098184586,0.9879054427146912,,,
,,,,,,,32767.0,29000.0,90.0
290.144,2.2024130821228027,-0.4794660806655884,-0.22716124355793,0.06796401739120483,0.044830016791820526,1.0106459856033325,,,
,,,,,,,32767.0,29000.0,90.0
290.154,9.517305374145508,0.13627071678638458,0.07600115239620209,0.06967534124851227,0.025036383420228958,0.9897868037223816,,,
,,,,,,,32767.0,29000.0,90.0
290.164,-13.068000793457031,1.7716248035430908,-0.05433491989970207,0.06505144387483597,0.06359239667654037,0.9963185787200928,,,
,,,,,,,32767.0,29000.0,90.0
290.174,-6.958441734313965,-0.27137696743011475,1.0736716985702515,0.06132742390036583,0.042045872658491135,1.0390491485595703,,,
,,,,,,,32767.0,29000.0,90.0
290.184,2.0647757053375244,-1.1698955297470093,-0.4237907826900482,0.06789567321538925,-0.007466522045433521,0.9965634346008301,,,
,,,,,,,32767.0,32767.0,90.0
290.194,2.84146785736084,-0.2383616864681244,-1.5046594142913818,0.06440869718790054,0.037624292075634,0.994783878326416,,,
,,,,,,,32767.0,32767.0,90.0
290.204,8.030296325683594,-0.4240061342716217,1.1079589128494263,0.06295963376760483,0.059711456298828125,0.9925532341003418,,,
,,,,,,,32767.0,32767.0,90.0
290.214,-0.4636594355106354,0.5167047381401062,-0.21129044890403748,0.07087801396846771,0.022579407319426537,0.988494873046875,,,
,,,,,,,32767.0,32767.0,90.0
290.224,-3.298018455505371,0.10921666771173477,-0.5898664593696594,0.06741994619369507,0.033288806676864624,1.0125536918640137,,,
,,,,,,,32767.0,32767.0,90.0
290.234,-10.727767944335938,-0.17829629778862,0.7991486191749573,0.06431429088115692,0.04898235201835632,1.03049635887146,,,
,,,,,,,32767.0,32767.0,90.0
290.244,7.502608299255371,-1.6128569841384888,-0.29159125685691833,0.06121337413787842,-0.003817436285316944,1.015538215637207,,,
,,,,,,,32767.0,32767.0,90.0
290.254,8.027628898620605,0.03985001891851425,-1.1700812578201294,0.07181379944086075,0.02002837508916855,0.963032603263855,,,
,,,,,,,32767.0,32767.0,90.0
290.264,-5.203120708465576,1.023581624031067,-0.19309604167938232,0.0648454800248146,0.0866064578294754,0.9963136315345764,,,
,,,,,,,32767.0,32767.0,90.0
290.274,3.2124221324920654,-0.4559447765350342,1.3498598337173462,0.06502822041511536,0.035749319940805435,1.002065896987915,,,
,,,,,,,32767.0,32767.0,90.0
290.284,-7.5067138671875,0.9001074433326721,-1.1729736328125,0.06467914581298828,0.004643375985324383,1.0165520906448364,,,
,,,,,,,35000.0,32767.0,90.0
290.294,4.207235813140869,-1.6754708290100098,0.8078593611717224,0.06046408787369728,0.038726113736629486,1.029171109199524,,,
,,,,,,,35000.0,32767.0,90.0
290.304,-3.702462911605835,0.18694667518138885,-0.4834868609905243,0.06826655566692352,0.03871344402432442,0.9941869378089905,,,
,,,,,,,35000.0,32767.0,90.0
290.314,1.298898458480835,-0.6983110308647156,-0.38816311955451965,0.06745953112840652,0.031503986567258835,0.9838642477989197,,,
,,,,,,,35000.0,32767.0,90.0
290.324,6.01177978515625,-1.3385347127914429,0.3369987905025482,0.06808441877365112,0.04155166074633598,0.9910845756530762,,,
,,,,,,,35000.0,32767.0,90.0
290.334,-1.5167303085327148,2.189209461212158,0.023593921214342117,0.07064835727214813,0.035909514874219894,0.9969411492347717,,,
,,,,,,,35000.0,32767.0,90.0
290.344,-0.7908394932746887,0.5295066237449646,-0.059986721724271774,0.054493293166160583,0.02901495061814785,1.0247950553894043,,,
,,,,,,,35000.0,32767.0,90.0
290.354,-1.6991735696792603,-1.3039344549179077,-0.5279392600059509,0.06434843689203262,0.025287741795182228,1.0211007595062256,,,
,,,,,,,35000.0,32767.0,90.0
290.364,-3.5712594985961914,-0.2239818572998047,-0.26936742663383484,0.06074097752571106,0.033217884600162506,0.9949011206626892,,,
,,,,,,,41000.0,32767.0,90.0
290.374,3.2354061603546143,-0.7849575281143188,0.6231056451797485,0.06790042668581009,0.04032774269580841,0.9879902005195618,,,
,,,,,,,41000.0,32767.0,90.0
290.384,0.4906621277332306,0.6321983337402344,0.04620787128806114,0.06819355487823486,0.03266359120607376,0.9899835586547852,,,
,,,,,,,41000.0,32767.0,90.0
290.394,0.019909009337425232,-0.2482810914516449,0.03445807471871376,0.06389183551073074,0.03246024623513222,1.0148032903671265,,,
,,,,,,,41000.0,32767.0,90.0
290.404,0.9388534426689148,1.4266233444213867,-0.9415693283081055,0.05651427060365677,0.03206510841846466,1.0149558782577515,,,
,,,,,,,41000.0,32767.0,90.0
290.414,-5.99783992767334,-4.026732921600342,-0.41675513982772827,0.07390698790550232,0.03937962278723717,1.0052645206451416,,,
,,,,,,,41000.0,32767.0,90.0
290.424,12.434382438659668,-0.5386768579483032,2.0071163177490234,0.0647052600979805,0.031207852065563202,0.9818351864814758,,,
,,,,,,,41000.0,32767.0,90.0
290.434,-7.993148326873779,4.3322906494140625,-1.5039621591567993,0.07655217498540878,0.034620318561792374,0.9855053424835205,,,
,,,,,,,41000.0,32767.0,90.0
290.444,3.1196110248565674,-2.2093117237091064,0.6117568612098694,0.07984790951013565,0.03918430209159851,1.0361672639846802,,,
,,,,,,,41000.0,30000.0,90.0
290.454,-6.1606245040893555,2.5445899963378906,-0.958050549030304,0.034082699567079544,0.02939818985760212,1.0047672986984253,,,
,,,,,,,44000.0,30000.0,90.0
290.464,0.4251430034637451,-2.108466386795044,0.2061614841222763,0.07492344826459885,0.02615923434495926,1.029279351234436,,,
,,,,,,,44000.0,30000.0,90.0
290.474,7.809451580047607,-1.4095683097839355,0.2569098472595215,0.06893708556890488,0.022302919998764992,0.9843952059745789,,,
,,,,,,,44000.0,30000.0,90.0
290.484,-3.871900796890259,1.1310601234436035,-0.4994626045227051,0.06683753430843353,0.05287644639611244,0.9897312521934509,,,
,,,,,,,44000.0,30000.0,90.0
290.494,4.97494649887085,-1.244829535484314,0.05949023365974426,0.07610908150672913,0.04013571888208389,1.0050500631332397,,,
,,,,,,,44000.0,30000.0,90.0
290.504,-8.203897476196289,2.354306697845459,-0.649651825428009,0.06476965546607971,0.037989627569913864,0.9848904013633728,,,
,,,,,,,44000.0,30000.0,90.0
290.514,-5.529665946960449,0.1499328911304474,0.6092230081558228,0.06161320582032204,0.03286927565932274,1.0389524698257446,,,
,,,,,,,44000.0,30000.0,90.0
290.524,10.41309642791748,-1.4208184480667114,1.0847469568252563,0.06316530704498291,-0.00104173191357404,1.0049800872802734,,,
,,,,,,,44000.0,30000.0,90.0
290.534,-7.666995525360107,0.9488336443901062,-2.3757545948028564,0.06623338162899017,0.04271610081195831,0.9949502348899841,,,
,,,,,,,44000.0,30000.0,90.0
290.544,7.886664390563965,-2.1277318000793457,0.9240530133247375,0.0642595961689949,0.058426935225725174,0.9955571293830872,,,
,,,,,,,44000.0,30000.0,90.0
290.554,-2.3671061992645264,1.5624834299087524,-0.28517159819602966,0.07277897000312805,0.02118510566651821,0.9762647151947021,,,
,,,,,,,44000.0,30000.0,90.0
290.564,0.16549143195152283,0.3000389635562897,-0.1857210099697113,0.05941231548786163,0.029757190495729446,1.0188273191452026,,,
,,,,,,,44000.0,30000.0,90.0
290.574,-1.1434499025344849,-0.9137697219848633,0.5352463722229004,0.0597369410097599,0.0326237678527832,1.0213842391967773,,,
,,,,,,,44000.0,30000.0,90.0
290.584,-4.411604404449463,-0.162826269865036,-0.472185343503952,0.06497950851917267,0.025886986404657364,1.0014262199401855,,,
,,,,,,,44000.0,30000.0,90.0
290.594,4.460489749908447,-0.6996270418167114,0.12019599974155426,0.06744352728128433,0.03583848103880882,0.9933856725692749,,,
,,,,,,,44000.0,30000.0,90.0
290.604,-0.8470575213432312,0.502849280834198,-0.21354994177818298,0.06814530491828918,0.0427313894033432,0.9923154711723328,,,
,,,,,,,44000.0,30000.0,90.0
290.614,2.254526376724243,-0.24174611270427704,0.2284318059682846,0.06449149549007416,0.03174269571900368,1.0064069032669067,,,
,,,,,,,44000.0,30000.0,90.0
290.624,-0.3567352592945099,-0.2842475473880768,-0.37361812591552734,0.06198100373148918,0.02834644913673401,1.0118049383163452,,,
,,,,,,,44000.0,30000.0,90.0
290.634,-1.6600810289382935,-0.0375409796833992,0.08407581597566605,0.06218316778540611,0.036223433911800385,1.006161093711853,,,
,,,,,,,44000.0,30000.0,90.0
290.644,-1.0194553136825562,-0.04590676352381706,0.0698385238647461,0.06594225019216537,0.03357689455151558,0.9951951503753662,,,
,,,,,,,44000.0,30000.0,90.0
290.654,-0.7473627924919128,-0.11030641198158264,0.10573878139257431,0.06539923697710037,0.028753122314810753,0.9941961169242859,,,
,,,,,,,44000.0,30000.0,90.0
290.664,1.4054526090621948,-0.4370548129081726,-0.013668663799762726,0.06588319689035416,0.03181708604097366,1.007724642753601,,,
,,,,,,,44000.0,30000.0,90.0
290.674,0.9319374561309814,-0.25064772367477417,-0.19071745872497559,0.06627848744392395,0.030414238572120667,1.008432388305664,,,
,,,,,,,44000.0,30000.0,90.0
290.684,0.47726374864578247,-0.4756799340248108,-0.1307864487171173,0.0648946687579155,0.033606257289648056,1.0060969591140747,,,
,,,,,,,44000.0,30000.0,90.0
290.694,-0.9906957149505615,0.184406116604805,-0.10075010359287262,0.06606434285640717,0.039299171417951584,0.9985044598579407,,,
,,,,,,,44000.0,29000.0,90.0
290.704,-1.0539405345916748,0.10194819420576096,-0.20655524730682373,0.06416840851306915,0.032272495329380035,0.9988539218902588,,,
,,,,,,,44000.0,29000.0,90.0
290.714,-0.45934584736824036,-0.0014053552877157927,0.02133180946111679,0.06432127952575684,0.028877612203359604,1.0028103590011597,,,
,,,,,,,44000.0,29000.0,90.0
290.724,1.3555357456207275,-0.045862361788749695,-0.012595396488904953,0.06323745101690292,0.029614105820655823,1.0059897899627686,,,
,,,,,,,44000.0,29000.0,90.0
290.734,0.584713876247406,-0.11005893349647522,-0.019027618691325188,0.06462479382753372,0.034975647926330566,1.0002509355545044,,,
,,,,,,,44000.0,29000.0,90.0
290.744,-1.0142178535461426,-0.24926207959651947,-0.14325524866580963,0.0642799660563469,0.03519668057560921,1.001934289932251,,,
,,,,,,,44000.0,29000.0,90.0
290.754,-0.18424350023269653,-0.06162060797214508,-0.1430838704109192,0.06485164165496826,0.031227584928274155,0.9993830323219299,,,
,,,,,,,44000.0,29000.0,90.0
290.764,-0.6528378129005432,-0.10079200565814972,0.14391882717609406,0.06354976445436478,0.030344493687152863,1.0051552057266235,,,
,,,,,,,44000.0,29000.0,90.0
290.774,0.6889386773109436,-0.4462551176548004,0.13132290542125702,0.0627954751253128,0.030962761491537094,1.0088183879852295,,,
,,,,,,,44000.0,29000.0,90.0
290.784,0.30299291014671326,-0.30280622839927673,-0.27026838064193726,0.06470596045255661,0.031855545938014984,1.0013982057571411,,,
,,,,,,,44000.0,29000.0,90.0
290.794,0.5824245810508728,0.15799742937088013,0.039156194776296616,0.06585206091403961,0.0367734432220459,0.9999306201934814,,,
,,,,,,,44000.0,29000.0,90.0
290.804,-0.7114830017089844,-0.02958899550139904,-0.04922455921769142,0.06355218589305878,0.03622789308428764,1.0019567012786865,,,
,,,,,,,44000.0,29000.0,90.0
290.814,-0.5294616222381592,0.09159155935049057,-0.251836895942688,0.06327462941408157,0.032970041036605835,1.0075865983963013,,,
,,,,,,,44000.0,29000.0,90.0
290.824,-0.023792976513504982,-0.2749277353286743,-0.016467049717903137,0.0653829351067543,0.03013850934803486,1.0061399936676025,,,
,,,,,,,44000.0,29000.0,90.0
290.834,0.031231384724378586,-0.22864796221256256,-0.05130253732204437,0.06501361727714539,0.03190190717577934,1.0019203424453735,,,
,,,,,,,44000.0,29000.0,90.0
290.844,0.3686838746070862,-0.22332613170146942,-0.12366379052400589,0.06622264534235,0.03262180835008621,1.0017110109329224,,,
,,,,,,,44000.0,29000.0,90.0
290.854,-0.0369604229927063,-0.09881618618965149,0.06240592151880264,0.06529705971479416,0.03200114145874977,1.0049790143966675,,,
,,,,,,,44000.0,29000.0,90.0
290.864,-0.22163550555706024,-0.24111829698085785,0.03575483709573746,0.0658898800611496,0.0310056209564209,1.0057717561721802,,,
,,,,,,,44000.0,29000.0,90.0
290.874,-0.6134931445121765,-0.30124324560165405,-0.06961287558078766,0.06361670792102814,0.0311002004891634,1.002697467803955,,,
,,,,,,,44000.0,29000.0,90.0
290.884,-0.3523118197917938,-0.14387370645999908,0.029373010620474815,0.06427588313817978,0.03333874046802521,1.0028605461120605,,,
,,,,,,,44000.0,29000.0,90.0
290.894,0.12424582988023758,-0.17551849782466888,-0.10251565277576447,0.06561646610498428,0.03275837376713753,1.0014439821243286,,,
,,,,,,,44000.0,29000.0,90.0
290.904,0.46975618600845337,-0.18646356463432312,0.1976921707391739,0.06394341588020325,0.033793531358242035,1.0025417804718018,,,
,,,,,,,44000.0,29000.0,90.0
290.914,0.07640296220779419,-0.2113809436559677,-0.15148504078388214,0.06528187543153763,0.03667202219367027,1.0042973756790161,,,
,,,,,,,44000.0,29000.0,90.0
290.924,-0.2367037683725357,-0.20342585444450378,0.0478568896651268,0.06536124646663666,0.03214311972260475,1.004936933517456,,,
,,,,,,,44000.0,29000.0,90.0
290.934,-0.2936384379863739,-0.08437170088291168,0.008251155726611614,0.06610321253538132,0.032825421541929245,1.0025019645690918,,,
,,,,,,,44000.0,29000.0,90.0
290.944,-0.3308984637260437,0.001327310223132372,-0.2330966740846634,0.06406189501285553,0.03353250026702881,1.0011122226715088,,,
,,,,,,,44000.0,28000.0,90.0
290.954,-0.008403482846915722,-0.21496672928333282,-0.11413584649562836,0.06542885303497314,0.03246679902076721,1.0039217472076416,,,
,,,,,,,44000.0,28000.0,90.0
290.964,0.5610825419425964,0.04715481773018837,-0.13764841854572296,0.0643145814538002,0.03301115334033966,1.0037883520126343,,,
,,,,,,,44000.0,28000.0,90.0
290.974,-0.2883080542087555,-0.2404584139585495,-0.028858916833996773,0.065483458340168,0.03691406548023224,1.0015380382537842,,,
,,,,,,,44000.0,28000.0,90.0
290.984,0.8194748163223267,0.02070295810699463,0.10296890139579773,0.06837785989046097,0.033582285046577454,1.0017582178115845,,,
,,,,,,,44000.0,28000.0,90.0
290.994,-1.3364481925964355,-0.11396288126707077,-0.13800933957099915,0.06446696072816849,0.038397420197725296,1.0016603469848633,,,
,,,,,,,44000.0,28000.0,90.0
291.004,-2.227250814437866,-0.1220347136259079,-0.028853684663772583,0.06352847069501877,0.03742136433720589,1.0045533180236816,,,
,,,,,,,44000.0,28000.0,90.0
291.014,0.4735282063484192,-0.11287589371204376,-0.3976902663707733,0.06378208100795746,0.025748245418071747,1.003373146057129,,,
,,,,,,,44000.0,28000.0,90.0
291.024,1.8700392246246338,-0.18450360000133514,-0.042282942682504654,0.06486248970031738,0.027029158547520638,1.00371253490448,,,
,,,,,,,44000.0,28000.0,90.0
291.034,1.6264047622680664,-0.20320622622966766,0.16404111683368683,0.0632258728146553,0.03553116321563721,1.0063999891281128,,,
,,,,,,,44000.0,28000.0,90.0
291.044,-0.6758132576942444,-0.3296571373939514,-0.09319158643484116,0.064302459359169,0.03252725303173065,1.002016305923462,,,
,,,,,,,44000.0,28000.0,90.0
291.054,-0.762152373790741,0.10801444202661514,-0.13744968175888062,0.06388751417398453,0.028981462121009827,1.004454255104065,,,
,,,,,,,44000.0,28000.0,90.0
291.064,-1.5712085962295532,0.06877794116735458,-0.18505890667438507,0.0651836171746254,0.030709700658917427,1.0038702487945557,,,
,,,,,,,44000.0,28000.0,90.0
291.074,-0.5118240714073181,-0.10957053303718567,0.026832692325115204,0.06631863862276077,0.031684502959251404,1.0076775550842285,,,
,,,,,,,44000.0,28000.0,90.0
291.084,1.2625795602798462,-0.31668445467948914,0.19532690942287445,0.06464440375566483,0.03095347061753273,1.0045051574707031,,,
,,,,,,,44000.0,28000.0,90.0
291.094,1.4501341581344604,-0.288435697555542,0.33556368947029114,0.06221817806363106,0.03419967740774155,1.0026614665985107,,,
,,,,,,,44000.0,28000.0,90.0
291.104,0.5388200283050537,-0.030681250616908073,-0.0993010550737381,0.06438051909208298,0.036814525723457336,1.0021673440933228,,,
,,,,,,,44000.0,28000.0,90.0
291.114,-0.9855493307113647,0.005866117309778929,-0.07665342837572098,0.0645841658115387,0.03590799868106842,1.0016534328460693,,,
,,,,,,,44000.0,28000.0,90.0
291.124,-1.2666325569152832,0.0717010423541069,-0.27298903465270996,0.06523745507001877,0.03399912267923355,1.001168966293335,,,
,,,,,,,44000.0,28000.0,90.0
291.134,-0.932289719581604,-0.04682324826717377,-0.3216956853866577,0.06513093411922455,0.034044940024614334,1.003202199935913,,,
,,,,,,,44000.0,28000.0,90.0
291.144,0.340981662273407,-0.06782347708940506,-0.11901386827230453,0.0655447393655777,0.02919519692659378,1.0035643577575684,,,
,,,,,,,44000.0,28000.0,90.0
291.154,0.962629497051239,-0.16178175806999207,0.03760148957371712,0.06295555830001831,0.03301886096596718,1.0025794506072998,,,
,,,,,,,44000.0,28000.0,90.0
291.164,0.7929616570472717,-0.30064356327056885,-0.14725151658058167,0.0635596439242363,0.032380491495132446,1.0023630857467651,,,
,,,,,,,44000.0,28000.0,90.0
291.174,-0.5762003660202026,-0.00811756495386362,0.04335450753569603,0.06489557027816772,0.033309344202280045,1.002492070198059,,,
,,,,,,,44000.0,28000.0,90.0
291.184,-0.9266520738601685,-0.30493882298469543,0.2221425622701645,0.0647568628191948,0.03356972336769104,1.0033667087554932,,,
,,,,,,,44000.0,28000.0,90.0
291.194,-0.6678093671798706,-0.09486044198274612,-0.2443171739578247,0.06389749050140381,0.03034043312072754,1.0031707286834717,,,
,,,,,,,44000.0,28000.0,90.0
291.204,-0.10034927725791931,0.0072817387990653515,0.015456201508641243,0.06128726527094841,0.03278525173664093,1.0041590929031372,,,
,,,,,,,44000.0,29000.0,90.0
291.214,0.8400440216064453,-0.033311426639556885,-0.11452954262495041,0.06430045515298843,0.03178876265883446,1.0038838386535645,,,
,,,,,,,44000.0,29000.0,90.0
291.224,0.6452963352203369,0.1612948477268219,0.22589287161827087,0.0648452416062355,0.032055579125881195,1.003313660621643,,,
,,,,,,,44000.0,29000.0,90.0
291.234,0.04155585914850235,-0.18887992203235626,0.09534326195716858,0.06649907678365707,0.032515887171030045,1.001875877380371,,,
,,,,,,,44000.0,29000.0,90.0
291.244,-1.508729100227356,0.0879390761256218,-0.3273938298225403,0.06800934672355652,0.034239985048770905,0.9983535408973694,,,
,,,,,,,44000.0,29000.0,90.0
291.254,-0.31354790925979614,-0.22471238672733307,0.08105183392763138,0.06364679336547852,0.0326208621263504,0.9991084337234497,,,
,,,,,,,44000.0,29000.0,90.0
291.264,0.11213891208171844,0.1719621866941452,-0.1256207674741745,0.06526356935501099,0.03280198946595192,1.0043312311172485,,,
,,,,,,,44000.0,29000.0,90.0
291.274,0.4934157133102417,0.17687149345874786,0.15877296030521393,0.06629110127687454,0.034935254603624344,1.0034759044647217,,,
,,,,,,,44000.0,29000.0,90.0
291.284,1.0930956602096558,-0.4589652717113495,-0.36687037348747253,0.06469866633415222,0.034469157457351685,1.0036767721176147,,,
,,,,,,,44000.0,29000.0,90.0
291.294,0.5671514272689819,-0.2669597864151001,-0.09653067588806152,0.06511633098125458,0.034150030463933945,0.9994065165519714,,,
,,,,,,,44000.0,29000.0,90.0
291.304,-1.3946298360824585,0.1304417997598648,0.21359485387802124,0.0639781653881073,0.03552179038524628,1.0036163330078125,,,
,,,,,,,44000.0,29000.0,90.0
291.314,-1.0119819641113281,-0.2663142681121826,0.2609238624572754,0.06402859836816788,0.03370478004217148,1.0034791231155396,,,
,,,,,,,44000.0,29000.0,90.0
291.324,-0.39919209480285645,0.051704294979572296,-0.06818085163831711,0.06455481052398682,0.030883343890309334,1.0034226179122925,,,
,,,,,,,44000.0,29000.0,90.0
291.334,0.36785954236984253,-0.291582316160202,-0.128779336810112,0.06748627871274948,0.03260282427072525,1.0037099123001099,,,
,,,,,,,44000.0,29000.0,90.0
291.344,0.9325035810470581,-0.21062469482421875,-0.13973493874073029,0.06588650494813919,0.03130132704973221,1.0041444301605225,,,
,,,,,,,44000.0,29000.0,90.0
291.354,0.3870146572589874,-0.5782824754714966,-0.229039266705513,0.06492555886507034,0.032851189374923706,1.0021394491195679,,,
,,,,,,,44000.0,29000.0,90.0
291.364,-0.32418060302734375,0.022497668862342834,0.01940806396305561,0.06601255387067795,0.033592116087675095,1.003459095954895,,,
,,,,,,,44000.0,29000.0,90.0
291.374,-0.7408725023269653,-0.16192935407161713,0.05254616588354111,0.06622777879238129,0.03290741145610809,1.0035871267318726,,,
,,,,,,,44000.0,29000.0,90.0
291.384,-0.3351737856864929,0.16720569133758545,0.01781892217695713,0.06306178122758865,0.03237597644329071,1.002382516860962,,,
,,,,,,,44000.0,29000.0,90.0
291.394,0.059085994958877563,-0.22351688146591187,0.19854216277599335,0.06217058748006821,0.03072820045053959,1.0053339004516602,,,
,,,,,,,44000.0,29000.0,90.0
291.404,0.5522630214691162,0.053869470953941345,0.10452498495578766,0.06517411023378372,0.03115908056497574,1.0034958124160767,,,
,,,,,,,44000.0,29000.0,90.0
291.414,0.657206118106842,-0.44357115030288696,-0.17944441735744476,0.06386519968509674,0.033917754888534546,1.0002202987670898,,,
,,,,,,,44000.0,29000.0,90.0
291.424,-0.1877632737159729,-0.22911810874938965,-0.12091555446386337,0.0650247260928154,0.03422610089182854,1.0032410621643066,,,
,,,,,,,44000.0,29000.0,90.0
291.434,-0.7646583914756775,-0.1262115091085434,-0.04048705846071243,0.06400246173143387,0.036445360630750656,1.0053967237472534,,,
,,,,,,,44000.0,29000.0,90.0
291.444,-0.4630591571331024,-0.12073006480932236,-0.18147942423820496,0.06541772186756134,0.03329937905073166,1.002629041671753,,,
,,,,,,,44000.0,29000.0,90.0
291.454,0.3533831536769867,-0.11926325410604477,-0.12814579904079437,0.0642625093460083,0.03000280074775219,1.0033628940582275,,,
,,,,,,,44000.0,29000.0,90.0
291.464,0.3830713927745819,0.1643458604812622,-0.003701735520735383,0.06795942783355713,0.03251468390226364,1.0057576894760132,,,
,,,,,,,44000.0,28000.0,90.0
291.474,0.37042656540870667,-0.12824298441410065,-0.08588310331106186,0.06605210900306702,0.0344102680683136,1.0064860582351685,,,
,,,,,,,44000.0,28000.0,90.0
291.484,0.06891804933547974,-0.24894624948501587,-0.039434194564819336,0.06381741911172867,0.034150008112192154,1.0032896995544434,,,
,,,,,,,44000.0,28000.0,90.0
291.494,-0.7835400700569153,-0.48307740688323975,0.08743298053741455,0.06451600790023804,0.03351433575153351,1.0015233755111694,,,
,,,,,,,44000.0,28000.0,90.0
291.504,0.22375622391700745,-0.033121608197689056,-0.10817822813987732,0.06329893320798874,0.03110683150589466,1.0033074617385864,,,
,,,,,,,44000.0,28000.0,90.0
291.514,0.2177906483411789,0.3397575318813324,-0.05162477865815163,0.062213972210884094,0.03173350915312767,1.0049670934677124,,,
,,,,,,,44000.0,28000.0,90.0
291.524,1.4892082214355469,-0.07819881290197372,-0.3315138518810272,0.0644858255982399,0.030202049762010574,1.0029408931732178,,,
,,,,,,,44000.0,28000.0,90.0
291.534,0.7904797196388245,-0.27569714188575745,-0.13989850878715515,0.06542447209358215,0.03309765085577965,0.9987859725952148,,,
,,,,,,,44000.0,28000.0,90.0
291.544,-3.2620339393615723,0.08915460854768753,0.11791934818029404,0.06683909893035889,0.03956286981701851,1.0074142217636108,,,
,,,,,,,44000.0,27000.0,90.0
291.554,1.0628734827041626,-0.5245874524116516,0.19009485840797424,0.06547818332910538,0.02656608261168003,1.0013667345046997,,,
,,,,,,,45000.0,27000.0,90.0
291.564,-0.16806663572788239,0.22581057250499725,-0.2816868722438812,0.06437177211046219,0.02926855906844139,1.0034644603729248,,,
,,,,,,,45000.0,27000.0,90.0
291.574,1.2180416584014893,-0.3997044563293457,0.49708178639411926,0.06270457804203033,0.03839676454663277,1.0053789615631104,,,
,,,,,,,45000.0,27000.0,90.0
291.584,1.1479876041412354,0.4474092125892639,-0.4514051675796509,0.06357940286397934,0.029324615374207497,0.9983683824539185,,,
,,,,,,,45000.0,27000.0,90.0
291.594,-0.9078126549720764,-0.6944704055786133,-0.2215963900089264,0.06502018123865128,0.04000416398048401,1.0011738538742065,,,
,,,,,,,45000.0,27000.0,90.0
291.604,-1.734104871749878,0.032014742493629456,0.09157510101795197,0.06507483869791031,0.0370308943092823,1.0043805837631226,,,
,,,,,,,45000.0,27000.0,90.0
291.614,-0.6517777442932129,-0.032934460788965225,-0.09344729036092758,0.0653078556060791,0.025450067594647408,0.9987626075744629,,,
,,,,,,,45000.0,27000.0,90.0
291.624,1.0189039707183838,0.06256372481584549,-0.26037153601646423,0.06459369510412216,0.03557240590453148,1.00307297706604,,,
,,,,,,,45000.0,27000.0,90.0
291.634,1.1570020914077759,-0.41857001185417175,0.22130753099918365,0.06515029817819595,0.038603562861680984,1.0053766965866089,,,
,,,,,,,45000.0,27000.0,90.0
291.644,0.5224199295043945,-0.0677664503455162,0.05745185539126396,0.06634748727083206,0.02337956614792347,1.0013045072555542,,,
,,,,,,,46000.0,27000.0,90.0
291.654,-0.5236270427703857,0.22733889520168304,-0.3192974627017975,0.06395649164915085,0.033393144607543945,1.0064888000488281,,,
,,,,,,,46000.0,27000.0,90.0
291.664,-1.642473816871643,-0.27775710821151733,0.34817036986351013,0.06498247385025024,0.03874526545405388,1.002884864807129,,,
,,,,,,,46000.0,27000.0,90.0
291.674,-1.0302276611328125,0.06596795469522476,0.06509595364332199,0.06425430625677109,0.027008306235074997,1.001540184020996,,,
,,,,,,,46000.0,27000.0,90.0
291.684,1.3125760555267334,0.07903111726045609,-0.3392331004142761,0.06652209162712097,0.027607083320617676,1.0037636756896973,,,
,,,,,,,46000.0,27000.0,90.0
291.694,0.5451807975769043,-0.6867849826812744,-0.050583578646183014,0.06491915136575699,0.03438068926334381,1.005318522453308,,,
,,,,,,,46000.0,27000.0,90.0
291.704,0.8751827478408813,0.01933913864195347,0.10863787680864334,0.06299667805433273,0.03019247017800808,1.0003420114517212,,,
,,,,,,,46000.0,27000.0,90.0
291.714,-0.37829968333244324,0.1749880611896515,0.05116773396730423,0.06437499076128006,0.033500462770462036,1.0002192258834839,,,
,,,,,,,46000.0,27000.0,90.0
291.724,-0.6896434426307678,-0.3526186943054199,-0.00939144566655159,0.06476501375436783,0.037124041467905045,1.0040291547775269,,,
,,,,,,,46000.0,27000.0,90.0
291.734,-1.4220960140228271,-0.34813281893730164,-0.07913894206285477,0.062482621520757675,0.031995050609111786,1.0005863904953003,,,
,,,,,,,46000.0,27000.0,90.0
291.744,0.7111638784408569,0.021685035899281502,-0.009956997819244862,0.06524154543876648,0.03026447631418705,1.0011818408966064,,,
,,,,,,,46000.0,27000.0,90.0
291.754,0.6611154675483704,0.16686655580997467,-0.027575507760047913,0.06571084260940552,0.03327779099345207,1.0023490190505981,,,
,,,,,,,46000.0,27000.0,90.0
291.764,0.8166621327400208,-0.12342212349176407,0.05588299408555031,0.06303036957979202,0.03379969671368599,1.005879282951355,,,
,,,,,,,46000.0,27000.0,90.0
291.774,-0.015307479538023472,0.16639229655265808,-0.1237722858786583,0.06365884095430374,0.034159351140260696,1.004309058189392,,,
,,,,,,,46000.0,27000.0,90.0
291.784,-0.9018996357917786,-0.1725890040397644,-0.21353255212306976,0.06245282664895058,0.032992634922266006,1.002224087715149,,,
,,,,,,,46000.0,27000.0,90.0
291.794,-0.44911059737205505,-0.1886971890926361,-0.28612905740737915,0.06342291831970215,0.03236623853445053,1.0004174709320068,,,
,,,,,,,46000.0,27000.0,90.0
291.804,-0.5046736001968384,0.014462032355368137,-0.09018304198980331,0.0662706270813942,0.03509737551212311,1.0011165142059326,,,
,,,,,,,46000.0,27000.0,90.0
291.814,0.6646409034729004,-0.16182643175125122,-0.06540726870298386,0.06674778461456299,0.031099652871489525,1.0049874782562256,,,
,,,,,,,46000.0,27000.0,90.0
291.824,0.5736976861953735,-0.02678588591516018,-0.17644065618515015,0.06515763700008392,0.03188474103808403,1.003895878791809,,,
,,,,,,,46000.0,27000.0,90.0
291.834,0.10072747617959976,-0.173647940158844,-0.0715082436800003,0.06321396678686142,0.03332187980413437,1.0034847259521484,,,
,,,,,,,46000.0,27000.0,90.0
291.844,-0.43511080741882324,0.042386412620544434,0.03063306026160717,0.06286787241697311,0.033950235694646835,1.003037929534912,,,
,,,,,,,46000.0,27000.0,90.0
291.854,-0.8247367739677429,-0.40902790427207947,-0.04046754539012909,0.06432688236236572,0.03401294723153114,1.0012500286102295,,,
,,,,,,,46000.0,27000.0,90.0
291.864,-0.1895424723625183,0.10430187731981277,-0.19203956425189972,0.06547018885612488,0.03456893935799599,1.0038902759552002,,,
,,,,,,,46000.0,27000.0,90.0
291.874,0.22115331888198853,-0.34898892045021057,0.026912258937954903,0.06802812218666077,0.030805926769971848,1.0036554336547852,,,
,,,,,,,46000.0,27000.0,90.0
291.884,0.6276553869247437,-0.3767041862010956,-0.10470040887594223,0.06619728356599808,0.032086241990327835,1.0010325908660889,,,
,,,,,,,46000.0,28000.0,90.0
291.894,0.19464224576950073,-0.12591010332107544,0.22635896503925323,0.06457312405109406,0.03546031937003136,0.9995421171188354,,,
,,,,,,,46000.0,28000.0,90.0
291.904,-0.4215014576911926,-0.07787419110536575,-0.07769617438316345,0.06673450022935867,0.034775260835886,1.0033613443374634,,,
,,,,,,,46000.0,28000.0,90.0
291.914,-0.3185168206691742,-0.3127608299255371,0.08581061661243439,0.06666181981563568,0.029512163251638412,1.0027925968170166,,,
,,,,,,,46000.0,28000.0,90.0
291.924,-0.6316301822662354,0.1463678777217865,-0.19088305532932281,0.06412843614816666,0.03143448755145073,1.0029264688491821,,,
,,,,,,,46000.0,28000.0,90.0
291.934,0.008874693885445595,-0.17099392414093018,0.1021665558218956,0.06465437263250351,0.031674109399318695,1.0008925199508667,,,
,,,,,,,46000.0,28000.0,90.0
291.944,-0.9056483507156372,-0.40133893489837646,0.013963614590466022,0.06460831314325333,0.03457488864660263,1.000802755355835,,,
,,,,,,,46000.0,28000.0,90.0
291.954,-0.19783294200897217,-0.3344845473766327,0.2870578169822693,0.06414391845464706,0.03584089130163193,1.0063072443008423,,,
,,,,,,,46000.0,28000.0,90.0
291.964,1.4726835489273071,0.35128313302993774,-0.08313684165477753,0.06472933292388916,0.028530053794384003,1.001299262046814,,,
,,,,,,,46000.0,28000.0,90.0
291.974,-0.6857527494430542,0.03815414011478424,-0.23592396080493927,0.0653497651219368,0.0370057113468647,1.0044350624084473,,,
,,,,,,,46000.0,28000.0,90.0
291.984,-0.31771281361579895,-0.021519407629966736,0.06855801492929459,0.06570769846439362,0.03519606217741966,1.003761887550354,,,
,,,,,,,46000.0,28000.0,90.0
291.994,-1.165820837020874,0.2932944595813751,-0.023816337808966637,0.06611429899930954,0.02815178595483303,1.0024375915527344,,,
,,,,,,,46000.0,28000.0,90.0
292.004,0.7698667049407959,-0.24876201152801514,-0.017672212794423103,0.06447210162878036,0.03177506849169731,1.0041146278381348,,,
,,,,,,,46000.0,28000.0,90.0
292.014,0.042223285883665085,-0.21740508079528809,-0.17818762362003326,0.0649372860789299,0.031112022697925568,1.0009591579437256,,,
,,,,,,,46000.0,28000.0,90.0
292.024,0.6488959193229675,0.11312688142061234,0.07369985431432724,0.06336577236652374,0.03179863095283508,0.9986159205436707,,,
,,,,,,,46000.0,28000.0,90.0
292.034,0.02706693671643734,-0.26724618673324585,0.10157929360866547,0.06290372461080551,0.034755729138851166,1.0012867450714111,,,
,,,,,,,46000.0,28000.0,90.0
292.044,-0.9338959455490112,-0.05049313232302666,-0.3010525107383728,0.06313510984182358,0.03551522269845009,1.0019617080688477,,,
,,,,,,,46000.0,28000.0,90.0
292.054,-0.13773271441459656,0.104170061647892,0.11098594963550568,0.06446713209152222,0.030714914202690125,1.002066969871521,,,
,,,,,,,46000.0,28000.0,90.0
292.064,-0.40331947803497314,0.08061940968036652,0.10514356195926666,0.06430362910032272,0.03351611644029617,1.0042884349822998,,,
,,,,,,,46000.0,28000.0,90.0
292.074,0.5464119911193848,-0.12509876489639282,-0.00030105034238658845,0.06406811624765396,0.03123457543551922,1.0018459558486938,,,
,,,,,,,46000.0,28000.0,90.0
292.084,0.5546101927757263,-0.24055515229701996,-0.007753587327897549,0.06269106268882751,0.03246954083442688,1.0020841360092163,,,
,,,,,,,46000.0,28000.0,90.0
292.094,-0.05794691666960716,-0.17884749174118042,0.04371544346213341,0.06484159082174301,0.038514092564582825,1.003440260887146,,,
,,,,,,,46000.0,28000.0,90.0
292.104,-0.5239871144294739,-0.13793419301509857,0.11772537976503372,0.06574662029743195,0.03264625743031502,1.0025994777679443,,,
,,,,,,,46000.0,28000.0,90.0
292.114,-0.5262348055839539,-0.08548486232757568,0.004982031416147947,0.06355196982622147,0.030745984986424446,1.00104820728302,,,
,,,,,,,46000.0,28000.0,90.0
292.124,-0.05348958447575569,-0.071737140417099,-0.1450374871492386,0.06363025307655334,0.033163148909807205,1.0021255016326904,,,
,,,,,,,46000.0,28000.0,90.0
292.134,0.2986491620540619,0.0969686359167099,-0.06876131147146225,0.06468158215284348,0.031078901141881943,1.0042426586151123,,,
,,,,,,,46000.0,28000.0,90.0
292.144,0.3488256633281708,-0.1942167580127716,0.017116108909249306,0.06384674459695816,0.03205711022019386,1.0056877136230469,,,
,,,,,,,46000.0,28000.0,90.0
292.154,0.2229488343000412,-0.09122168272733688,-0.07272082567214966,0.06533806025981903,0.03428873419761658,1.0052582025527954,,,
,,,,,,,46000.0,28000.0,90.0
292.164,-0.30426687002182007,-0.03685278072953224,-0.033038776367902756,0.0662897452712059,0.032966792583465576,1.0019140243530273,,,
,,,,,,,46000.0,28000.0,90.0
292.174,-0.42162930965423584,-0.10253247618675232,-0.002456858055666089,0.06582234054803848,0.03007500246167183,1.0025070905685425,,,
,,,,,,,46000.0,28000.0,90.0
292.184,-0.25216102600097656,-0.008704197593033314,-0.25028589367866516,0.06612460315227509,0.0331573411822319,1.0020095109939575,,,
,,,,,,,46000.0,28000.0,90.0
292.194,0.06801416724920273,-0.09904016554355621,-0.06773713231086731,0.06484507024288177,0.03205934539437294,1.0026860237121582,,,
,,,,,,,46000.0,28000.0,90.0
292.204,0.24742411077022552,-0.2427210956811905,-0.19836126267910004,0.06367576867341995,0.03312879800796509,1.0040102005004883,,,
,,,,,,,46000.0,28000.0,90.0
292.214,0.29127129912376404,-0.19879555702209473,0.06600718200206757,0.06450550258159637,0.033806342631578445,1.005682110786438,,,
,,,,,,,46000.0,28000.0,90.0
292.224,-0.2667526602745056,-0.19616712629795074,-0.30271610617637634,0.06536905467510223,0.03546033799648285,1.0025198459625244,,,
,,,,,,,46000.0,28000.0,90.0
292.234,-0.3986790180206299,-0.1871185451745987,-0.05297952517867088,0.06569646298885345,0.03553953394293785,1.0019073486328125,,,
,,,,,,,46000.0,28000.0,90.0
292.244,-0.2754687964916229,-0.11155503243207932,-0.2491045594215393,0.06432929635047913,0.032397396862506866,1.0030028820037842,,,
,,,,,,,46000.0,28000.0,90.0
292.254,0.25184962153434753,0.045871634036302567,-0.08567743003368378,0.06417950242757797,0.03393997624516487,1.0068532228469849,,,
,,,,,,,46000.0,28000.0,90.0
292.264,0.09232937544584274,-0.20725195109844208,-0.03629287704825401,0.06248558685183525,0.03544289618730545,1.0047788619995117,,,
,,,,,,,46000.0,28000.0,90.0
292.274,0.1457427591085434,-0.010778388008475304,-0.1502734273672104,0.06532623618841171,0.03324252739548683,1.0011227130889893,,,
,,,,,,,46000.0,28000.0,90.0
292.284,-0.15142981708049774,-0.24329407513141632,-0.19383370876312256,0.06571551412343979,0.033090949058532715,1.0023881196975708,,,
,,,,,,,46000.0,28000.0,90.0
292.294,-0.452942818403244,0.1825578510761261,-0.021553173661231995,0.0656852200627327,0.0338943675160408,1.0039037466049194,,,
,,,,,,,46000.0,28000.0,90.0
292.304,-0.23719553649425507,0.14182524383068085,-0.2026553601026535,0.06490043550729752,0.03217475488781929,1.0047324895858765,,,
,,,,,,,46000.0,28000.0,90.0
292.314,0.0020344986114650965,0.057361893355846405,-0.025006510317325592,0.06272607296705246,0.029949570074677467,1.0038992166519165,,,
,,,,,,,46000.0,28000.0,90.0
292.324,0.3602680265903473,-0.22288842499256134,-0.04248695448040962,0.06261488795280457,0.030372818931937218,1.0033866167068481,,,
,,,,,,,46000.0,28000.0,90.0
292.334,0.04370543733239174,0.15617050230503082,-0.15907417237758636,0.06596115231513977,0.03313145413994789,1.001652479171753,,,
,,,,,,,46000.0,28000.0,90.0
292.344,-0.011429592035710812,-0.08680057525634766,-0.27197206020355225,0.06549941748380661,0.034671079367399216,1.0030450820922852,,,
,,,,,,,46000.0,28000.0,90.0
292.354,-0.5687074661254883,-0.07258124649524689,0.0057037947699427605,0.06512180715799332,0.035660333931446075,1.0030068159103394,,,
,,,,,,,46000.0,28000.0,90.0
292.364,-0.22928979992866516,0.009029959328472614,-0.12028886377811432,0.0629105195403099,0.035009581595659256,1.0028629302978516,,,
,,,,,,,46000.0,28000.0,90.0
292.374,0.16082654893398285,-0.12760823965072632,0.057274214923381805,0.06478331238031387,0.03094024397432804,1.0027873516082764,,,
,,,,,,,46000.0,28000.0,90.0
292.384,0.029778722673654556,-0.092879518866539,0.09507566690444946,0.06620535254478455,0.03601871430873871,1.0032116174697876,,,
,,,,,,,46000.0,28000.0,90.0
292.394,0.14013232290744781,-0.07048952579498291,0.15269993245601654,0.06585719436407089,0.03588712215423584,1.0040773153305054,,,
,,,,,,,46000.0,28000.0,90.0
292.404,-0.07412487268447876,-0.013572544790804386,-0.12651671469211578,0.06386043131351471,0.03313824161887169,1.0045634508132935,,,
,,,,,,,46000.0,28000.0,90.0
292.414,-0.25060608983039856,0.1632632315158844,-0.17511358857154846,0.06389803439378738,0.03206028416752815,1.0021650791168213,,,
,,,,,,,46000.0,28000.0,90.0
292.424,-0.15679068863391876,-0.17098361253738403,-0.1164528951048851,0.06408976763486862,0.032530829310417175,1.005323052406311,,,
,,,,,,,46000.0,28000.0,90.0
292.434,-0.22677278518676758,0.27941206097602844,0.14755083620548248,0.06280077993869781,0.033210236579179764,1.0045777559280396,,,
,,,,,,,46000.0,28000.0,90.0
292.444,0.06133958697319031,0.12967434525489807,-0.11144431680440903,0.06395147740840912,0.03384261950850487,1.000536322593689,,,
,,,,,,,46000.0,28000.0,90.0
292.454,0.0504537895321846,-0.45198002457618713,-0.18101389706134796,0.06618151068687439,0.03291431814432144,1.0019689798355103,,,
,,,,,,,46000.0,28000.0,90.0
292.464,-0.19402936100959778,-0.23313991725444794,-0.16887158155441284,0.06360597908496857,0.033636197447776794,1.0030006170272827,,,
,,,,,,,46000.0,28000.0,90.0
292.474,-0.20304134488105774,0.06339389830827713,0.13859714567661285,0.06373786181211472,0.03355937823653221,1.0040827989578247,,,
,,,,,,,46000.0,28000.0,90.0
292.484,-0.08898185193538666,-0.011157095432281494,-0.1779462993144989,0.062484703958034515,0.03179038688540459,1.0032974481582642,,,
,,,,,,,46000.0,28000.0,90.0
292.494,-0.11333706974983215,-0.28355371952056885,-0.07782074809074402,0.06607227772474289,0.03582150489091873,1.0026382207870483,,,
,,,,,,,46000.0,28000.0,90.0
292.504,-0.02290646918118,-0.2760474681854248,-0.3010900914669037,0.0662880465388298,0.033481501042842865,1.0011699199676514,,,
,,,,,,,46000.0,28000.0,90.0
292.514,0.19889648258686066,-0.06646329909563065,-0.2739507257938385,0.06399568170309067,0.031992509961128235,1.0043216943740845,,,
,,,,,,,46000.0,28000.0,90.0
292.524,-0.17056752741336823,-0.05723453685641289,-0.20525458455085754,0.06272967159748077,0.03154575824737549,1.0035099983215332,,,
,,,,,,,46000.0,28000.0,90.0
292.534,-0.09422373026609421,-0.3785078227519989,-0.04234788566827774,0.0629051998257637,0.035110052675008774,1.0016855001449585,,,
,,,,,,,46000.0,28000.0,90.0
292.544,0.10882245749235153,-0.16161993145942688,-0.18671543896198273,0.06409364193677902,0.036591630429029465,1.0018360614776611,,,
,,,,,,,46000.0,28000.0,90.0
292.554,-0.3806038200855255,-0.17435382306575775,0.01356851402670145,0.06379378587007523,0.035263173282146454,1.0017571449279785,,,
,,,,,,,46000.0,28000.0,90.0
292.564,0.1967959851026535,-0.31957852840423584,-0.1267402321100235,0.06421647220849991,0.032500237226486206,1.0019983053207397,,,
,,,,,,,46000.0,28000.0,90.0
292.574,0.20186123251914978,-0.35840296745300293,-0.20488488674163818,0.06530409306287766,0.03304204344749451,1.0045737028121948,,,
,,,,,,,49000.0,28000.0,90.0
292.584,0.001593407359905541,-0.1662980169057846,0.016659673303365707,0.06439521163702011,0.035865288227796555,1.003304123878479,,,
,,,,,,,49000.0,28000.0,90.0
292.594,-0.2557150721549988,-0.2968071699142456,-0.03277911990880966,0.06445527076721191,0.03321989253163338,1.0033459663391113,,,
,,,,,,,49000.0,28000.0,90.0
292.604,0.05230463296175003,0.7213364839553833,-0.15294359624385834,0.06642619520425797,0.034094344824552536,0.999970018863678,,,
,,,,,,,49000.0,28000.0,90.0
292.614,0.7118713855743408,-1.2586580514907837,-0.09388412535190582,0.06725854426622391,0.04092569649219513,1.005095362663269,,,
,,,,,,,49000.0,28000.0,90.0
292.624,1.2429043054580688,0.36926281452178955,0.2876727879047394,0.06642574071884155,0.031456511467695236,0.9999784827232361,,,
,,,,,,,49000.0,28000.0,90.0
292.634,-0.4108999967575073,0.6670143008232117,-0.39599645137786865,0.06929902732372284,0.026674287393689156,1.0021547079086304,,,
,,,,,,,49000.0,28000.0,90.0
292.644,-0.8965604901313782,0.21705882251262665,-0.008771543391048908,0.06074460968375206,0.03608671948313713,1.008373498916626,,,
,,,,,,,49000.0,29000.0,90.0
292.654,-1.8529671430587769,-0.3950224220752716,0.0386989563703537,0.06509988009929657,0.030211355537176132,1.0059375762939453,,,
,,,,,,,53000.0,29000.0,90.0
292.664,2.5532379150390625,-0.49180448055267334,-0.05514843761920929,0.06449870020151138,0.02717866562306881,0.9932915568351746,,,
,,,,,,,53000.0,29000.0,90.0
292.674,-1.466788649559021,0.24491587281227112,-0.009748034179210663,0.06587344408035278,0.041296232491731644,0.9968435168266296,,,
,,,,,,,53000.0,29000.0,90.0
292.684,-1.3346703052520752,0.7025976777076721,-0.13474620878696442,0.06322012096643448,0.03432363271713257,0.9993407130241394,,,
,,,,,,,53000.0,29000.0,90.0
292.694,0.3338968753814697,-1.1888271570205688,-0.4835565388202667,0.07068006694316864,0.027129752561450005,1.0114134550094604,,,
,,,,,,,53000.0,29000.0,90.0
292.704,3.7769312858581543,-0.39577221870422363,0.3591736853122711,0.06766689568758011,0.027597447857260704,0.997136652469635,,,
,,,,,,,53000.0,29000.0,90.0
292.714,0.12935194373130798,0.7006543874740601,0.09122193604707718,0.06941678375005722,0.034424781799316406,0.9986469149589539,,,
,,,,,,,53000.0,29000.0,90.0
292.724,-0.9351194500923157,0.11106552183628082,-0.4719778001308441,0.05972209945321083,0.03660093620419502,1.006453037261963,,,
,,,,,,,53000.0,29000.0,90.0
292.734,-4.80413293838501,0.3071568012237549,-0.44826722145080566,0.06329268217086792,0.034054726362228394,1.013806700706482,,,
,,,,,,,55000.0,29000.0,90.0
292.744,1.3559141159057617,-0.844424843788147,0.33214059472084045,0.06665613502264023,0.025972193107008934,1.0026984214782715,,,
,,,,,,,55000.0,29000.0,90.0
292.754,1.5353437662124634,-0.028566841036081314,0.03303415700793266,0.06793204694986343,0.03452402725815773,0.9887500405311584,,,
,,,,,,,55000.0,29000.0,90.0
292.764,0.5777008533477783,0.2281210869550705,-0.0839352011680603,0.06803379207849503,0.042870961129665375,1.001906394958496,,,
,,,,,,,55000.0,29000.0,90.0
292.774,-0.29998496174812317,-0.11581382155418396,-0.018866056576371193,0.06602548807859421,0.03263746201992035,1.0060596466064453,,,
,,,,,,,55000.0,29000.0,90.0
292.784,-0.3310741186141968,-0.19646210968494415,-0.08939995616674423,0.06404237449169159,0.026248129084706306,1.0040442943572998,,,
,,,,,,,55000.0,29000.0,90.0
292.794,1.4412673711776733,0.13329122960567474,0.4309301972389221,0.06433546543121338,0.03238266706466675,1.0070427656173706,,,
,,,,,,,55000.0,29000.0,90.0
292.804,-1.2696458101272583,-0.4063253402709961,-0.5679963231086731,0.06678394973278046,0.03712139278650284,1.0019460916519165,,,
,,,,,,,55000.0,29000.0,90.0
292.814,-1.4087646007537842,-0.45870548486709595,-0.2235022932291031,0.06412847340106964,0.03417943790555,1.000519871711731,,,
,,,,,,,55000.0,29000.0,90.0
292.824,0.38890594244003296,0.06153596565127373,0.3891977369785309,0.06495539844036102,0.03245236724615097,1.0026524066925049,,,
,,,,,,,57000.0,29000.0,90.0
292.834,0.565484344959259,-0.07027976959943771,-0.008879398927092552,0.06460084766149521,0.03122159279882908,1.0049185752868652,,,
,,,,,,,57000.0,29000.0,90.0
292.844,0.4321720004081726,0.24621379375457764,-0.42559459805488586,0.06429048627614975,0.03357066959142685,1.0029728412628174,,,
,,,,,,,57000.0,29000.0,90.0
292.854,-0.2570938467979431,-0.6430466175079346,-0.13699357211589813,0.07050541043281555,0.036927081644535065,1.0017491579055786,,,
,,,,,,,57000.0,29000.0,90.0
292.864,0.25226765871047974,-0.5757442712783813,0.21764317154884338,0.06817024946212769,0.035407911986112595,0.9976547956466675,,,
,,,,,,,57000.0,29000.0,90.0
292.874,-0.5233791470527649,0.28184762597084045,0.028685687109827995,0.06649422645568848,0.0327775813639164,1.002199649810791,,,
,,,,,,,57000.0,29000.0,90.0
292.884,-0.4477401077747345,0.18356601893901825,-0.17910100519657135,0.06354621797800064,0.03173798695206642,1.0099554061889648,,,
,,,,,,,57000.0,29000.0,90.0
292.894,-0.6996476650238037,-0.4936617910861969,-0.39069071412086487,0.06388156116008759,0.03198691084980965,1.0060765743255615,,,
,,,,,,,57000.0,29000.0,90.0
292.904,1.632511854171753,-0.24120788276195526,0.044647082686424255,0.06504906713962555,0.033410973846912384,1.0005247592926025,,,
,,,,,,,58000.0,29000.0,90.0
292.914,0.0898761972784996,0.26286283135414124,-0.12504145503044128,0.06527728587388992,0.03370650112628937,1.000359058380127,,,
,,,,,,,58000.0,29000.0,90.0
292.924,-0.23223572969436646,-0.023857776075601578,-0.13127493858337402,0.06498097628355026,0.03189181163907051,1.0047510862350464,,,
,,,,,,,58000.0,29000.0,90.0
292.934,-0.25967976450920105,0.004659102763980627,-0.19002220034599304,0.06259507685899734,0.03024619072675705,1.0048285722732544,,,
,,,,,,,58000.0,29000.0,90.0
292.944,-0.40192827582359314,0.15828922390937805,-0.089068204164505,0.06205849349498749,0.0301225408911705,1.0022342205047607,,,
,,,,,,,58000.0,29000.0,90.0
292.954,0.21119342744350433,-0.2573641538619995,-0.16492195427417755,0.06528647989034653,0.03550208359956741,1.0009032487869263,,,
,,,,,,,58000.0,29000.0,90.0
292.964,-0.227303609251976,0.04350209981203079,0.036215685307979584,0.06669805943965912,0.03365695849061012,0.999297022819519,,,
,,,,,,,58000.0,29000.0,90.0
292.974,0.6850651502609253,0.04398469254374504,0.00010920601926045492,0.06298300623893738,0.0329941101372242,1.00146484375,,,
,,,,,,,58000.0,29000.0,90.0
292.984,-0.24878136813640594,-0.3768298625946045,0.03470774367451668,0.06195487454533577,0.03382554277777672,1.0049824714660645,,,
,,,,,,,58000.0,29000.0,90.0
292.994,-0.257366806268692,-0.01945282518863678,-0.1209980770945549,0.0635128766298294,0.033580467104911804,1.004541277885437,,,
,,,,,,,58000.0,29000.0,90.0
293.004,-0.3673882782459259,0.1590503305196762,0.15898920595645905,0.06389009952545166,0.034459248185157776,1.0014405250549316,,,
,,,,,,,58000.0,29000.0,90.0
293.014,-0.040638912469148636,-0.2800125479698181,-0.025411510840058327,0.06327809393405914,0.03681432828307152,1.0039058923721313,,,
,,,,,,,58000.0,29000.0,90.0
293.024,-0.06674950569868088,-0.16807463765144348,-0.05661500617861748,0.06384679675102234,0.03436209633946419,1.0036766529083252,,,
,,,,,,,58000.0,29000.0,90.0
293.034,0.5150495767593384,-0.3447706699371338,-0.19706647098064423,0.06473063677549362,0.032074496150016785,1.002341866493225,,,
,,,,,,,58000.0,29000.0,90.0
293.044,-0.16091430187225342,0.09274987131357193,0.09403412789106369,0.06467458605766296,0.0364295169711113,1.0029867887496948,,,
,,,,,,,58000.0,29000.0,90.0
293.054,-0.2801651656627655,-0.3321011960506439,-0.2846253514289856,0.0629049763083458,0.03433247655630112,1.0029488801956177,,,
,,,,,,,58000.0,29000.0,90.0
293.064,-0.21678951382637024,0.04939413443207741,-0.4034165143966675,0.06282421201467514,0.029998943209648132,1.0032826662063599,,,
,,,,,,,58000.0,29000.0,90.0
293.074,-0.39648741483688354,0.37960222363471985,0.18050503730773926,0.06494464725255966,0.03409336134791374,1.0032404661178589,,,
,,,,,,,58000.0,29000.0,90.0
293.084,0.3552393615245819,-0.06366375088691711,-0.17607904970645905,0.06367111206054688,0.03393595665693283,1.001878023147583,,,
,,,,,,,58000.0,29000.0,90.0
293.094,0.15121717751026154,-0.30285200476646423,-0.06960725784301758,0.062395498156547546,0.03382617607712746,1.0016833543777466,,,
,,,,,,,58000.0,29000.0,90.0
293.104,0.12162038683891296,0.01275151502341032,0.029142316430807114,0.0628075823187828,0.03673205152153969,1.0029847621917725,,,
,,,,,,,58000.0,29000.0,90.0
293.114,-0.23391404747962952,-0.24270416796207428,0.01932595856487751,0.06359836459159851,0.03413733094930649,1.004692554473877,,,
,,,,,,,58000.0,29000.0,90.0
293.124,-0.3158503770828247,-0.05580201372504234,0.0036653373390436172,0.06402630358934402,0.03350887447595596,1.0065051317214966,,,
,,,,,,,58000.0,29000.0,90.0
293.134,-0.19726380705833435,-0.09407920390367508,0.08206948637962341,0.06506364047527313,0.03442990407347679,1.006430983543396,,,
,,,,,,,58000.0,29000.0,90.0
293.144,0.0467999167740345,-0.35166144371032715,-0.18117399513721466,0.0656227096915245,0.03303258866071701,0.9991116523742676,,,
,,,,,,,58000.0,29000.0,90.0
293.154,0.3376401960849762,0.02099614404141903,0.1335732489824295,0.06519373506307602,0.03270968422293663,1.000909686088562,,,
,,,,,,,58000.0,29000.0,90.0
293.164,0.11263882368803024,-0.12889796495437622,0.0520671047270298,0.0625668615102768,0.033672768622636795,1.0040065050125122,,,
,,,,,,,58000.0,29000.0,90.0
293.174,-0.047739457339048386,0.3515890836715698,0.08310915529727936,0.062086477875709534,0.03185376152396202,1.0026148557662964,,,
,,,,,,,58000.0,29000.0,90.0
293.184,-0.1730639636516571,-0.1141752377152443,-0.041052427142858505,0.06312207877635956,0.036445971578359604,1.0031884908676147,,,
,,,,,,,58000.0,29000.0,90.0
293.194,-0.26492807269096375,-0.011105470359325409,-0.10171125084161758,0.06762736290693283,0.036987680941820145,1.0034756660461426,,,
,,,,,,,58000.0,29000.0,90.0
293.204,0.08692672848701477,-0.05024327337741852,0.02243862673640251,0.06346210837364197,0.03176143020391464,1.001539945602417,,,
,,,,,,,58000.0,29000.0,90.0
293.214,0.2773641049861908,-0.05288387089967728,0.10449038445949554,0.06617347151041031,0.03522540256381035,1.0053623914718628,,,
,,,,,,,58000.0,29000.0,90.0
293.224,-0.06046552583575249,-0.5908516049385071,-0.12259786576032639,0.0669352188706398,0.03372415527701378,1.0055195093154907,,,
,,,,,,,58000.0,29000.0,90.0
293.234,-0.046899180859327316,0.06327281147241592,-0.23301498591899872,0.06454754620790482,0.03186473622918129,1.0030016899108887,,,
,,,,,,,58000.0,29000.0,90.0
293.244,-0.113711878657341,-0.2146841138601303,0.0012581163318827748,0.06423736363649368,0.03415462374687195,1.0024808645248413,,,
,,,,,,,58000.0,29000.0,90.0
293.254,-0.24035347998142242,0.06764202564954758,0.23664379119873047,0.06490790098905563,0.035205524414777756,1.0022778511047363,,,
,,,,,,,58000.0,29000.0,90.0
293.264,-0.12082133442163467,-0.4679388403892517,-0.05912338197231293,0.0639273002743721,0.03099546767771244,1.0042798519134521,,,
,,,,,,,58000.0,29000.0,90.0
293.274,0.2902851104736328,0.1979355663061142,-0.18973666429519653,0.06190855801105499,0.030993590131402016,1.0056178569793701,,,
,,,,,,,58000.0,29000.0,90.0
293.284,0.016087910160422325,-0.09727808088064194,-0.13075706362724304,0.06308548152446747,0.033908434212207794,1.0047856569290161,,,
,,,,,,,58000.0,29000.0,90.0
293.294,-0.23835933208465576,-0.29358261823654175,-0.10880658775568008,0.06598877906799316,0.02980395406484604,1.0009257793426514,,,
,,,,,,,58000.0,29000.0,90.0
293.304,0.12161998450756073,0.3869629502296448,0.01184975728392601,0.06392261385917664,0.031627967953681946,1.0016086101531982,,,
,,,,,,,58000.0,29000.0,90.0
293.314,-0.3648523986339569,-0.3631165325641632,-0.292012482881546,0.062248703092336655,0.036285899579524994,1.0036894083023071,,,
,,,,,,,58000.0,30000.0,90.0
293.324,0.06784337759017944,0.019889310002326965,0.10893641412258148,0.06293223053216934,0.033316947519779205,1.0025478601455688,,,
,,,,,,,58000.0,30000.0,90.0
293.334,0.3792926073074341,-0.2518933415412903,-0.41568222641944885,0.06478965282440186,0.03583049401640892,1.0043290853500366,,,
,,,,,,,58000.0,30000.0,90.0
293.344,-1.7558486461639404,0.16033056378364563,0.1281505972146988,0.0657522901892662,0.03906117379665375,1.00138258934021,,,
,,,,,,,58000.0,30000.0,90.0
293.354,0.4426814019680023,-0.32986924052238464,0.03018059954047203,0.06594691425561905,0.03006042167544365,1.0053718090057373,,,
,,,,,,,58000.0,30000.0,90.0
293.364,1.2118409872055054,-0.05631179362535477,-0.06007707491517067,0.06352978944778442,0.028107039630413055,1.0000249147415161,,,
,,,,,,,58000.0,30000.0,90.0
293.374,0.21980367600917816,0.038477957248687744,-0.026622861623764038,0.06422477215528488,0.04059730842709541,1.0046067237854004,,,
,,,,,,,58000.0,30000.0,90.0
293.384,-0.5194450616836548,-0.008588883094489574,-0.13928671181201935,0.06697643548250198,0.037273794412612915,1.0014073848724365,,,
,,,,,,,58000.0,30000.0,90.0
293.394,-1.3165291547775269,0.011075565591454506,-0.2652900815010071,0.06608675420284271,0.03204326331615448,1.0035412311553955,,,
,,,,,,,58000.0,32767.0,90.0
293.404,-0.2560524642467499,-0.13084164261817932,0.13298603892326355,0.06438560038805008,0.035901736468076706,1.0055006742477417,,,
,,,,,,,58000.0,32767.0,90.0
293.414,-0.41246622800827026,-0.15778599679470062,-0.015779463574290276,0.06645704060792923,0.028990089893341064,1.0029499530792236,,,
,,,,,,,58000.0,32767.0,90.0
293.424,-2.1522328853607178,0.34791111946105957,0.23378176987171173,0.06473764032125473,0.03433241322636604,1.001715064048767,,,
,,,,,,,58000.0,32767.0,90.0
293.434,0.9642016291618347,-0.4292900562286377,0.2276146113872528,0.06259950995445251,0.029862821102142334,1.0140248537063599,,,
,,,,,,,58000.0,32767.0,90.0
293.444,9.856949806213379,-0.9317508339881897,-0.09938476979732513,0.0665094405412674,0.01628132350742817,0.9901665449142456,,,
,,,,,,,58000.0,32767.0,90.0
293.454,-5.951519966125488,0.9107574820518494,-0.48024067282676697,0.06336849927902222,0.05834297463297844,0.999257504940033,,,
,,,,,,,58000.0,32767.0,90.0
293.464,1.279883861541748,-0.7045802474021912,1.1652146577835083,0.06352703273296356,0.041020769625902176,1.0079420804977417,,,
,,,,,,,58000.0,32767.0,90.0
293.474,-6.573606491088867,0.6282147765159607,-0.6308130621910095,0.06601056456565857,0.01516056340187788,1.00249445438385,,,
,,,,,,,58000.0,32767.0,90.0
293.484,1.6141796112060547,-0.7417545914649963,0.20001235604286194,0.06487040221691132,0.030011458322405815,1.0149685144424438,,,
,,,,,,,58000.0,32767.0,90.0
293.494,-0.10894417017698288,-0.5052628517150879,-0.028498683124780655,0.06556941568851471,0.03305864334106445,0.9958971738815308,,,
,,,,,,,58000.0,32767.0,90.0
293.504,3.020148992538452,0.3440345525741577,-0.04745814949274063,0.06478449702262878,0.029135599732398987,0.9920009970664978,,,
,,,,,,,58000.0,32767.0,90.0
293.514,2.0945208072662354,-0.022701451554894447,-0.02961196005344391,0.06570935249328613,0.04052005708217621,1.0052361488342285,,,
,,,,,,,58000.0,32767.0,90.0
293.524,-2.0283429622650146,0.29606378078460693,-0.10089317709207535,0.06386193633079529,0.03509296104311943,1.0062332153320312,,,
,,,,,,,58000.0,32767.0,90.0
293.534,-1.0371692180633545,-0.37286198139190674,-0.0899733379483223,0.06562169641256332,0.030075378715991974,1.0075726509094238,,,
,,,,,,,58000.0,32767.0,90.0
293.544,-1.2636889219284058,-0.11657735705375671,-0.025350842624902725,0.06493034213781357,0.035392388701438904,1.0023075342178345,,,
,,,,,,,58000.0,32767.0,90.0
293.554,-1.2946898937225342,0.20038112998008728,-0.04815814271569252,0.06580881029367447,0.035250551998615265,1.0019619464874268,,,
,,,,,,,58000.0,32767.0,90.0
293.564,1.68441903591156,-0.34542763233184814,-0.04454830661416054,0.06612158566713333,0.027888983488082886,1.0010230541229248,,,
,,,,,,,58000.0,32767.0,90.0
293.574,0.9195123910903931,-0.2735964357852936,-0.12111973017454147,0.06318041682243347,0.034534331411123276,1.0063196420669556,,,
,,,,,,,58000.0,32767.0,90.0
293.584,1.5476346015930176,-0.2680608630180359,0.30021563172340393,0.06157757714390755,0.035077307373285294,1.0077488422393799,,,
,,,,,,,58000.0,32767.0,90.0
293.594,-1.5651657581329346,0.23165029287338257,-0.23003852367401123,0.0641556903719902,0.03229586035013199,1.0014312267303467,,,
,,,,,,,58000.0,32767.0,90.0
293.604,-1.0222669839859009,0.048164743930101395,-0.23695777356624603,0.06438478082418442,0.03514455258846283,1.0032150745391846,,,
,,,,,,,58000.0,32767.0,90.0
293.614,-1.157936692237854,-0.10237514972686768,0.19493287801742554,0.06472152471542358,0.031051382422447205,1.0038095712661743,,,
,,,,,,,58000.0,32767.0,90.0
293.624,0.4998006224632263,-0.0682312473654747,-0.20842668414115906,0.06513937562704086,0.028760945424437523,1.003175139427185,,,
,,,,,,,58000.0,32767.0,90.0
293.634,1.2877610921859741,-0.3373616337776184,0.05967104807496071,0.0632849857211113,0.035866543650627136,1.0028774738311768,,,
,,,,,,,58000.0,32767.0,90.0
293.644,0.371542751789093,0.10922296345233917,0.10285516828298569,0.06208335980772972,0.03353489935398102,1.0024266242980957,,,
,,,,,,,58000.0,32767.0,90.0
293.654,0.3416323661804199,0.17150504887104034,-0.2274080365896225,0.06354822218418121,0.03260372579097748,0.9986429214477539,,,
,,,,,,,58000.0,32767.0,90.0
293.664,-1.48790442943573,0.005020320415496826,0.22016030550003052,0.06491914391517639,0.037678759545087814,1.0029535293579102,,,
,,,,,,,58000.0,32767.0,90.0
293.674,-0.8161597847938538,-0.21393780410289764,-0.08260206878185272,0.06663969904184341,0.03171934932470322,1.0038748979568481,,,
,,,,,,,58000.0,32767.0,90.0
293.684,0.03191928565502167,0.3318374454975128,-0.225479856133461,0.06655310094356537,0.03057338111102581,1.0024652481079102,,,
,,,,,,,58000.0,32767.0,90.0
293.694,1.0302129983901978,0.08662668615579605,0.022735606878995895,0.06494353711605072,0.03242894634604454,1.0044152736663818,,,
,,,,,,,58000.0,32767.0,90.0
293.704,0.6272176504135132,-0.07158821076154709,-0.037535425275564194,0.06533224135637283,0.032905615866184235,1.0000022649765015,,,
,,,,,,,58000.0,32767.0,90.0
293.714,0.1687595546245575,-0.26385509967803955,-0.22104865312576294,0.06463968008756638,0.03526873514056206,1.0004730224609375,,,
,,,,,,,58000.0,32767.0,90.0
293.724,-0.7696883678436279,-0.20649386942386627,0.002820767229422927,0.06343787908554077,0.03327513486146927,1.0041640996932983,,,
,,,,,,,58000.0,32767.0,90.0
293.734,-0.8738489747047424,-0.26541781425476074,0.08129409700632095,0.06493712961673737,0.0310867577791214,1.001563310623169,,,
,,,,,,,58000.0,32767.0,90.0
293.744,-0.3925326466560364,0.2082550972700119,-0.10275357216596603,0.0631987601518631,0.032645873725414276,1.0004948377609253,,,
,,,,,,,58000.0,32767.0,90.0
293.754,0.35576701164245605,-0.30003660917282104,-0.06452228128910065,0.06233803182840347,0.033487237989902496,1.0028694868087769,,,
,,,,,,,58000.0,32767.0,90.0
293.764,0.6594969630241394,0.1518523395061493,0.2476194202899933,0.0662173479795456,0.03159349411725998,1.0057730674743652,,,
,,,,,,,58000.0,32767.0,90.0
293.774,0.47039127349853516,-0.17778564989566803,0.0428190641105175,0.06702880561351776,0.0348065160214901,1.004635214805603,,,
,,,,,,,58000.0,32767.0,90.0
293.784,-0.4971938729286194,-0.0360289104282856,-0.07495362311601639,0.06344783306121826,0.03379073366522789,1.0029182434082031,,,
,,,,,,,58000.0,32767.0,90.0
293.794,-0.5436183214187622,0.019283611327409744,-0.15436586737632751,0.06303079426288605,0.03298149257898331,1.000775694847107,,,
,,,,,,,58000.0,32767.0,90.0
293.804,-0.5969895124435425,0.013338369317352772,0.10520131886005402,0.06255635619163513,0.03479091450572014,1.002884030342102,,,
,,,,,,,58000.0,32767.0,90.0
293.814,0.3007807731628418,-0.28043997287750244,-0.06186744570732117,0.06438998878002167,0.033549148589372635,1.0039345026016235,,,
,,,,,,,58000.0,32767.0,90.0
293.824,0.3927849531173706,-0.014607313089072704,0.010465063154697418,0.06543943285942078,0.03457311913371086,1.0019153356552124,,,
,,,,,,,58000.0,32767.0,90.0
293.834,0.5316740870475769,-0.3022463619709015,-0.12232419103384018,0.06753881275653839,0.035822249948978424,0.9992029070854187,,,
,,,,,,,58000.0,32767.0,90.0
293.844,-0.15445871651172638,0.057201676070690155,-0.19086624681949615,0.0655335858464241,0.03790108114480972,1.0001332759857178,,,
,,,,,,,58000.0,32767.0,90.0
293.854,-0.5811781287193298,-0.44178348779678345,0.2381659597158432,0.06505002081394196,0.03126479312777519,1.0026237964630127,,,
,,,,,,,58000.0,32767.0,90.0
293.864,-0.25711333751678467,0.20511801540851593,-0.2721409201622009,0.06479629129171371,0.031182123348116875,1.0033525228500366,,,
,,,,,,,58000.0,32767.0,90.0
293.874,-0.03977188095450401,-0.0002468001330271363,-0.10076090693473816,0.06352485716342926,0.03507256880402565,1.0063613653182983,,,
,,,,,,,58000.0,32767.0,90.0
293.884,0.3789808750152588,-0.08188140392303467,-0.05122700706124306,0.06420929729938507,0.03125525265932083,1.0031931400299072,,,
,,,,,,,58000.0,32767.0,90.0
293.894,0.45405980944633484,-0.0950109213590622,0.07406891882419586,0.06340133398771286,0.031427737325429916,1.00300133228302,,,
,,,,,,,58000.0,32767.0,90.0
293.904,-0.03882528096437454,-0.26838311553001404,-0.08484513312578201,0.06186599284410477,0.03338850662112236,1.0060125589370728,,,
,,,,,,,58000.0,32767.0,90.0
293.914,-0.5139714479446411,-0.009473173879086971,-0.325066477060318,0.060658786445856094,0.03022857755422592,1.0032051801681519,,,
,,,,,,,58000.0,32767.0,90.0
293.924,-0.0796782448887825,0.05335824936628342,0.019174743443727493,0.06273770332336426,0.031396448612213135,1.004340648651123,,,
,,,,,,,58000.0,32767.0,90.0
293.934,-0.16039928793907166,-0.21727147698402405,-0.12885068356990814,0.06232733651995659,0.03576817736029625,1.0035803318023682,,,
,,,,,,,58000.0,32767.0,90.0
293.944,0.07605881989002228,-0.07658318430185318,0.003155105048790574,0.0627226009964943,0.03226326406002045,1.001410722732544,,,
,,,,,,,58000.0,32767.0,90.0
293.954,0.520433783531189,-0.00903419591486454,0.05759833753108978,0.06350528448820114,0.03185128793120384,1.003039836883545,,,
,,,,,,,58000.0,32767.0,90.0
293.964,0.017903992906212807,0.08556945621967316,-0.008607195690274239,0.06561964750289917,0.036679670214653015,1.0028668642044067,,,
,,,,,,,58000.0,32767.0,90.0
293.974,-0.41598623991012573,-0.30437207221984863,-0.32084378600120544,0.06481719017028809,0.03636574372649193,1.0029442310333252,,,
,,,,,,,58000.0,32767.0,90.0
293.984,-0.4016166031360626,-0.4164181649684906,-0.2597021460533142,0.06532838195562363,0.03275937959551811,1.0027505159378052,,,
,,,,,,,61000.0,32767.0,90.0
293.994,-0.260515034198761,-0.11859868466854095,-0.2303215116262436,0.06623266637325287,0.032582156360149384,1.0024278163909912,,,
,,,,,,,61000.0,32767.0,90.0
294.004,0.11251645535230637,-0.2509213387966156,0.11068384349346161,0.0673348605632782,0.0362975187599659,1.0026017427444458,,,
,,,,,,,61000.0,32767.0,90.0
294.014,-0.0800580158829689,0.26990681886672974,-0.11782959848642349,0.06592043489217758,0.03472436964511871,1.0020251274108887,,,
,,,,,,,61000.0,32767.0,90.0
294.024,0.34291765093803406,0.5653210878372192,-0.2563038468360901,0.06486107409000397,0.03369302675127983,1.000619649887085,,,
,,,,,,,61000.0,32767.0,90.0
294.034,0.24105089902877808,-0.8412831425666809,0.09283680468797684,0.06582460552453995,0.036576155573129654,1.0024384260177612,,,
,,,,,,,61000.0,32767.0,90.0
294.044,-0.20155243575572968,-1.3553051948547363,0.06789544969797134,0.06313033401966095,0.03358945995569229,1.000423789024353,,,
,,,,,,,61000.0,32767.0,90.0
294.054,0.24912403523921967,0.9099062085151672,-0.026780039072036743,0.06385341286659241,0.03149576857686043,0.9986768364906311,,,
,,,,,,,61000.0,32767.0,90.0
294.064,-0.3804631531238556,0.3109486699104309,-0.25373366475105286,0.06318098306655884,0.036024224013090134,1.0061668157577515,,,
,,,,,,,62000.0,32767.0,90.0
294.074,-0.6786078810691833,-0.5377337336540222,-0.31185007095336914,0.065480075776577,0.033573217689991,1.0089386701583862,,,
,,,,,,,62000.0,32767.0,90.0
294.084,0.33249372243881226,0.034348055720329285,0.19549477100372314,0.06512144207954407,0.027857668697834015,0.9998644590377808,,,
,,,,,,,62000.0,32767.0,90.0
294.094,0.8799740076065063,-0.12040233612060547,0.0013550175353884697,0.06632285565137863,0.03409295529127121,0.9976779222488403,,,
,,,,,,,62000.0,32767.0,90.0
294.104,-1.1284971237182617,0.237985759973526,-0.1535227745771408,0.06473173201084137,0.03710327669978142,1.001918077468872,,,
,,,,,,,62000.0,32767.0,90.0
294.114,0.5288249850273132,-0.20555640757083893,0.016542043536901474,0.06421099603176117,0.029870519414544106,1.007246494293213,,,
,,,,,,,62000.0,32767.0,90.0
294.124,-0.36035552620887756,-0.028111767023801804,0.03656167536973953,0.06438452005386353,0.031072506681084633,1.008105993270874,,,
,,,,,,,62000.0,32767.0,90.0
294.134,0.6603249311447144,-0.037004321813583374,-0.1469808965921402,0.06575551629066467,0.03337838500738144,1.003699779510498,,,
,,,,,,,62000.0,32767.0,90.0
294.144,-0.670261025428772,0.1563340127468109,-0.26134827733039856,0.06565646082162857,0.034510813653469086,0.9977618455886841,,,
,,,,,,,62000.0,32767.0,90.0
294.154,-0.11282110214233398,0.10403230041265488,0.003590633859857917,0.06455294042825699,0.036786921322345734,1.0043587684631348,,,
,,,,,,,63000.0,32767.0,90.0
294.164,0.317324161529541,-0.43735024333000183,0.08928124606609344,0.06542715430259705,0.03048275038599968,1.0059963464736938,,,
,,,,,,,63000.0,32767.0,90.0
294.174,-0.1449914127588272,-0.223643958568573,-0.12989726662635803,0.06516142934560776,0.030001534149050713,1.0027390718460083,,,
,,,,,,,63000.0,32767.0,90.0
294.184,0.4657016694545746,-0.15041883289813995,0.11090810596942902,0.06677066534757614,0.03490537032485008,0.9993400573730469,,,
,,,,,,,63000.0,32767.0,90.0
294.194,-0.4202229082584381,-0.01589936390519142,0.22779995203018188,0.0668829083442688,0.0364178791642189,0.9992084503173828,,,
,,,,,,,63000.0,32767.0,90.0
294.204,0.2643490135669708,-0.4547128677368164,0.009469559416174889,0.06627894192934036,0.03271154314279556,1.003017783164978,,,
,,,,,,,63000.0,32767.0,90.0
294.214,-0.29412540793418884,0.3614521622657776,-0.18104256689548492,0.06329640001058578,0.03210475295782089,1.0049771070480347,,,
,,,,,,,63000.0,32767.0,90.0
294.224,-0.38659900426864624,0.1300453394651413,-0.07167762517929077,0.06327328830957413,0.03491998091340065,1.0053688287734985,,,
,,,,,,,63000.0,32767.0,90.0
294.234,-0.19133113324642181,-0.391435444355011,-0.12082826346158981,0.06294585764408112,0.031422365456819534,1.0033942461013794,,,
,,,,,,,63000.0,32767.0,90.0
294.244,-0.030554339289665222,0.050158996134996414,-0.09317191690206528,0.06371278315782547,0.03173789381980896,1.0039745569229126,,,
,,,,,,,63000.0,32767.0,90.0
294.254,-0.022935068234801292,-0.13402539491653442,0.15882974863052368,0.06457742303609848,0.032648906111717224,1.0024868249893188,,,
,,,,,,,63000.0,32767.0,90.0
294.264,-0.4212500751018524,-0.008163927122950554,-0.2959769666194916,0.06631939113140106,0.03397088125348091,1.0016511678695679,,,
,,,,,,,63000.0,32767.0,90.0
294.274,0.2592387795448303,0.008634052239358425,0.09238238632678986,0.06348928809165955,0.03431723266839981,1.0046063661575317,,,
,,,,,,,63000.0,32767.0,90.0
294.284,-0.31007319688796997,-0.026754271239042282,-0.07562287896871567,0.06579511612653732,0.034976061433553696,1.0054370164871216,,,
,,,,,,,63000.0,32767.0,90.0
294.294,-0.02557736076414585,-0.21687887609004974,-0.05866658687591553,0.06574378907680511,0.03181402385234833,1.0038204193115234,,,
,,,,,,,63000.0,32767.0,90.0
294.304,0.0317637175321579,-0.3880023956298828,-0.10828239470720291,0.06755606830120087,0.032723866403102875,1.0011292695999146,,,
,,,,,,,63000.0,32767.0,90.0
294.314,-0.016170665621757507,-0.15144219994544983,-0.08266859501600266,0.06662438064813614,0.034603219479322433,1.0013319253921509,,,
,,,,,,,63000.0,32767.0,90.0
294.324,-0.01371073443442583,-0.047562479972839355,0.12237615138292313,0.06711068749427795,0.03264391049742699,1.0041354894638062,,,
,,,,,,,63000.0,32767.0,90.0
294.334,-0.2072879672050476,-0.06504586338996887,-0.14936037361621857,0.06511937826871872,0.03435499221086502,1.0036804676055908,,,
,,,,,,,63000.0,32767.0,90.0
294.344,-0.3152099549770355,0.1481034904718399,0.2787122130393982,0.06634994596242905,0.03495185077190399,1.0054833889007568,,,
,,,,,,,63000.0,32767.0,90.0
294.354,-0.255130410194397,-0.1451316624879837,-0.2312922328710556,0.06588087975978851,0.03267526999115944,1.0042026042938232,,,
,,,,,,,63000.0,32767.0,90.0
294.364,0.0622941255569458,0.10007599741220474,-0.25370335578918457,0.06571593135595322,0.03269277513027191,1.003980040550232,,,
,,,,,,,63000.0,32767.0,90.0
294.374,0.08359810709953308,-0.010622749105095863,-0.03485346958041191,0.06596066802740097,0.033398326486349106,1.0041261911392212,,,
,,,,,,,63000.0,32767.0,90.0
294.384,-0.1491965800523758,-0.3132975101470947,-0.0329815074801445,0.06454509496688843,0.03400507941842079,1.0036801099777222,,,
,,,,,,,63000.0,32767.0,90.0
294.394,0.08364100009202957,-0.02388078346848488,-0.10965175181627274,0.06545615941286087,0.03318613022565842,1.003373384475708,,,
,,,,,,,63000.0,32767.0,90.0
294.404,-0.19721220433712006,0.21658584475517273,0.10094640403985977,0.06340878456830978,0.032843172550201416,1.0050220489501953,,,
,,,,,,,63000.0,32767.0,90.0
294.414,-0.1959514021873474,-0.09346870332956314,-0.3734869062900543,0.06421898305416107,0.029806535691022873,1.0022611618041992,,,
,,,,,,,63000.0,32767.0,90.0
294.424,-0.15243515372276306,-0.01613093912601471,-0.22386543452739716,0.0629272311925888,0.03351058438420296,1.0042086839675903,,,
,,,,,,,63000.0,32767.0,90.0
294.434,-0.11147356778383255,-0.06893851608037949,0.1013060137629509,0.06278732419013977,0.03076920285820961,1.0051755905151367,,,
,,,,,,,63000.0,32767.0,90.0
294.444,0.05275135859847069,-0.13254018127918243,-0.12355800718069077,0.06469307839870453,0.030980480834841728,1.0017778873443604,,,
,,,,,,,63000.0,32767.0,90.0
294.454,0.09180581569671631,-0.10076731443405151,-0.008933373726904392,0.06605098396539688,0.03709543123841286,1.0029019117355347,,,
,,,,,,,63000.0,32767.0,90.0
294.464,-0.4755585491657257,-0.2057127207517624,-0.06735505908727646,0.06694133579730988,0.034509897232055664,1.0038723945617676,,,
,,,,,,,63000.0,32767.0,90.0
294.474,0.16130653023719788,0.21663318574428558,0.02016792818903923,0.06590290367603302,0.03150438517332077,1.0026800632476807,,,
,,,,,,,63000.0,32767.0,90.0
294.484,-0.10198070853948593,-0.013661332428455353,0.05597887188196182,0.06498617678880692,0.035808540880680084,1.0025521516799927,,,
,,,,,,,63000.0,32767.0,90.0
294.494,-0.046222444623708725,-0.10137451440095901,0.04217136651277542,0.06326280534267426,0.03402871638536453,1.0060207843780518,,,
,,,,,,,63000.0,32767.0,90.0
294.504,0.13066783547401428,-0.10680780559778214,-0.0020043491385877132,0.06398999691009521,0.03201581910252571,1.0001726150512695,,,
,,,,,,,63000.0,32767.0,90.0
294.514,-0.010865716263651848,-0.19588755071163177,0.13784454762935638,0.06393902003765106,0.0361543707549572,1.0019441843032837,,,
,,,,,,,63000.0,32767.0,90.0
294.524,-0.10577590763568878,-0.25935906171798706,-0.2778536081314087,0.06555429100990295,0.03512025624513626,1.0056878328323364,,,
,,,,,,,63000.0,32767.0,90.0
294.534,-0.15418478846549988,-0.15911197662353516,-0.08190864324569702,0.0641133040189743,0.034112658351659775,1.005006194114685,,,
,,,,,,,63000.0,32767.0,90.0
294.544,-0.140625,0.15076451003551483,-0.13335785269737244,0.06444636732339859,0.03656723350286484,1.0016685724258423,,,
,,,,,,,63000.0,32767.0,90.0
294.554,-0.11176124960184097,-0.19580292701721191,-0.11685710400342941,0.06562221795320511,0.03397073596715927,1.0018317699432373,,,
,,,,,,,63000.0,32767.0,90.0
294.564,0.14212828874588013,-0.2399267852306366,-0.10573362559080124,0.06470776349306107,0.03147086501121521,1.0051827430725098,,,
,,,,,,,63000.0,32767.0,90.0
294.574,0.18575425446033478,-0.011839748360216618,-0.0308024063706398,0.06284628808498383,0.03207322582602501,1.0013140439987183,,,
,,,,,,,63000.0,32767.0,90.0
294.584,-0.06980214267969131,0.035696469247341156,-0.09577476233243942,0.06647972017526627,0.034435857087373734,1.0039809942245483,,,
,,,,,,,63000.0,32767.0,90.0
294.594,-0.033992599695920944,-0.07754145562648773,-0.43619003891944885,0.06406096369028091,0.03441426157951355,1.0041996240615845,,,
,,,,,,,63000.0,32767.0,90.0
294.604,-0.15583859384059906,0.08303564041852951,0.030165115371346474,0.06467286497354507,0.030384980142116547,1.002147912979126,,,
,,,,,,,63000.0,32767.0,90.0
294.614,0.09409201890230179,-0.08601555973291397,-0.17270492017269135,0.06507083773612976,0.03216008096933365,1.0020228624343872,,,
,,,,,,,63000.0,32767.0,90.0
294.624,-0.026139171794056892,-0.09561064094305038,0.027127336710691452,0.06531213968992233,0.034526292234659195,1.0042864084243774,,,
,,,,,,,63000.0,32767.0,90.0
294.634,0.023005984723567963,-0.25120240449905396,-0.19369594752788544,0.06679508090019226,0.03316071256995201,1.0023586750030518,,,
,,,,,,,63000.0,32767.0,90.0
294.644,0.12190058082342148,0.12354284524917603,-0.16975875198841095,0.06512696295976639,0.03544791787862778,1.0031219720840454,,,
,,,,,,,63000.0,32767.0,90.0
294.654,-0.32719913125038147,-0.044304654002189636,-0.22237107157707214,0.0636492520570755,0.03536752238869667,1.003570556640625,,,
,,,,,,,63000.0,35000.0,90.0
294.664,-0.0793754830956459,-0.20919716358184814,0.13062165677547455,0.06519215553998947,0.034697890281677246,1.0028798580169678,,,
,,,,,,,65000.0,35000.0,90.0
294.674,0.1451827436685562,-0.13939251005649567,-0.09865570068359375,0.06564182043075562,0.03571377694606781,1.0030170679092407,,,
,,,,,,,65000.0,35000.0,90.0
294.684,-2.8069567680358887,0.18774162232875824,0.05101035535335541,0.06409075856208801,0.03799396753311157,1.0018912553787231,,,
,,,,,,,65000.0,35000.0,90.0
294.694,-1.0734885931015015,-0.3826098144054413,-0.12334835529327393,0.061456017196178436,0.029477940872311592,1.01515793800354,,,
,,,,,,,65000.0,35000.0,90.0
294.704,10.176036834716797,-0.5886225700378418,0.13415727019309998,0.0652899220585823,0.012013579718768597,0.9921568036079407,,,
,,,,,,,65000.0,35000.0,90.0
294.714,-4.429179668426514,-0.009833382442593575,-0.7916444540023804,0.07043127715587616,0.05535396933555603,1.0008318424224854,,,
,,,,,,,65000.0,35000.0,90.0
294.724,1.3934162855148315,-0.9062400460243225,1.2603152990341187,0.06437665224075317,0.04080891236662865,1.0042446851730347,,,
,,,,,,,65000.0,35000.0,90.0
294.734,-6.3022284507751465,0.9105607867240906,-0.482513427734375,0.06476429104804993,0.018399110063910484,0.9984555244445801,,,
,,,,,,,65000.0,36000.0,90.0
294.744,1.6026335954666138,-0.22357410192489624,-0.004241147544234991,0.06265857070684433,0.030628299340605736,1.0198787450790405,,,
,,,,,,,65000.0,36000.0,90.0
294.754,-1.7724155187606812,-0.24331067502498627,-0.35507336258888245,0.06475205719470978,0.035441406071186066,0.998401403427124,,,
,,,,,,,65000.0,36000.0,90.0
294.764,0.6132128834724426,0.4082282781600952,-0.1912509799003601,0.06731122732162476,0.03136622533202171,0.9949504733085632,,,
,,,,,,,65000.0,36000.0,90.0
294.774,1.88581120967865,-0.2877655625343323,-0.04224034398794174,0.06320993602275848,0.037918541580438614,1.0033373832702637,,,
,,,,,,,65000.0,36000.0,90.0
294.784,3.7015745639801025,-0.3743448257446289,-0.2583145499229431,0.06446400284767151,0.023519298061728477,0.9986510276794434,,,
,,,,,,,65000.0,36000.0,90.0
294.794,-2.6405797004699707,0.04758046567440033,-0.3980747163295746,0.06254161149263382,0.040677886456251144,1.0028376579284668,,,
,,,,,,,65000.0,36000.0,90.0
294.804,-2.2120046615600586,0.14630985260009766,0.1472882330417633,0.0636385977268219,0.03805232048034668,1.011343002319336,,,
,,,,,,,65000.0,36000.0,90.0
294.814,-1.0301451683044434,-0.09473459422588348,0.18035833537578583,0.06669063121080399,0.02328856661915779,0.9976942539215088,,,
,,,,,,,65000.0,36000.0,90.0
294.824,-1.2902910709381104,0.046003278344869614,0.024587266147136688,0.06744927912950516,0.0353391058743,1.0061016082763672,,,
,,,,,,,65000.0,36000.0,90.0
294.834,2.4197850227355957,-0.6189889907836914,0.0714075043797493,0.06525927037000656,0.03585528954863548,1.001286268234253,,,
,,,,,,,65000.0,36000.0,90.0
294.844,-0.02701193280518055,0.33138778805732727,-0.4385891556739807,0.06361469626426697,0.032654985785484314,0.9999282360076904,,,
,,,,,,,65000.0,36000.0,90.0
294.854,3.6250717639923096,-0.5919599533081055,0.0447828434407711,0.0647474080324173,0.03684341162443161,1.0055515766143799,,,
,,,,,,,65000.0,36000.0,90.0
294.864,-3.286313533782959,0.26403576135635376,-0.4158526062965393,0.06302586942911148,0.039617422968149185,1.0030447244644165,,,
,,,,,,,65000.0,36000.0,90.0
294.874,0.23061108589172363,-0.45608335733413696,0.2533501088619232,0.062392186373472214,0.03339414298534393,1.0028599500656128,,,
,,,,,,,65000.0,36000.0,90.0
294.884,-2.697061777114868,0.42524129152297974,-0.2022285908460617,0.06740275770425797,0.03270525112748146,1.0032713413238525,,,
,,,,,,,65000.0,36000.0,90.0
294.894,1.2864235639572144,-0.2668783366680145,0.1766638457775116,0.06342078745365143,0.030860213562846184,1.0067331790924072,,,
,,,,,,,65000.0,36000.0,90.0
294.904,0.8485335111618042,-0.10477068275213242,-0.3315475881099701,0.065247543156147,0.02951892279088497,1.0011200904846191,,,
,,,,,,,65000.0,36000.0,90.0
294.914,1.4288561344146729,-0.057025812566280365,0.11346206814050674,0.06453747302293777,0.03414009511470795,1.0032964944839478,,,
,,,,,,,65000.0,36000.0,90.0
294.924,0.06331202387809753,-0.09578299522399902,0.010441110469400883,0.0640636682510376,0.0371895506978035,1.0031232833862305,,,
,,,,,,,65000.0,36000.0,90.0
294.934,-1.0948470830917358,-0.12672680616378784,-0.11107422411441803,0.06645821034908295,0.031901050359010696,1.0019501447677612,,,
,,,,,,,65000.0,36000.0,90.0
294.944,-1.3813045024871826,-0.37767383456230164,0.11907104402780533,0.06591684371232986,0.036111894994974136,1.005014181137085,,,
,,,,,,,65000.0,36000.0,90.0
294.954,-0.49560946226119995,0.15457087755203247,0.34800776839256287,0.06550385802984238,0.030752547085285187,1.0016027688980103,,,
,,,,,,,65000.0,36000.0,90.0
294.964,0.5959419012069702,0.08707190304994583,-0.042302291840314865,0.06493614614009857,0.03260314464569092,1.0020966529846191,,,
,,,,,,,65000.0,36000.0,90.0
294.974,1.3658500909805298,-0.07991689443588257,0.2402237206697464,0.06669124960899353,0.03534197434782982,1.002909541130066,,,
,,,,,,,65000.0,36000.0,90.0
294.984,0.0005506447632797062,-0.09061431139707565,-0.09211902320384979,0.06419792771339417,0.03441416472196579,1.0004730224609375,,,
,,,,,,,65000.0,36000.0,90.0
294.994,-0.26928165555000305,0.19222305715084076,-0.006117996759712696,0.06528859585523605,0.032339561730623245,1.0017684698104858,,,
,,,,,,,65000.0,36000.0,90.0
295.004,-1.1804773807525635,0.0884275957942009,-0.22917777299880981,0.0653705820441246,0.03477403521537781,1.0025063753128052,,,
,,,,,,,65000.0,36000.0,90.0
295.014,-0.4732452630996704,0.14540182054042816,-0.14560531079769135,0.06407850235700607,0.03344430774450302,1.0043847560882568,,,
,,,,,,,65000.0,36000.0,90.0
295.024,0.09580057114362717,-0.23213201761245728,-0.15378709137439728,0.06463072448968887,0.033848103135824203,1.0047855377197266,,,
,,,,,,,65000.0,36000.0,90.0
295.034,0.7082305550575256,-0.12386730313301086,0.06948582828044891,0.06641358137130737,0.03503941372036934,1.0039790868759155,,,
,,,,,,,65000.0,36000.0,90.0
295.044,0.6272419095039368,-0.03346025198698044,-0.08612635731697083,0.06736025959253311,0.033983372151851654,1.000901460647583,,,
,,,,,,,65000.0,36000.0,90.0
295.054,-0.2863348126411438,0.00945059023797512,-0.05883407965302467,0.06585890799760818,0.0328235924243927,0.9990097284317017,,,
,,,,,,,65000.0,36000.0,90.0
295.064,-0.6471861600875854,0.02584787830710411,0.37180110812187195,0.06498986482620239,0.03625227138400078,1.0009795427322388,,,
,,,,,,,65000.0,36000.0,90.0
295.074,-0.9248300790786743,-0.2568594515323639,-0.06379161030054092,0.06453881412744522,0.03480587527155876,1.0056630373001099,,,
,,,,,,,65000.0,36000.0,90.0
295.084,0.17391881346702576,-0.46947619318962097,0.08673729002475739,0.063094362616539,0.03145168721675873,1.0061933994293213,,,
,,,,,,,65000.0,36000.0,90.0
295.094,0.4005732238292694,-0.3844965994358063,-0.11180099099874496,0.06550446152687073,0.03199388459324837,1.003496766090393,,,
,,,,,,,65000.0,36000.0,90.0
295.104,0.665835976600647,0.027754852548241615,-0.12094839662313461,0.0664248988032341,0.0366322360932827,1.0042741298675537,,,
,,,,,,,65000.0,36000.0,90.0
295.114,0.126264289021492,0.10550905019044876,-0.09288707375526428,0.06449019908905029,0.03546421602368355,1.00322687625885,,,
,,,,,,,65000.0,36000.0,90.0
295.124,-0.49557146430015564,-0.22351670265197754,0.1099793016910553,0.06424430757761002,0.034708525985479355,1.005757451057434,,,
,,,,,,,65000.0,36000.0,90.0
295.134,-0.6985498666763306,0.17178389430046082,-0.1220398023724556,0.06531401723623276,0.033304035663604736,1.0034971237182617,,,
,,,,,,,65000.0,36000.0,90.0
295.144,-0.37325650453567505,-0.49148109555244446,-0.1723966747522354,0.06363241374492645,0.031517013907432556,1.0023869276046753,,,
,,,,,,,65000.0,36000.0,90.0
295.154,0.31193453073501587,-0.10710437595844269,-0.11914222687482834,0.06468180567026138,0.03326549008488655,1.0015943050384521,,,
,,,,,,,65000.0,41000.0,90.0
295.164,0.5121223330497742,0.13133791089057922,0.03991859033703804,0.06650460511445999,0.033554889261722565,1.0014108419418335,,,
,,,,,,,65000.0,41000.0,90.0
295.174,0.1898345947265625,-0.008941407315433025,0.12623509764671326,0.06573858112096786,0.032426618039608,0.9992467164993286,,,
,,,,,,,65000.0,41000.0,90.0
295.184,-6.643845081329346,0.853813111782074,-0.1945667266845703,0.07088015973567963,0.042856644839048386,0.9954555034637451,,,
,,,,,,,65000.0,41000.0,90.0
295.194,-3.4458889961242676,-1.02884840965271,0.26370471715927124,0.060524046421051025,0.033653367310762405,1.0328354835510254,,,
,,,,,,,65000.0,41000.0,90.0
295.204,21.985544204711914,-2.4605348110198975,-0.46314767003059387,0.06513403356075287,-0.013898265548050404,0.9856895804405212,,,
,,,,,,,65000.0,41000.0,90.0
295.214,0.868992805480957,2.0192947387695312,-1.877901315689087,0.07369577139616013,0.06065945699810982,0.9563179612159729,,,
,,,,,,,65000.0,41000.0,90.0
295.224,-9.633788108825684,0.9289357662200928,1.5435333251953125,0.060374680906534195,0.10089611262083054,1.032645583152771,,,
,,,,,,,65000.0,41000.0,90.0
295.234,2.0603091716766357,-0.7038961052894592,1.099543571472168,0.06389062106609344,-0.006856923457235098,1.0208189487457275,,,
,,,,,,,65000.0,41000.0,90.0
295.244,-10.645834922790527,0.7758923172950745,-2.06661057472229,0.06291623413562775,0.008051351644098759,1.0111874341964722,,,
,,,,,,,65000.0,41000.0,90.0
295.254,0.5093393921852112,-2.2056779861450195,0.5664904713630676,0.05772308632731438,0.06833519041538239,1.0269813537597656,,,
,,,,,,,65000.0,41000.0,90.0
295.264,3.059635877609253,-0.5833072066307068,0.021631017327308655,0.06923925131559372,0.02433043159544468,0.9693243503570557,,,
,,,,,,,65000.0,41000.0,90.0
295.274,2.550593137741089,0.6110411882400513,-1.0496346950531006,0.07107162475585938,0.025598932057619095,0.9768718481063843,,,
,,,,,,,65000.0,41000.0,90.0
295.284,6.135756015777588,-0.5427446961402893,0.8949797749519348,0.06573886424303055,0.052409082651138306,1.0121915340423584,,,
,,,,,,,65000.0,46000.0,90.0
295.294,-5.036342620849609,0.7152885794639587,-0.0390188992023468,0.06769178062677383,0.030932080000638962,1.0061547756195068,,,
,,,,,,,65000.0,46000.0,90.0
295.304,-6.946072101593018,0.8120757341384888,0.4868914783000946,0.06941667944192886,0.029130376875400543,1.0081310272216797,,,
,,,,,,,65000.0,46000.0,90.0
295.314,-9.91264820098877,-0.9017078280448914,-0.39320576190948486,0.06044192239642143,0.0391780324280262,1.0322558879852295,,,
,,,,,,,65000.0,46000.0,90.0
295.324,11.023984909057617,-3.5165908336639404,-0.9582347869873047,0.05459222197532654,-0.0032092214096337557,1.0067685842514038,,,
,,,,,,,65000.0,46000.0,90.0
295.334,21.09514045715332,-0.7932004928588867,-1.2554866075515747,0.08239881694316864,0.01791076548397541,0.9532201886177063,,,
,,,,,,,65000.0,46000.0,90.0
295.344,-3.7985048294067383,3.463427782058716,0.2524479329586029,0.07766959816217422,0.09981970489025116,0.9617418646812439,,,
,,,,,,,65000.0,46000.0,90.0
295.354,-10.554231643676758,0.5779418349266052,1.4355331659317017,0.055736836045980453,0.07037610560655594,1.0259681940078735,,,
,,,,,,,65000.0,46000.0,90.0
295.364,-4.204765796661377,-0.20507296919822693,0.18168887495994568,0.05903451889753342,-0.02149888314306736,1.0398565530776978,,,
,,,,,,,65000.0,50000.0,90.0
295.374,-0.7690913677215576,-0.6747668385505676,-0.7537932395935059,0.06002816557884216,0.0053204698488116264,1.0249415636062622,,,
,,,,,,,65000.0,50000.0,90.0
295.384,-0.6200486421585083,-1.4926613569259644,-0.1472332626581192,0.06381195038557053,0.062360916286706924,0.9968733191490173,,,
,,,,,,,65000.0,50000.0,90.0
295.394,-0.8728752732276917,-0.10103152692317963,-0.22633910179138184,0.0682852566242218,0.04008924216032028,0.9689303636550903,,,
,,,,,,,65000.0,50000.0,90.0
295.404,2.344870090484619,1.0558558702468872,-0.43122798204421997,0.07284379750490189,0.028324106708168983,0.9799966812133789,,,
,,,,,,,65000.0,50000.0,90.0
295.414,-3.6675643920898438,0.20072364807128906,0.1660076081752777,0.059854086488485336,0.04885360226035118,1.0304328203201294,,,
,,,,,,,65000.0,50000.0,90.0
295.424,5.684101104736328,-3.4270060062408447,0.04804881662130356,0.06322095543146133,0.010778172872960567,1.0398794412612915,,,
,,,,,,,65000.0,50000.0,90.0
295.434,13.59750747680664,-2.0733888149261475,-1.2920488119125366,0.06704975664615631,0.005881627090275288,0.9769263863563538,,,
,,,,,,,65000.0,50000.0,90.0
295.444,3.51149845123291,1.8177090883255005,3.0451152324676514,0.07393880933523178,0.08552439510822296,0.9586141705513,,,
,,,,,,,65000.0,52000.0,90.0
295.454,-7.659136772155762,2.2965571880340576,2.3272945880889893,0.07357568293809891,0.08772215247154236,0.9957345724105835,,,
,,,,,,,65000.0,52000.0,90.0
295.464,-21.172563552856445,2.6846930980682373,-0.17363710701465607,0.055992014706134796,0.011910642497241497,1.023971676826477,,,
,,,,,,,65000.0,52000.0,90.0
295.474,3.604541540145874,-2.9482333660125732,-0.4606480300426483,0.05688861012458801,-0.016309931874275208,1.0576428174972534,,,
,,,,,,,65000.0,52000.0,90.0
295.484,4.2291107177734375,-1.1106775999069214,-0.5466502904891968,0.058464691042900085,0.02023334428668022,0.9988518357276917,,,
,,,,,,,65000.0,52000.0,90.0
295.494,-0.9760196805000305,-0.9813496470451355,-2.841838836669922,0.07911396771669388,0.05687175318598747,0.9795467257499695,,,
,,,,,,,65000.0,52000.0,90.0
295.504,5.436800003051758,0.028018511831760406,1.1210328340530396,0.0711691752076149,0.04707968607544899,0.9844615459442139,,,
,,,,,,,65000.0,52000.0,90.0
295.514,1.5768368244171143,0.11142071336507797,-0.2239139974117279,0.06598144769668579,0.028803763911128044,0.9911662936210632,,,
,,,,,,,65000.0,52000.0,90.0
295.524,3.7753865718841553,-0.915558397769928,-0.5629854202270508,0.06413885951042175,0.03126409649848938,1.01089608669281,,,
,,,,,,,65000.0,52000.0,90.0
295.534,0.982038676738739,-0.3732192814350128,0.5874735713005066,0.06608916074037552,0.03942223638296127,0.9991164803504944,,,
,,,,,,,65000.0,53000.0,90.0
295.544,-5.4153361320495605,1.4865621328353882,0.3780803084373474,0.06440640985965729,0.04213319718837738,0.9997657537460327,,,
,,,,,,,65000.0,53000.0,90.0
295.554,-3.7797133922576904,0.8703671097755432,0.29517751932144165,0.06070319190621376,0.03372017294168472,1.0183608531951904,,,
,,,,,,,65000.0,53000.0,90.0
295.564,-4.737546920776367,-0.3288823366165161,-0.6862951517105103,0.061845071613788605,0.024344824254512787,1.0164283514022827,,,
,,,,,,,65000.0,53000.0,90.0
295.574,0.7902535200119019,-0.8916374444961548,-0.09556331485509872,0.06744170933961868,0.03151555731892586,0.998761773109436,,,
,,,,,,,65000.0,53000.0,90.0
295.584,2.8688178062438965,-0.24533315002918243,0.5802833437919617,0.06827651709318161,0.040021516382694244,0.9879822731018066,,,
,,,,,,,65000.0,53000.0,90.0
295.594,3.358349323272705,0.1429928094148636,0.1734512895345688,0.06563793122768402,0.033568695187568665,0.9984637498855591,,,
,,,,,,,65000.0,53000.0,90.0
295.604,3.0279617309570312,-0.29976463317871094,-0.39165088534355164,0.06384244561195374,0.032370828092098236,1.0069650411605835,,,
,,,,,,,65000.0,53000.0,90.0
295.614,-0.9273129105567932,-0.1088533028960228,-0.4141102731227875,0.06386987119913101,0.037886060774326324,1.0048052072525024,,,
,,,,,,,65000.0,53000.0,90.0
295.624,-0.6620672345161438,0.11829229444265366,0.26714426279067993,0.06327740848064423,0.04072999209165573,1.0018463134765625,,,
,,,,,,,65000.0,54000.0,90.0
295.634,-1.9208366870880127,0.30654218792915344,0.3727369010448456,0.0641532614827156,0.03344336524605751,1.0016902685165405,,,
,,,,,,,65000.0,54000.0,90.0
295.644,-2.8319506645202637,0.49772849678993225,-0.01595718413591385,0.06509725004434586,0.03291754797101021,1.0095984935760498,,,
,,,,,,,65000.0,54000.0,90.0
295.654,-2.1746957302093506,-0.14968785643577576,-0.08787781000137329,0.06419911980628967,0.03181442990899086,1.0052762031555176,,,
,,,,,,,65000.0,54000.0,90.0
295.664,0.7169478535652161,-0.21274417638778687,-0.1389850527048111,0.06685604155063629,0.029660549014806747,0.9977967739105225,,,
,,,,,,,65000.0,54000.0,90.0
295.674,2.0485141277313232,0.15930874645709991,-0.0075560063123703,0.06625019758939743,0.03519416227936745,1.0006505250930786,,,
,,,,,,,65000.0,54000.0,90.0
295.684,1.6917660236358643,-0.32753807306289673,0.21939700841903687,0.0623629055917263,0.03186500445008278,1.0086002349853516,,,
,,,,,,,65000.0,54000.0,90.0
295.694,1.902881145477295,-0.6639357805252075,-0.3648800849914551,0.06260354071855545,0.030254673212766647,1.0088318586349487,,,
,,,,,,,65000.0,54000.0,90.0
295.704,0.509644091129303,0.10905724763870239,-0.3151141107082367,0.06527009606361389,0.03542443737387657,0.9971935153007507,,,
,,,,,,,65000.0,52000.0,90.0
295.714,-0.6984595656394958,0.23154224455356598,0.22266221046447754,0.06388463079929352,0.03997238352894783,0.9966827630996704,,,
,,,,,,,65000.0,52000.0,90.0
295.724,-1.1412932872772217,0.016615666449069977,0.23240266740322113,0.06646174937486649,0.03498163819313049,1.0031263828277588,,,
,,,,,,,65000.0,52000.0,90.0
295.734,-2.9232943058013916,0.2873924672603607,-0.23769035935401917,0.06258010864257812,0.03458813577890396,1.011467695236206,,,
,,,,,,,65000.0,52000.0,90.0
295.744,-1.178924322128296,-0.3704739511013031,0.06196307763457298,0.06457021832466125,0.034736957401037216,1.005420207977295,,,
,,,,,,,65000.0,52000.0,90.0
295.754,0.48718225955963135,-0.0183033999055624,-0.0045614419505000114,0.06956993043422699,0.03479793667793274,0.999701976776123,,,
,,,,,,,65000.0,52000.0,90.0
295.764,3.581392288208008,-0.8605515956878662,0.04572662338614464,0.06614717841148376,0.03513658046722412,1.0010370016098022,,,
,,,,,,,65000.0,52000.0,90.0
295.774,2.9992761611938477,-0.4947581887245178,-0.4731583297252655,0.0670505240559578,0.03719508647918701,0.989962637424469,,,
,,,,,,,65000.0,52000.0,90.0
295.784,-4.626838207244873,0.7602857947349548,-0.07340040802955627,0.06480006873607635,0.04621592536568642,0.998902440071106,,,
,,,,,,,65000.0,52000.0,90.0
295.794,-3.9778122901916504,0.338909387588501,0.3101922869682312,0.06107739731669426,0.030787842348217964,1.0212185382843018,,,
,,,,,,,65000.0,51000.0,90.0
295.804,0.9759684205055237,-0.7469267249107361,-0.26184189319610596,0.06285793334245682,0.011315332725644112,1.0159999132156372,,,
,,,,,,,65000.0,51000.0,90.0
295.814,3.511826276779175,-0.6047945022583008,-0.46034884452819824,0.06720376014709473,0.03417259454727173,0.9937470555305481,,,
,,,,,,,65000.0,51000.0,90.0
295.824,0.9227694869041443,0.07492747902870178,0.14238570630550385,0.06720732897520065,0.05105898156762123,0.9881103038787842,,,
,,,,,,,65000.0,51000.0,90.0
295.834,-0.9800151586532593,0.3021449148654938,-0.26537880301475525,0.0659211128950119,0.03555583581328392,0.9984236359596252,,,
,,,,,,,65000.0,51000.0,90.0
295.844,-0.6731280088424683,-0.10910805314779282,-0.10206051170825958,0.06318984925746918,0.028079969808459282,1.0105412006378174,,,
,,,,,,,65000.0,51000.0,90.0
295.854,-2.916386842727661,-0.22310929000377655,0.04309490695595741,0.06424041837453842,0.036328744143247604,1.0147366523742676,,,
,,,,,,,65000.0,51000.0,90.0
295.864,0.06409159302711487,-0.4395361840724945,0.1345735639333725,0.06540898233652115,0.02951330877840519,1.0022603273391724,,,
,,,,,,,65000.0,51000.0,90.0
295.874,0.7370681166648865,0.07166428864002228,-0.12565886974334717,0.06760462373495102,0.032699618488550186,0.9923864603042603,,,
,,,,,,,65000.0,46000.0,90.0
295.884,1.0314702987670898,-0.10637689381837845,0.056237511336803436,0.06531098484992981,0.04232003167271614,0.9993196129798889,,,
,,,,,,,65000.0,46000.0,90.0
295.894,1.1147470474243164,-0.10335087031126022,0.4423820972442627,0.06684170663356781,0.03009795770049095,1.0108342170715332,,,
,,,,,,,65000.0,46000.0,90.0
295.904,4.6672258377075195,-2.636259078979492,-0.4432448744773865,0.0632295235991478,0.026076318696141243,1.027711272239685,,,
,,,,,,,65000.0,46000.0,90.0
295.914,8.81890869140625,-1.2517280578613281,-0.4036426246166229,0.06022495776414871,0.02902963012456894,0.9721537828445435,,,
,,,,,,,65000.0,46000.0,90.0
295.924,-4.483222961425781,4.64531135559082,5.119877338409424,0.08638869225978851,0.08040905743837357,0.9660767316818237,,,
,,,,,,,65000.0,46000.0,90.0
295.934,-26.752248764038086,2.538496971130371,-2.0350568294525146,0.07738104462623596,0.06616172939538956,1.0100111961364746,,,
,,,,,,,65000.0,46000.0,90.0
295.944,-15.294662475585938,-0.7044886946678162,-2.8092031478881836,0.033875904977321625,-0.017161132767796516,1.0711835622787476,,,
,,,,,,,65000.0,46000.0,90.0
295.954,24.940528869628906,-4.785231590270996,0.6931322813034058,0.04661230742931366,-0.04892784357070923,1.0438345670700073,,,
,,,,,,,65000.0,46000.0,90.0
295.964,19.60112762451172,-3.8281359672546387,-1.982593059539795,0.06872864067554474,0.032981567084789276,0.953753650188446,,,
,,,,,,,65000.0,43000.0,90.0
295.974,-2.6664438247680664,1.567711353302002,-0.4283234775066376,0.08876176923513412,0.13071821630001068,0.9442058205604553,,,
,,,,,,,65000.0,43000.0,90.0
295.984,-8.798967361450195,1.9678468704223633,0.6847018003463745,0.07052866369485855,0.0836801528930664,0.9820733666419983,,,
,,,,,,,65000.0,43000.0,90.0
295.994,-3.9506709575653076,1.3984198570251465,0.2434270679950714,0.06695975363254547,-0.01890706457197666,1.0295661687850952,,,
,,,,,,,65000.0,43000.0,90.0
296.004,8.872340202331543,-1.4327428340911865,-0.4833504259586334,0.05308590456843376,-0.012604286894202232,1.0588388442993164,,,
,,,,,,,65000.0,43000.0,90.0
296.014,5.364295482635498,-0.9169876575469971,-0.4309147596359253,0.06659191101789474,0.04764943569898605,0.9907190203666687,,,
,,,,,,,65000.0,43000.0,90.0
296.024,-21.24070167541504,2.2734899520874023,0.35051751136779785,0.07308769971132278,0.09676140546798706,0.9665374159812927,,,
,,,,,,,65000.0,43000.0,90.0
296.034,-17.066030502319336,-0.1261538565158844,-2.197779417037964,0.05978233739733696,0.038465894758701324,1.0392930507659912,,,
,,,,,,,65000.0,43000.0,90.0
296.044,14.277727127075195,-1.8494952917099,0.38218146562576294,0.05549650639295578,-0.04497084766626358,1.013771653175354,,,
,,,,,,,65000.0,38000.0,90.0
296.054,18.349899291992188,-1.1935930252075195,-1.8978074789047241,0.07863127440214157,0.014258526265621185,0.9657772183418274,,,
,,,,,,,65000.0,38000.0,90.0
296.064,-6.246877670288086,1.6155245304107666,0.06926462054252625,0.06868540495634079,0.11714520305395126,0.9944716095924377,,,
,,,,,,,65000.0,38000.0,90.0
296.074,2.8612706661224365,-1.1808583736419678,1.561596155166626,0.06493844091892242,0.04796501621603966,1.0119861364364624,,,
,,,,,,,65000.0,38000.0,90.0
296.084,3.0524580478668213,0.7205197215080261,-1.2022689580917358,0.0717400535941124,-0.01743593066930771,0.9920983910560608,,,
,,,,,,,65000.0,38000.0,90.0
296.094,2.3659656047821045,2.1154143810272217,2.8805994987487793,0.07038614898920059,0.04718634486198425,0.9993159770965576,,,
,,,,,,,65000.0,38000.0,90.0
296.104,-24.348196029663086,0.6376031041145325,0.010312815196812153,0.0545782744884491,0.08899044990539551,1.0205885171890259,,,
,,,,,,,65000.0,38000.0,90.0
296.114,-8.801351547241211,-2.372243881225586,-2.794865369796753,0.051813140511512756,-0.008327768184244633,1.054721474647522,,,
,,,,,,,65000.0,38000.0,90.0
296.124,14.622504234313965,-1.5912411212921143,-0.24918830394744873,0.06722739338874817,-0.03466276079416275,0.9926989674568176,,,
,,,,,,,65000.0,38000.0,90.0
296.134,10.218688011169434,-1.9579156637191772,-1.9847242832183838,0.07813296467065811,0.06490867584943771,0.9687450528144836,,,
,,,,,,,65000.0,36000.0,90.0
296.144,5.060822010040283,0.9273238182067871,1.0400891304016113,0.07394607365131378,0.09619642794132233,0.9636770486831665,,,
,,,,,,,65000.0,36000.0,90.0
296.154,-8.173113822937012,2.3301894664764404,0.2645275592803955,0.0688355341553688,0.0395459346473217,0.99102783203125,,,
,,,,,,,65000.0,36000.0,90.0
296.164,1.4019564390182495,-0.39120563864707947,-0.21300062537193298,0.05975735932588577,-0.004615887068212032,1.041045904159546,,,
,,,,,,,65000.0,36000.0,90.0
296.174,-1.0090440511703491,0.1079239770770073,0.7829130291938782,0.05944157764315605,0.023430705070495605,1.02174973487854,,,
,,,,,,,65000.0,36000.0,90.0
296.184,-11.652278900146484,-0.5690159201622009,0.020262273028492928,0.05505196750164032,0.049611207097768784,1.0205782651901245,,,
,,,,,,,65000.0,36000.0,90.0
296.194,7.514037609100342,-2.1568374633789062,-0.7678206562995911,0.06802485883235931,0.007299464661628008,0.9854178428649902,,,
,,,,,,,65000.0,36000.0,90.0
296.204,0.48308196663856506,0.15185485780239105,-1.7744332551956177,0.07280546426773071,0.036892376840114594,0.9685474038124084,,,
,,,,,,,65000.0,36000.0,90.0
296.214,5.546649932861328,0.6608843803405762,1.370463252067566,0.06627126783132553,0.05890187993645668,0.9998684525489807,,,
,,,,,,,65000.0,35000.0,90.0
296.224,0.5768994092941284,0.2590269446372986,0.1641390472650528,0.06638138741254807,0.02511848881840706,0.999988317489624,,,
,,,,,,,65000.0,35000.0,90.0
296.234,-2.9182446002960205,0.16284574568271637,-0.5763686895370483,0.0627487450838089,0.023305075243115425,1.0235509872436523,,,
,,,,,,,65000.0,35000.0,90.0
296.244,0.386186808347702,-0.6251712441444397,0.593069851398468,0.06127816438674927,0.03759485110640526,1.0185329914093018,,,
,,,,,,,65000.0,35000.0,90.0
296.254,-5.239590644836426,0.49245890974998474,-0.1566661149263382,0.06623366475105286,0.0329289510846138,0.9861168265342712,,,
,,,,,,,65000.0,35000.0,90.0
296.264,-0.7552976012229919,-0.38908717036247253,-0.19228193163871765,0.06367076188325882,0.03809468820691109,0.9980975389480591,,,
,,,,,,,65000.0,35000.0,90.0
296.274,3.465632677078247,-0.3625289797782898,0.1780434399843216,0.06739408522844315,0.02932431362569332,0.9977293014526367,,,
,,,,,,,65000.0,35000.0,90.0
296.284,1.8166066408157349,0.10059157013893127,-0.15249770879745483,0.06670612096786499,0.02903824858367443,1.0019675493240356,,,
,,,,,,,65000.0,35000.0,90.0
296.294,2.2561466693878174,-0.6163530945777893,-0.20340797305107117,0.06336291879415512,0.03525106608867645,1.0102596282958984,,,
,,,,,,,65000.0,32767.0,90.0
296.304,-2.431546449661255,0.026905804872512817,-0.1268322616815567,0.06452453881502151,0.035151027143001556,0.999758243560791,,,
,,,,,,,65000.0,32767.0,90.0
296.314,-1.290122628211975,0.2502886950969696,0.1678895801305771,0.06474295258522034,0.031982965767383575,1.002776026725769,,,
,,,,,,,65000.0,32767.0,90.0
296.324,1.886806607246399,-0.40550410747528076,-0.17037777602672577,0.06659487634897232,0.03117208182811737,1.0048513412475586,,,
,,,,,,,65000.0,32767.0,90.0
296.334,1.1514867544174194,0.044024426490068436,-0.25644418597221375,0.06868105381727219,0.030497761443257332,0.9921101927757263,,,
,,,,,,,65000.0,32767.0,90.0
296.344,-6.174660682678223,0.4010765552520752,0.2513767182826996,0.06254749000072479,0.046812642365694046,1.0074331760406494,,,
,,,,,,,65000.0,32767.0,90.0
296.354,-0.05967109277844429,-0.6202884316444397,-0.040317803621292114,0.06584826856851578,0.022063391283154488,1.0075404644012451,,,
,,,,,,,65000.0,32767.0,90.0
296.364,3.0198559761047363,-0.04331887513399124,-0.47468331456184387,0.06795439124107361,0.01821640133857727,0.9955155849456787,,,
,,,,,,,65000.0,32767.0,90.0
296.374,2.914050340652466,0.31886008381843567,0.0946478620171547,0.06689207255840302,0.04119706526398659,1.0000569820404053,,,
,,,,,,,65000.0,32767.0,90.0
296.384,1.176985502243042,-0.12104129046201706,0.09895443916320801,0.06542383879423141,0.040161244571208954,0.9998915195465088,,,
,,,,,,,65000.0,29000.0,90.0
296.394,-2.2033867835998535,0.21360555291175842,-0.458404541015625,0.06396976113319397,0.03226406127214432,1.0025436878204346,,,
,,,,,,,65000.0,29000.0,90.0
296.404,-1.8597187995910645,-0.24065540730953217,-0.18253447115421295,0.06291940808296204,0.03440096601843834,1.0098810195922852,,,
,,,,,,,65000.0,29000.0,90.0
296.414,-0.9990384578704834,-0.5059843063354492,0.1613253951072693,0.06774142384529114,0.030038155615329742,1.0067788362503052,,,
,,,,,,,65000.0,29000.0,90.0
296.424,6.560660362243652,-0.741189181804657,-0.0700945109128952,0.0692693293094635,0.023581957444548607,0.9962238073348999,,,
,,,,,,,65000.0,29000.0,90.0
296.434,-3.775252103805542,0.6278510689735413,-0.03888934850692749,0.06605149060487747,0.053918976336717606,0.9840109348297119,,,
,,,,,,,65000.0,29000.0,90.0
296.444,-8.44133186340332,0.3510962128639221,0.23226845264434814,0.06438161432743073,0.0503813810646534,1.025720238685608,,,
,,,,,,,65000.0,29000.0,90.0
296.454,6.95388650894165,-1.6717751026153564,0.3294174373149872,0.06580869853496552,-0.00021245595416985452,1.0064772367477417,,,
,,,,,,,65000.0,29000.0,90.0
296.464,-2.831174850463867,0.6254693269729614,-1.0611670017242432,0.06729733198881149,0.02894735522568226,0.9956903457641602,,,
,,,,,,,65000.0,27000.0,90.0
296.474,7.021048069000244,-1.3581743240356445,0.7674272656440735,0.06474676728248596,0.053620945662260056,1.0023914575576782,,,
,,,,,,,65000.0,27000.0,90.0
296.484,-2.756711959838867,1.0640591382980347,-0.3826144337654114,0.07026868313550949,0.029911834746599197,0.9866395592689514,,,
,,,,,,,65000.0,27000.0,90.0
296.494,-0.13113299012184143,0.07373549789190292,-0.16794583201408386,0.0630897656083107,0.030584871768951416,1.013986349105835,,,
,,,,,,,65000.0,27000.0,90.0
296.504,2.010451316833496,-0.526971161365509,0.39753100275993347,0.06335759907960892,0.03072490356862545,1.0100789070129395,,,
,,,,,,,65000.0,27000.0,90.0
296.514,-4.8217668533325195,-0.15519244968891144,-0.34730178117752075,0.06553404778242111,0.03533926233649254,0.9964770078659058,,,
,,,,,,,65000.0,27000.0,90.0
296.524,-1.585953950881958,-0.1374082714319229,0.18836365640163422,0.0653524324297905,0.03863344341516495,1.0074541568756104,,,
,,,,,,,65000.0,27000.0,90.0
296.534,1.9513977766036987,-0.09746520966291428,-0.15605132281780243,0.06771212816238403,0.026714805513620377,0.9957066178321838,,,
,,,,,,,65000.0,27000.0,90.0
296.544,2.0623812675476074,-0.07234673947095871,-0.3314574360847473,0.06701496988534927,0.030269460752606392,1.0020333528518677,,,
,,,,,,,65000.0,23000.0,90.0
296.554,3.9495644569396973,-0.17550954222679138,0.29570770263671875,0.062580905854702,0.0378713496029377,1.0085920095443726,,,
,,,,,,,65000.0,23000.0,90.0
296.564,-2.219787359237671,-0.1932457983493805,-0.21916308999061584,0.06304281204938889,0.03322386369109154,1.0011955499649048,,,
,,,,,,,65000.0,23000.0,90.0
296.574,-1.7100446224212646,-0.3582715094089508,-0.2156594842672348,0.06576979160308838,0.03330056369304657,1.012386679649353,,,
,,,,,,,65000.0,23000.0,90.0
296.584,5.782644748687744,0.020133180543780327,-0.19871895015239716,0.06837835162878036,0.02054266445338726,0.9932857155799866,,,
,,,,,,,65000.0,23000.0,90.0
296.594,-10.114785194396973,0.7739999294281006,-0.3716164827346802,0.066689632833004,0.05438690632581711,0.9985907077789307,,,
,,,,,,,65000.0,23000.0,90.0
296.604,-0.7291240692138672,-0.7200167179107666,0.8019984364509583,0.0625842809677124,0.031600385904312134,1.0172542333602905,,,
,,,,,,,65000.0,23000.0,90.0
296.614,-0.4346279799938202,0.006969728972762823,-0.30575329065322876,0.06543219834566116,0.00983542762696743,0.9968087077140808,,,
,,,,,,,65000.0,23000.0,90.0
296.624,4.512899398803711,-0.5766787528991699,-0.14459139108657837,0.06414365023374557,0.03325306996703148,0.996035635471344,,,
,,,,,,,65000.0,23000.0,90.0
296.634,5.126594066619873,-0.27542978525161743,-0.02518451400101185,0.06803172826766968,0.04697873815894127,0.9961625933647156,,,
,,,,,,,65000.0,21000.0,90.0
296.644,-2.143064498901367,0.487216979265213,-0.35455000400543213,0.07028073817491531,0.03089917078614235,0.996907651424408,,,
,,,,,,,65000.0,21000.0,90.0
296.654,-0.962568461894989,-0.26175668835639954,-0.06014148145914078,0.06361127644777298,0.033059556037187576,1.0181629657745361,,,
,,,,,,,65000.0,21000.0,90.0
296.664,-0.9063687324523926,-0.34245604276657104,0.07691019773483276,0.06539206951856613,0.02660941891372204,1.007516860961914,,,
,,,,,,,65000.0,21000.0,90.0
296.674,-3.466689348220825,0.07351650297641754,-0.21238043904304504,0.06538623571395874,0.033773377537727356,0.9989482760429382,,,
,,,,,,,65000.0,21000.0,90.0
296.684,-0.376350462436676,-0.6949281096458435,0.14969661831855774,0.06747981160879135,0.03876090049743652,1.001682996749878,,,
,,,,,,,65000.0,21000.0,90.0
296.694,0.2386348843574524,0.26594871282577515,0.14550529420375824,0.06799515336751938,0.02731030248105526,0.9946364164352417,,,
,,,,,,,65000.0,21000.0,90.0
296.704,4.433038711547852,-0.25534382462501526,0.00677814707159996,0.06632889807224274,0.02807215414941311,1.0010268688201904,,,
,,,,,,,65000.0,21000.0,90.0
296.714,1.7332428693771362,-0.07151667028665543,-0.14184264838695526,0.06442934274673462,0.03862643241882324,1.006184697151184,,,
,,,,,,,65000.0,21000.0,90.0
296.724,-1.8559253215789795,0.08860853314399719,-0.05970374867320061,0.06511563807725906,0.035931576043367386,1.005651593208313,,,
,,,,,,,65000.0,20000.0,90.0
296.734,-1.7035518884658813,-0.049670543521642685,-0.11527476459741592,0.06596509367227554,0.030558226630091667,1.0020228624343872,,,
,,,,,,,65000.0,20000.0,90.0
296.744,-2.3912549018859863,0.019662976264953613,0.00390240247361362,0.06550603359937668,0.03420603647828102,1.000619888305664,,,
,,,,,,,65000.0,20000.0,90.0
296.754,0.7479175329208374,-0.3898742198944092,0.24031907320022583,0.06569603085517883,0.03309307247400284,1.003718614578247,,,
,,,,,,,65000.0,20000.0,90.0
296.764,3.1351325511932373,0.42648205161094666,-0.35227492451667786,0.06373964995145798,0.02665596641600132,0.9991084933280945,,,
,,,,,,,65000.0,20000.0,90.0
296.774,-0.08503103256225586,-0.18403811752796173,-0.1929921954870224,0.0648413673043251,0.03606313839554787,1.0000669956207275,,,
,,,,,,,65000.0,20000.0,90.0
296.784,0.07681881636381149,-0.5526031851768494,0.328031450510025,0.06593329459428787,0.03146720677614212,1.0031894445419312,,,
,,,,,,,65000.0,20000.0,90.0
296.794,-1.881176233291626,-0.14689253270626068,-0.30782216787338257,0.06650980561971664,0.032062094658613205,1.0035521984100342,,,
,,,,,,,65000.0,20000.0,90.0
296.804,-0.691895067691803,-0.5088154077529907,0.03084411844611168,0.06508699804544449,0.03203125298023224,1.005570888519287,,,
,,,,,,,65000.0,20000.0,90.0
296.814,0.5351178646087646,-0.15279923379421234,-0.22612367570400238,0.0666906014084816,0.030520925298333168,0.9983735084533691,,,
,,,,,,,65000.0,18000.0,90.0
296.824,0.3720104992389679,0.07403475791215897,0.09899479150772095,0.06575630605220795,0.03504817560315132,0.9999241828918457,,,
,,,,,,,65000.0,18000.0,90.0
296.834,0.9994871616363525,-0.7162387371063232,-0.15952689945697784,0.06345880031585693,0.031034158542752266,1.005570650100708,,,
,,,,,,,65000.0,18000.0,90.0
296.844,2.302640199661255,-0.13268940150737762,-0.05648647993803024,0.06479933857917786,0.02415304072201252,1.002050757408142,,,
,,,,,,,65000.0,18000.0,90.0
296.854,-3.514533519744873,-0.1286250352859497,-0.6357586979866028,0.0657174289226532,0.04320492595434189,0.9964584112167358,,,
,,,,,,,65000.0,18000.0,90.0
296.864,-3.683434247970581,-0.3005373775959015,0.3601076602935791,0.06293193250894547,0.038383301347494125,1.0095562934875488,,,
,,,,,,,65000.0,18000.0,90.0
296.874,0.8138362765312195,-0.01431369874626398,-0.002732715802267194,0.06681425869464874,0.019612791016697884,1.0020372867584229,,,
,,,,,,,65000.0,18000.0,90.0
296.884,1.8649566173553467,0.1610226184129715,-0.2046050876379013,0.06863657385110855,0.03085949458181858,0.9998115301132202,,,
,,,,,,,65000.0,18000.0,90.0
296.894,2.341351270675659,-0.651935338973999,0.30932220816612244,0.0628451406955719,0.04430338740348816,1.0011409521102905,,,
,,,,,,,65000.0,14000.0,90.0
296.904,-0.06502708792686462,-0.13732723891735077,-0.04551796615123749,0.06290628761053085,0.028500456362962723,0.997740626335144,,,
,,,,,,,65000.0,14000.0,90.0
296.914,-0.32716265320777893,-0.20659507811069489,0.10822832584381104,0.06277430057525635,0.03069777972996235,1.0109176635742188,,,
,,,,,,,65000.0,14000.0,90.0
296.924,3.2683680057525635,-0.5254086256027222,-0.08666998893022537,0.06477846950292587,0.02974199876189232,1.00507652759552,,,
,,,,,,,65000.0,14000.0,90.0
296.934,-7.430801868438721,0.9735543727874756,-0.3066626191139221,0.068947933614254,0.04778272286057472,0.9971978664398193,,,
,,,,,,,65000.0,14000.0,90.0
296.944,-3.271139144897461,-0.9051028490066528,0.5515665411949158,0.06502123177051544,0.035207346081733704,1.0144439935684204,,,
,,,,,,,65000.0,14000.0,90.0
296.954,1.7603822946548462,-0.29924020171165466,0.017528235912322998,0.0668679028749466,0.009904732927680016,1.002063512802124,,,
,,,,,,,65000.0,14000.0,90.0
296.964,3.364475965499878,-0.10727506875991821,-0.26539963483810425,0.06376875191926956,0.030803436413407326,1.0019147396087646,,,
,,,,,,,65000.0,14000.0,90.0
296.974,4.82761812210083,-0.6642745733261108,-0.002366235014051199,0.06388451159000397,0.047397736459970474,1.0037224292755127,,,
,,,,,,,65000.0,13000.0,90.0
296.984,-1.717980146408081,0.6433281302452087,-0.5245171785354614,0.06754479557275772,0.029527029022574425,0.9974716305732727,,,
,,,,,,,65000.0,13000.0,90.0
296.994,-1.0597968101501465,-0.16093626618385315,-0.08341814577579498,0.06174137443304062,0.03161119669675827,1.0156714916229248,,,
,,,,,,,65000.0,13000.0,90.0
297.004,-1.527771234512329,-0.3828588128089905,0.1676684468984604,0.06122247874736786,0.033953748643398285,1.0119744539260864,,,
,,,,,,,65000.0,13000.0,90.0
297.014,-2.8390018939971924,0.0037436687853187323,-0.445087194442749,0.06628590822219849,0.03232266753911972,1.002527117729187,,,
,,,,,,,65000.0,13000.0,90.0
297.024,0.853735089302063,-0.34026727080345154,-0.06296735256910324,0.06582286208868027,0.03709457442164421,0.9994285106658936,,,
,,,,,,,65000.0,13000.0,90.0
297.034,0.8876867890357971,0.21294263005256653,0.0013461143244057894,0.06473375111818314,0.03196939826011658,0.9943620562553406,,,
,,,,,,,65000.0,13000.0,90.0
297.044,3.0110344886779785,-0.06414232403039932,0.05053228512406349,0.06721003353595734,0.030982188880443573,1.0048179626464844,,,
,,,,,,,65000.0,13000.0,90.0
297.054,0.8749663829803467,-0.4232073128223419,-0.3648011088371277,0.06687573343515396,0.0362740233540535,1.0097750425338745,,,
,,,,,,,65000.0,13000.0,90.0
297.064,-2.6725685596466064,0.06895134598016739,-0.20876482129096985,0.0662517175078392,0.035355277359485626,1.0063420534133911,,,
,,,,,,,65000.0,11000.0,90.0
297.074,-1.1144418716430664,0.1145959421992302,-0.03529242053627968,0.06637933105230331,0.03295586630702019,1.0008454322814941,,,
,,,,,,,65000.0,11000.0,90.0
297.084,-1.6724693775177002,-0.10888250917196274,0.1098799854516983,0.06811808049678802,0.03396205976605415,0.9995332956314087,,,
,,,,,,,65000.0,11000.0,90.0
297.094,0.5360362529754639,-0.3667956292629242,0.02766055054962635,0.0658683031797409,0.03356332704424858,1.0059962272644043,,,
,,,,,,,65000.0,11000.0,90.0
297.104,4.596111297607422,0.06497658789157867,-0.1533086895942688,0.0649503767490387,0.028245296329259872,1.0016767978668213,,,
,,,,,,,65000.0,11000.0,90.0
297.114,-0.8006104230880737,0.10101868957281113,-0.18625889718532562,0.0644925907254219,0.04126429185271263,1.0030019283294678,,,
,,,,,,,65000.0,11000.0,90.0
297.124,-3.068203926086426,0.11501677334308624,0.03402399644255638,0.06345438957214355,0.04238739237189293,1.010797381401062,,,
,,,,,,,65000.0,11000.0,90.0
297.134,-1.1527451276779175,-0.09606543928384781,-0.15584270656108856,0.06664532423019409,0.02316691353917122,1.0031633377075195,,,
,,,,,,,65000.0,11000.0,90.0
297.144,0.002073473995551467,0.07477456331253052,-0.010451245121657848,0.06404317915439606,0.0280979685485363,1.0007572174072266,,,
,,,,,,,65000.0,11000.0,90.0
297.154,2.209993362426758,-0.16152751445770264,0.3175927698612213,0.0628577321767807,0.03885461762547493,1.0005327463150024,,,
,,,,,,,65000.0,11000.0,90.0
297.164,0.257350891828537,0.08077708631753922,-0.055927690118551254,0.06491118669509888,0.030457517132163048,0.9971719980239868,,,
,,,,,,,65000.0,11000.0,90.0
297.174,0.8127297759056091,-0.06876057386398315,-0.22838887572288513,0.06397680193185806,0.03159095346927643,1.0055650472640991,,,
,,,,,,,65000.0,11000.0,90.0
297.184,-1.3584988117218018,0.0298682302236557,0.0883723720908165,0.061636827886104584,0.03764575719833374,1.0072429180145264,,,
,,,,,,,65000.0,11000.0,90.0
297.194,-1.3575096130371094,-0.2799606919288635,-0.06509250402450562,0.06359785050153732,0.031544771045446396,1.0037424564361572,,,
,,,,,,,65000.0,11000.0,90.0
297.204,-0.14231489598751068,-0.26088112592697144,0.10561805963516235,0.06485436856746674,0.033826712518930435,1.0010117292404175,,,
,,,,,,,65000.0,11000.0,90.0
297.214,0.38306644558906555,-0.03968985751271248,-0.043770454823970795,0.06407799571752548,0.03466349467635155,0.9991415143013,,,
,,,,,,,65000.0,11000.0,90.0
297.224,1.4474889039993286,0.20334014296531677,0.11355797201395035,0.06495237350463867,0.031241586431860924,1.0014400482177734,,,
,,,,,,,65000.0,11000.0,90.0
297.234,0.31533578038215637,-0.26180070638656616,0.024994639679789543,0.0661790668964386,0.032155994325876236,1.0063332319259644,,,
,,,,,,,65000.0,11000.0,90.0
297.244,-0.43686988949775696,-0.34859588742256165,0.012331105768680573,0.06407783180475235,0.03510160371661186,1.004543423652649,,,
,,,,,,,65000.0,11000.0,90.0
297.254,-1.3121869564056396,0.150926411151886,-0.03740521892905235,0.06486879289150238,0.03258809819817543,1.0017281770706177,,,
,,,,,,,65000.0,11000.0,90.0
297.264,-0.8215088844299316,0.2045406848192215,-0.26094958186149597,0.06474422663450241,0.033239979296922684,1.004040241241455,,,
,,,,,,,65000.0,11000.0,90.0
297.274,0.4375227391719818,0.2528332769870758,0.03573407232761383,0.06532962620258331,0.030704300850629807,1.003691554069519,,,
,,,,,,,65000.0,11000.0,90.0
297.284,0.9737563729286194,-0.16129490733146667,-0.015147612430155277,0.0651167556643486,0.031344275921583176,1.0038566589355469,,,
,,,,,,,65000.0,11000.0,90.0
297.294,0.48016655445098877,-0.18576502799987793,-0.20195887982845306,0.06275447458028793,0.035547275096178055,1.0035232305526733,,,
,,,,,,,65000.0,11000.0,90.0
297.304,-0.45891252160072327,-0.06922309100627899,0.061344876885414124,0.06327314674854279,0.03551582247018814,1.0036150217056274,,,
,,,,,,,65000.0,11000.0,90.0
297.314,-0.6474655270576477,0.028779715299606323,-0.18703345954418182,0.06487595289945602,0.03415137156844139,1.0048034191131592,,,
,,,,,,,65000.0,14000.0,90.0
297.324,-0.8615887761116028,0.08075336366891861,-0.031044453382492065,0.06547732651233673,0.033234041184186935,1.0044653415679932,,,
,,,,,,,65000.0,14000.0,90.0
297.334,0.4885343015193939,0.07555849850177765,-0.1751621514558792,0.06723117083311081,0.0331103652715683,1.001744031906128,,,
,,,,,,,65000.0,14000.0,90.0
297.344,0.024000173434615135,-0.08085432648658752,-0.32124239206314087,0.06963774561882019,0.033006295561790466,0.9988246560096741,,,
,,,,,,,65000.0,14000.0,90.0
297.354,-0.9218949675559998,-0.003817102639004588,0.458614706993103,0.06433534622192383,0.038505975157022476,1.0029339790344238,,,
,,,,,,,65000.0,14000.0,90.0
297.364,2.264813184738159,0.08007524162530899,0.02461632527410984,0.06690449267625809,0.025741366669535637,1.0073930025100708,,,
,,,,,,,65000.0,14000.0,90.0
297.374,3.805026054382324,-0.1528366059064865,-0.35680538415908813,0.06938174366950989,0.028855789452791214,0.995112955570221,,,
,,,,,,,65000.0,14000.0,90.0
297.384,-1.9030864238739014,-0.16919885575771332,-0.14274902641773224,0.061985764652490616,0.04801706597208977,0.9997544884681702,,,
,,,,,,,65000.0,14000.0,90.0
297.394,-2.2645468711853027,0.14295822381973267,0.23044323921203613,0.06514019519090652,0.03600499778985977,1.0042423009872437,,,
,,,,,,,65000.0,22000.0,90.0
297.404,-2.337238073348999,0.038730014115571976,-0.1943017989397049,0.06437398493289948,0.022901305928826332,1.0027824640274048,,,
,,,,,,,65000.0,22000.0,90.0
297.414,1.3545424938201904,0.13094277679920197,0.08879400044679642,0.06663794070482254,0.035490430891513824,1.0074559450149536,,,
,,,,,,,65000.0,22000.0,90.0
297.424,-7.352031230926514,-0.37702977657318115,0.37841278314590454,0.06698732823133469,0.04576640576124191,1.0044273138046265,,,
,,,,,,,65000.0,22000.0,90.0
297.434,4.170446872711182,-1.065756916999817,-0.3832470774650574,0.06613411009311676,0.015751320868730545,1.0148793458938599,,,
,,,,,,,65000.0,22000.0,90.0
297.444,14.278105735778809,-0.3036036193370819,-0.44168877601623535,0.06725528836250305,0.014760295860469341,0.9817262887954712,,,
,,,,,,,65000.0,22000.0,90.0
297.454,-0.4130253791809082,1.1668435335159302,-0.6248438358306885,0.06931357085704803,0.06897784024477005,0.9871229529380798,,,
,,,,,,,65000.0,22000.0,90.0
297.464,-3.4003472328186035,0.5066184997558594,1.1236240863800049,0.0637376680970192,0.060897450894117355,1.0158766508102417,,,
,,,,,,,65000.0,22000.0,90.0
297.474,-7.37066125869751,0.7478451728820801,0.04452190175652504,0.06286212801933289,0.009237355552613735,1.0151886940002441,,,
,,,,,,,65000.0,29000.0,90.0
297.484,-4.396101951599121,-0.3264879882335663,-0.26422932744026184,0.06118985638022423,0.022353647276759148,1.0252485275268555,,,
,,,,,,,65000.0,29000.0,90.0
297.494,0.4902476668357849,-0.5749236941337585,0.008932131342589855,0.06725723296403885,0.039243657141923904,0.997076153755188,,,
,,,,,,,65000.0,29000.0,90.0
297.504,-5.70350980758667,-0.0037278688978403807,-1.1123697757720947,0.06726426631212234,0.04199960455298424,0.9786301255226135,,,
,,,,,,,65000.0,29000.0,90.0
297.514,7.349404811859131,-0.8112009167671204,0.10380800813436508,0.07280987501144409,0.022263504564762115,1.0151771306991577,,,
,,,,,,,65000.0,29000.0,90.0
297.524,26.373233795166016,-1.4640296697616577,0.03355778008699417,0.0694923847913742,0.002436620183289051,0.9742287993431091,,,
,,,,,,,65000.0,29000.0,90.0
297.534,-5.872556209564209,3.253303050994873,0.4429003596305847,0.07526784390211105,0.0814470499753952,0.9814753532409668,,,
,,,,,,,65000.0,29000.0,90.0
297.544,-7.614041805267334,0.21849362552165985,0.9868490695953369,0.05400989204645157,0.07294485718011856,1.0251586437225342,,,
,,,,,,,65000.0,29000.0,90.0
297.554,-12.933538436889648,0.6358464956283569,0.45970696210861206,0.0631575882434845,-0.004225716460496187,1.027812123298645,,,
,,,,,,,65000.0,29000.0,90.0
297.564,-0.552954375743866,-0.6302834153175354,-0.696313202381134,0.05851728096604347,-0.010119698010385036,1.0310418605804443,,,
,,,,,,,65000.0,30000.0,90.0
297.574,3.5784482955932617,-1.7622753381729126,-1.4028913974761963,0.0570705272257328,0.0381271131336689,1.007785677909851,,,
,,,,,,,65000.0,30000.0,90.0
297.584,2.9903223514556885,-1.2012150287628174,-0.1417550891637802,0.07552532106637955,0.05306737869977951,0.9763565063476562,,,
,,,,,,,65000.0,30000.0,90.0
297.594,4.334494590759277,0.09809752553701401,-0.3189027011394501,0.07424157112836838,0.04492348060011864,0.9667131304740906,,,
,,,,,,,65000.0,30000.0,90.0
297.604,-2.263993263244629,1.4921436309814453,-0.22983373701572418,0.06617138534784317,0.047480158507823944,0.9929804801940918,,,
,,,,,,,65000.0,30000.0,90.0
297.614,-2.097670793533325,-0.03801597282290459,0.6470974683761597,0.060642387717962265,0.02963482216000557,1.034509301185608,,,
,,,,,,,65000.0,30000.0,90.0
297.624,-0.6534761786460876,-0.6445592045783997,0.057554878294467926,0.0581941120326519,0.008743476122617722,1.0255566835403442,,,
,,,,,,,65000.0,30000.0,90.0
297.634,-2.2209513187408447,-0.7897626161575317,-0.7741449475288391,0.06496207416057587,0.035496197640895844,1.0033906698226929,,,
,,,,,,,65000.0,30000.0,90.0
297.644,1.403341293334961,-0.7895022630691528,0.17448407411575317,0.06841708719730377,0.04820792004466057,0.9798767566680908,,,
,,,,,,,65000.0,32767.0,90.0
297.654,1.3287205696105957,0.8014747500419617,-0.0872173011302948,0.06974998861551285,0.03379526361823082,0.9801581501960754,,,
,,,,,,,65000.0,32767.0,90.0
297.664,2.6221530437469482,-0.22486445307731628,-0.06957650184631348,0.062361765652894974,0.0358220711350441,1.0133510828018188,,,
,,,,,,,65000.0,32767.0,90.0
297.674,-1.2277634143829346,-0.43375205993652344,-0.07519876211881638,0.0651169866323471,0.031056463718414307,1.0213088989257812,,,
,,,,,,,65000.0,32767.0,90.0
297.684,-5.544666767120361,-0.23393785953521729,-0.09040584415197372,0.06455773860216141,0.03474392369389534,1.0073689222335815,,,
,,,,,,,65000.0,32767.0,90.0
297.694,-0.7527426481246948,-0.5337204933166504,0.03962879627943039,0.0646471455693245,0.033176276832818985,1.007502794265747,,,
,,,,,,,65000.0,32767.0,90.0
297.704,9.004920959472656,-0.36533862352371216,0.3035571277141571,0.07100141793489456,0.02106541022658348,0.9806749820709229,,,
,,,,,,,65000.0,32767.0,90.0
297.714,-4.030681133270264,1.0699825286865234,-0.6982418894767761,0.06835895031690598,0.05303006246685982,0.9977260231971741,,,
,,,,,,,65000.0,32767.0,90.0
297.724,2.0704591274261475,-1.1689494848251343,0.8042481541633606,0.06346800178289413,0.03971519321203232,1.0187509059906006,,,
,,,,,,,65000.0,32767.0,90.0
297.734,-5.618057727813721,0.31401166319847107,-0.8760544061660767,0.06373964250087738,0.015279068611562252,1.0071675777435303,,,
,,,,,,,65000.0,32767.0,90.0
297.744,1.6706523895263672,-0.5794282555580139,0.03335577994585037,0.0623762346804142,0.033314771950244904,1.0074577331542969,,,
,,,,,,,65000.0,32767.0,90.0
297.754,-1.1258573532104492,-0.12591689825057983,-0.0725996345281601,0.067107193171978,0.042247261852025986,0.9934145212173462,,,
,,,,,,,65000.0,32767.0,90.0
297.764,1.1975401639938354,0.05258120596408844,0.025112168863415718,0.06662940233945847,0.028927017003297806,0.9939919114112854,,,
,,,,,,,65000.0,32767.0,90.0
297.774,2.08872652053833,-0.07932547479867935,-0.250870019197464,0.06735450774431229,0.03409130126237869,1.004739761352539,,,
,,,,,,,65000.0,32767.0,90.0
297.784,-0.24175423383712769,-0.26564568281173706,-0.11997677385807037,0.06740839779376984,0.03576543554663658,1.01189124584198,,,
,,,,,,,65000.0,32767.0,90.0
297.794,-0.20335210859775543,-0.24438609182834625,-0.18612343072891235,0.06365156173706055,0.031079990789294243,1.0051813125610352,,,
,,,,,,,65000.0,32767.0,90.0
297.804,-1.0949606895446777,0.0744377002120018,-0.11151149868965149,0.06517457962036133,0.03538329899311066,0.9962947964668274,,,
,,,,,,,65000.0,32767.0,90.0
297.814,-1.553035020828247,-0.041368868201971054,-0.07639647275209427,0.06347262114286423,0.038780342787504196,1.0009123086929321,,,
,,,,,,,65000.0,38000.0,90.0
297.824,1.203018069267273,-0.009383478201925755,0.21580693125724792,0.062021590769290924,0.029077263548970222,1.0010578632354736,,,
,,,,,,,65000.0,38000.0,90.0
297.834,0.4281221032142639,-0.3387798070907593,-0.23314212262630463,0.0639515072107315,0.03267088159918785,1.0019843578338623,,,
,,,,,,,65000.0,38000.0,90.0
297.844,-5.660086154937744,0.30278661847114563,0.41444918513298035,0.06918604671955109,0.04733475670218468,1.0033435821533203,,,
,,,,,,,65000.0,38000.0,90.0
297.854,-3.2960798740386963,-0.7043427228927612,0.2952287495136261,0.062308236956596375,0.0334152989089489,1.0297132730484009,,,
,,,,,,,65000.0,38000.0,90.0
297.864,22.423797607421875,-2.274153470993042,-0.2988717555999756,0.06936860084533691,-0.009910385124385357,0.9799438714981079,,,
,,,,,,,65000.0,38000.0,90.0
297.874,-3.084153652191162,2.1432688236236572,-1.4282866716384888,0.07559491693973541,0.06765048205852509,0.9609211087226868,,,
,,,,,,,65000.0,38000.0,90.0
297.884,-5.3116302490234375,0.42487412691116333,1.6003177165985107,0.058559052646160126,0.08805166929960251,1.032102346420288,,,
,,,,,,,65000.0,38000.0,90.0
297.894,-0.7276484966278076,-0.2879030406475067,0.6762259006500244,0.0642155110836029,-0.008748619817197323,1.0151594877243042,,,
,,,,,,,65000.0,38000.0,90.0
297.904,-12.067159652709961,0.7615610361099243,-1.466903805732727,0.06505067646503448,0.013009068556129932,1.021929144859314,,,
,,,,,,,65000.0,41000.0,90.0
297.914,5.013888835906982,-2.590425491333008,0.20883987843990326,0.05470855534076691,0.049773745238780975,1.0138143301010132,,,
,,,,,,,65000.0,41000.0,90.0
297.924,-0.22111453115940094,0.26714766025543213,-0.3529433310031891,0.07351832091808319,0.025720495730638504,0.9652498960494995,,,
,,,,,,,65000.0,41000.0,90.0
297.934,7.593365669250488,0.4581669867038727,-0.3119557499885559,0.07225888222455978,0.03380975127220154,0.984105110168457,,,
,,,,,,,65000.0,41000.0,90.0
297.944,-2.1241486072540283,0.4755150079727173,0.021382151171565056,0.06664822995662689,0.05400542914867401,1.0067402124404907,,,
,,,,,,,65000.0,41000.0,90.0
297.954,-6.563625335693359,-0.5606398582458496,0.13473376631736755,0.05848032608628273,0.028167111799120903,1.0411994457244873,,,
,,,,,,,65000.0,41000.0,90.0
297.964,13.961854934692383,-1.8518521785736084,-0.22946470975875854,0.06364508718252182,-0.009045901708304882,1.0065619945526123,,,
,,,,,,,65000.0,41000.0,90.0
297.974,-3.829580783843994,1.2750352621078491,-1.3333206176757812,0.0700194463133812,0.05329488590359688,0.969153881072998,,,
,,,,,,,65000.0,41000.0,90.0
297.984,-6.356429100036621,0.48000916838645935,1.0041782855987549,0.06164548173546791,0.07946821302175522,1.0129703283309937,,,
,,,,,,,65000.0,39000.0,90.0
297.994,1.3776861429214478,-0.4291671812534332,0.4666951596736908,0.06519409269094467,0.0014564556768164039,1.0024995803833008,,,
,,,,,,,65000.0,39000.0,90.0
298.004,-3.6706032752990723,0.4879024028778076,-1.2066950798034668,0.06568370759487152,0.017238589003682137,1.0060855150222778,,,
,,,,,,,65000.0,39000.0,90.0
298.014,4.393680572509766,-0.8890074491500854,0.8096063733100891,0.062216099351644516,0.05700845271348953,1.0205402374267578,,,
,,,,,,,65000.0,39000.0,90.0
298.024,1.479546070098877,0.0742560476064682,0.038666896522045135,0.07047045975923538,0.02319364808499813,0.9854924082756042,,,
,,,,,,,65000.0,39000.0,90.0
298.034,2.163029432296753,-0.11015815287828445,-0.5392312407493591,0.06894119083881378,0.029997598379850388,0.9985916614532471,,,
,,,,,,,65000.0,39000.0,90.0
298.044,3.8639562129974365,0.15911965072155,-0.005495698656886816,0.06783677637577057,0.042958442121744156,0.9905771613121033,,,
,,,,,,,65000.0,39000.0,90.0
298.054,-17.203914642333984,1.5218544006347656,0.4522598087787628,0.060445625334978104,0.05595950409770012,1.0130130052566528,,,
,,,,,,,65000.0,39000.0,90.0
298.064,4.162961959838867,-2.185732126235962,0.85867840051651,0.0564805306494236,0.006638007238507271,1.0396443605422974,,,
,,,,,,,65000.0,39000.0,90.0
298.074,4.889491081237793,-0.051347021013498306,-1.2650444507598877,0.07304807007312775,0.008679077960550785,0.9827193021774292,,,
,,,,,,,65000.0,38000.0,90.0
298.084,-5.653985500335693,0.3032930791378021,-0.810515284538269,0.0647837370634079,0.07762963324785233,0.9957854747772217,,,
,,,,,,,65000.0,38000.0,90.0
298.094,10.746442794799805,-1.3395318984985352,1.1331183910369873,0.06629633903503418,0.035066742449998856,0.9906969666481018,,,
,,,,,,,65000.0,38000.0,90.0
298.104,-4.086496353149414,1.779405951499939,-1.3748753070831299,0.06922134011983871,0.013948640786111355,0.9875075817108154,,,
,,,,,,,65000.0,38000.0,90.0
298.114,3.932908296585083,-1.0533946752548218,0.7341559529304504,0.06136036664247513,0.044900719076395035,1.0270534753799438,,,
,,,,,,,65000.0,38000.0,90.0
298.124,-10.552738189697266,-0.14306674897670746,0.18473517894744873,0.06424655765295029,0.04301983863115311,1.0130681991577148,,,
,,,,,,,65000.0,38000.0,90.0
298.134,-0.9488437175750732,-0.7392029166221619,0.043108951300382614,0.06405028700828552,0.01245102472603321,1.0093114376068115,,,
,,,,,,,65000.0,38000.0,90.0
298.144,3.535471200942993,-0.6742810606956482,-0.3702886700630188,0.06734366714954376,0.03299027308821678,0.9866980314254761,,,
,,,,,,,65000.0,38000.0,90.0
298.154,-1.64823317527771,0.8325586915016174,0.133114293217659,0.06211624667048454,0.049794752150774,0.9960873126983643,,,
,,,,,,,65000.0,38000.0,90.0
298.164,8.142131805419922,-0.8126527667045593,0.6610992550849915,0.06506951153278351,0.022315874695777893,1.001058578491211,,,
,,,,,,,65000.0,36000.0,90.0
298.174,-3.424168109893799,1.240801453590393,-0.9611258506774902,0.0640079528093338,0.027905279770493507,1.0054527521133423,,,
,,,,,,,65000.0,36000.0,90.0
298.184,0.507806122303009,-0.702922523021698,0.6052637696266174,0.060302890837192535,0.04326275736093521,1.0197056531906128,,,
,,,,,,,65000.0,36000.0,90.0
298.194,-3.7221007347106934,0.1756330281496048,-0.0696086585521698,0.06570699065923691,0.026218166574835777,0.9991711378097534,,,
,,,,,,,65000.0,36000.0,90.0
298.204,2.3514795303344727,-0.18467044830322266,-0.663007378578186,0.06363900750875473,0.023633910343050957,1.0005371570587158,,,
,,,,,,,65000.0,36000.0,90.0
298.214,1.1170430183410645,0.6298926472663879,0.197478249669075,0.06788124889135361,0.04662058502435684,0.9878996014595032,,,
,,,,,,,65000.0,36000.0,90.0
298.224,-9.750741004943848,0.4359092116355896,-0.19108335673809052,0.06094878166913986,0.04833702743053436,1.0158685445785522,,,
,,,,,,,65000.0,36000.0,90.0
298.234,10.438992500305176,-1.360736608505249,0.49063506722450256,0.0637371763586998,0.0011606431799009442,1.0092886686325073,,,
,,,,,,,65000.0,36000.0,90.0
298.244,-3.2060906887054443,0.7335468530654907,-1.167178750038147,0.06665647029876709,0.035150982439517975,0.9892166256904602,,,
,,,,,,,65000.0,36000.0,90.0
298.254,3.976163864135742,-0.6278499364852905,0.6520705223083496,0.06107854098081589,0.057211726903915405,1.0095576047897339,,,
,,,,,,,65000.0,32767.0,90.0
298.264,-2.2321224212646484,0.5101405382156372,0.13217926025390625,0.06728466600179672,0.02622307278215885,0.9903504848480225,,,
,,,,,,,65000.0,32767.0,90.0
298.274,-1.996596097946167,0.05193677544593811,-0.4129689335823059,0.06346920877695084,0.02600908651947975,1.013209342956543,,,
,,,,,,,65000.0,32767.0,90.0
298.284,6.207889556884766,-0.9767847061157227,0.3000086545944214,0.06457153707742691,0.030097387731075287,1.0084787607192993,,,
,,,,,,,65000.0,32767.0,90.0
298.294,-6.263183116912842,0.676421046257019,-0.36941584944725037,0.06636851280927658,0.0412575826048851,0.9858933687210083,,,
,,,,,,,65000.0,32767.0,90.0
298.304,-4.24476957321167,-0.14153161644935608,0.4130275845527649,0.05934379622340202,0.04486267641186714,1.0198726654052734,,,
,,,,,,,65000.0,32767.0,90.0
298.314,4.769846439361572,-0.7277941703796387,0.2646847069263458,0.06586620956659317,0.01052470039576292,0.9902395009994507,,,
,,,,,,,65000.0,32767.0,90.0
298.324,-6.12480354309082,0.5090944766998291,-1.1675010919570923,0.06617876887321472,0.04096386954188347,1.0059185028076172,,,
,,,,,,,65000.0,32767.0,90.0
298.334,12.013984680175781,-1.699170708656311,0.8960806727409363,0.06403214484453201,0.03280298039317131,1.002367377281189,,,
,,,,,,,65000.0,32767.0,90.0
298.344,-5.506338119506836,1.146812081336975,-1.0625884532928467,0.06740783154964447,0.03326139226555824,0.989786684513092,,,
,,,,,,,65000.0,32767.0,90.0
298.354,4.143575191497803,-0.7216392755508423,0.6032935976982117,0.06169221177697182,0.039961326867341995,1.0153645277023315,,,
,,,,,,,65000.0,32767.0,90.0
298.364,-5.754406929016113,-0.2974415123462677,-0.3276108205318451,0.06438641995191574,0.03643353283405304,1.0052196979522705,,,
,,,,,,,65000.0,32767.0,90.0
298.374,-0.5968008041381836,-0.07211752235889435,0.11451421678066254,0.06458445638418198,0.02553526684641838,1.0071375370025635,,,
,,,,,,,65000.0,32767.0,90.0
298.384,0.5410510301589966,-0.24606680870056152,-0.0071813869290053844,0.06400037556886673,0.03884035348892212,1.0003187656402588,,,
,,,,,,,65000.0,32767.0,90.0
298.394,0.12438980489969254,0.09897250682115555,-0.036108650267124176,0.06705929338932037,0.03557569161057472,0.9961601495742798,,,
,,,,,,,65000.0,32767.0,90.0
298.404,2.553039073944092,0.1362508088350296,-0.028175504878163338,0.06493819504976273,0.03274994343519211,1.0053101778030396,,,
,,,,,,,65000.0,32767.0,90.0
298.414,0.7299181222915649,0.1245422214269638,-0.5524190664291382,0.06527712941169739,0.03259938210248947,1.0054432153701782,,,
,,,,,,,65000.0,32767.0,90.0
298.424,-1.2276543378829956,-0.4558904469013214,-0.19570186734199524,0.06318701058626175,0.03809147700667381,1.0122380256652832,,,
,,,,,,,65000.0,32767.0,90.0
298.434,-0.5740404725074768,-0.23084238171577454,-0.11506778746843338,0.06253200769424438,0.031297724694013596,1.0022504329681396,,,
,,,,,,,65000.0,32767.0,90.0
298.444,-2.573037624359131,0.10284417867660522,-0.23690597712993622,0.06245826184749603,0.03436049073934555,1.000895619392395,,,
,,,,,,,65000.0,32767.0,90.0
298.454,1.4878406524658203,-0.5735161900520325,-0.1423044204711914,0.0623764768242836,0.033987339586019516,1.0055631399154663,,,
,,,,,,,65000.0,32767.0,90.0
298.464,0.1288946270942688,0.10109692066907883,-0.20891067385673523,0.06373505294322968,0.02800678089261055,1.0036976337432861,,,
,,,,,,,65000.0,32767.0,90.0
298.474,2.1198971271514893,-0.1344163566827774,-0.03193759173154831,0.06457177549600601,0.03468441590666771,1.0066603422164917,,,
,,,,,,,65000.0,32767.0,90.0
298.484,-0.34411242604255676,-0.08083052933216095,0.009318403899669647,0.06650127470493317,0.036389801651239395,0.9986743330955505,,,
,,,,,,,65000.0,32767.0,90.0
298.494,-1.1572158336639404,0.3060438632965088,-0.22095559537410736,0.06564882397651672,0.03268574923276901,0.999241828918457,,,
,,,,,,,65000.0,32767.0,90.0
298.504,-0.5697617530822754,-0.11183486133813858,0.10091286897659302,0.06586306542158127,0.036176811903715134,1.004918098449707,,,
,,,,,,,65000.0,30000.0,90.0
298.514,-1.013305902481079,-0.1765955686569214,0.03745537996292114,0.064625084400177,0.03263727203011513,1.0069468021392822,,,
,,,,,,,65000.0,30000.0,90.0
298.524,0.7767146229743958,-0.25563734769821167,-0.09026390314102173,0.06672938168048859,0.029817836359143257,1.0028570890426636,,,
,,,,,,,65000.0,30000.0,90.0
298.534,0.93115234375,-0.3699888586997986,-0.047725506126880646,0.06756923347711563,0.03606708347797394,1.0025182962417603,,,
,,,,,,,65000.0,30000.0,90.0
298.544,4.233678817749023,-0.12728241086006165,-0.1695442795753479,0.06768715381622314,0.029026994481682777,1.002429485321045,,,
,,,,,,,65000.0,30000.0,90.0
298.554,-2.867642402648926,0.5324697494506836,-0.2433745414018631,0.06494420766830444,0.04132145643234253,0.9902883172035217,,,
,,,,,,,65000.0,30000.0,90.0
298.564,-8.854988098144531,0.21859925985336304,0.1318434625864029,0.06325555592775345,0.044467613101005554,1.0220781564712524,,,
,,,,,,,65000.0,30000.0,90.0
298.574,5.222539901733398,-1.1189342737197876,0.7146854996681213,0.06461377441883087,0.005676093511283398,1.0101252794265747,,,
,,,,,,,65000.0,30000.0,90.0
298.584,-1.9128682613372803,0.2340037226676941,-0.8611632585525513,0.06814826279878616,0.028473256155848503,0.9941616654396057,,,
,,,,,,,65000.0,30000.0,90.0
298.594,5.739816188812256,-0.73396235704422,0.5122653841972351,0.06423479318618774,0.054917797446250916,0.99875807762146,,,
,,,,,,,65000.0,32767.0,90.0
298.604,-0.9691159725189209,0.6507758498191833,-0.1240706816315651,0.0666423812508583,0.029340079054236412,0.9910790920257568,,,
,,,,,,,65000.0,32767.0,90.0
298.614,0.5727820992469788,0.08522812277078629,-0.27192848920822144,0.06352749466896057,0.025267748162150383,1.0136833190917969,,,
,,,,,,,65000.0,32767.0,90.0
298.624,-2.1628596782684326,-0.0324501134455204,0.1072089821100235,0.06607604026794434,0.0363670289516449,1.0158791542053223,,,
,,,,,,,65000.0,32767.0,90.0
298.634,-5.748622417449951,0.018948238343000412,0.2654435336589813,0.061467494815588,0.037771910429000854,1.0052484273910522,,,
,,,,,,,65000.0,32767.0,90.0
298.644,1.410418152809143,-0.9172961711883545,0.015256295911967754,0.062456633895635605,0.023527145385742188,1.0155667066574097,,,
,,,,,,,65000.0,32767.0,90.0
298.654,10.439353942871094,-0.2205905169248581,-0.3233537971973419,0.06815288960933685,0.019396912306547165,0.9745922684669495,,,
,,,,,,,65000.0,32767.0,90.0
298.664,-6.8009209632873535,1.4300750494003296,-0.5925112366676331,0.06603528559207916,0.0696481466293335,0.9990804195404053,,,
,,,,,,,65000.0,32767.0,90.0
298.674,6.7898969650268555,-0.7880931496620178,1.0986757278442383,0.06352680921554565,0.031648438423871994,1.0117433071136475,,,
,,,,,,,65000.0,32767.0,90.0
298.684,-8.687705039978027,0.5658425688743591,-0.8572359085083008,0.06618242710828781,0.018230238929390907,1.0042529106140137,,,
,,,,,,,65000.0,32767.0,90.0
298.694,2.742391586303711,-1.3302572965621948,0.6852449774742126,0.0605865940451622,0.03938139230012894,1.0174111127853394,,,
,,,,,,,65000.0,32767.0,90.0
298.704,-3.558518171310425,0.1715865582227707,0.016176113858819008,0.06748750060796738,0.0369398295879364,0.9911295175552368,,,
,,,,,,,65000.0,32767.0,90.0
298.714,2.19238018989563,0.07048871368169785,-0.2746831178665161,0.06806617975234985,0.027664385735988617,0.9902730584144592,,,
,,,,,,,65000.0,32767.0,90.0
298.724,2.6161530017852783,0.2228303700685501,0.09041056782007217,0.06470339745283127,0.0361921600997448,1.0025385618209839,,,
,,,,,,,65000.0,32767.0,90.0
298.734,0.011758661828935146,-0.18006251752376556,-0.2582870423793793,0.06324498355388641,0.033047374337911606,1.008508324623108,,,
,,,,,,,65000.0,32767.0,90.0
298.744,0.03699583560228348,-0.5478155016899109,-0.004139921627938747,0.06288735568523407,0.0327119454741478,1.009827971458435,,,
,,,,,,,65000.0,32767.0,90.0
298.754,-1.5550627708435059,0.12840068340301514,-0.21475626528263092,0.06610952317714691,0.03296129032969475,0.9996261596679688,,,
,,,,,,,65000.0,32767.0,90.0
298.764,-2.4950852394104004,0.44428446888923645,-0.1079195886850357,0.06376195698976517,0.03745376318693161,1.001833438873291,,,
,,,,,,,65000.0,35000.0,90.0
298.774,1.2657780647277832,-0.27523675560951233,0.20691551268100739,0.06256880611181259,0.02813369408249855,1.000540018081665,,,
,,,,,,,65000.0,35000.0,90.0
298.784,0.13978667557239532,-0.12175067514181137,-0.23940005898475647,0.06500472128391266,0.030436890199780464,1.0071935653686523,,,
,,,,,,,65000.0,35000.0,90.0
298.794,2.8943746089935303,-0.5629749298095703,0.31218844652175903,0.06396554410457611,0.03497358411550522,1.0055851936340332,,,
,,,,,,,65000.0,35000.0,90.0
298.804,-2.9874558448791504,0.2309759259223938,-0.05088313668966293,0.06720490753650665,0.03920344263315201,0.9969174265861511,,,
,,,,,,,65000.0,35000.0,90.0
298.814,-2.7591874599456787,-0.33296459913253784,-0.27139562368392944,0.0640983134508133,0.03674018010497093,1.0094819068908691,,,
,,,,,,,65000.0,35000.0,90.0
298.824,8.314898490905762,-0.9433910250663757,-0.05988098680973053,0.06699645519256592,0.01370056252926588,0.994494616985321,,,
,,,,,,,65000.0,35000.0,90.0
298.834,-4.295823097229004,0.755558431148529,-0.5501248240470886,0.06548461318016052,0.049961525946855545,0.9981693625450134,,,
,,,,,,,65000.0,35000.0,90.0
298.844,2.167977809906006,-0.637731671333313,0.614076554775238,0.06344275176525116,0.045190051198005676,1.0136009454727173,,,
,,,,,,,65000.0,35000.0,90.0
298.854,-3.8925538063049316,0.13056743144989014,-0.7843893766403198,0.06911346316337585,0.02160933054983616,0.9972686171531677,,,
,,,,,,,65000.0,37000.0,90.0
298.864,-0.25381988286972046,-0.026617174968123436,-0.08219199627637863,0.0649385079741478,0.035149719566106796,1.0116119384765625,,,
,,,,,,,65000.0,37000.0,90.0
298.874,0.706170916557312,-0.5088790059089661,0.34054648876190186,0.06437404453754425,0.037874408066272736,0.9986572861671448,,,
,,,,,,,65000.0,37000.0,90.0
298.884,-2.78932785987854,0.8094735741615295,-0.24252432584762573,0.06594827771186829,0.03467310965061188,0.995089590549469,,,
,,,,,,,65000.0,37000.0,90.0
298.894,2.520735263824463,-0.8005765080451965,0.29697173833847046,0.06185287609696388,0.03235425427556038,1.018506407737732,,,
,,,,,,,65000.0,37000.0,90.0
298.904,7.354719638824463,-0.5995609760284424,-0.3146425187587738,0.06774340569972992,0.0159604549407959,0.9878898859024048,,,
,,,,,,,65000.0,37000.0,90.0
298.914,-5.452493190765381,0.9057679772377014,-0.541411280632019,0.06546684354543686,0.05452767759561539,0.9991201162338257,,,
,,,,,,,65000.0,37000.0,90.0
298.924,0.7817195057868958,-0.5755137801170349,0.8459013104438782,0.06342440843582153,0.03828645870089531,1.014830470085144,,,
,,,,,,,65000.0,37000.0,90.0
298.934,-4.874476909637451,0.5437611937522888,-0.275129109621048,0.06367646157741547,0.018964845687150955,1.0004392862319946,,,
,,,,,,,65000.0,39000.0,90.0
298.944,-1.1444661617279053,-0.30700865387916565,0.24591955542564392,0.06211850419640541,0.0358397476375103,1.0164456367492676,,,
,,,,,,,65000.0,39000.0,90.0
298.954,2.621570348739624,-1.0115522146224976,0.2454722821712494,0.06677015870809555,0.032706767320632935,0.9963014125823975,,,
,,,,,,,65000.0,39000.0,90.0
298.964,-3.2117350101470947,0.4560578465461731,-0.5312551856040955,0.07110104709863663,0.035538025200366974,0.9909439086914062,,,
,,,,,,,65000.0,39000.0,90.0
298.974,5.216991424560547,-0.867317795753479,0.6191372871398926,0.06235756725072861,0.03727708011865616,1.018462061882019,,,
,,,,,,,65000.0,39000.0,90.0
298.984,5.548249244689941,-0.3510591983795166,-0.49535056948661804,0.06884168833494186,0.018906215205788612,0.9940811991691589,,,
,,,,,,,65000.0,39000.0,90.0
298.994,-4.7179975509643555,0.5605894923210144,-0.8152970671653748,0.06385612487792969,0.051141541451215744,1.0008505582809448,,,
,,,,,,,65000.0,39000.0,90.0
299.004,-1.0120127201080322,-0.13977095484733582,0.5670201182365417,0.06291251629590988,0.039286382496356964,1.0136216878890991,,,
,,,,,,,65000.0,39000.0,90.0
299.014,-3.491056203842163,0.1998126357793808,-0.09986763447523117,0.06572885811328888,0.01488465629518032,0.9971909523010254,,,
,,,,,,,65000.0,39000.0,90.0
299.024,-1.830564022064209,-0.02123323641717434,-0.06199069321155548,0.0619179867208004,0.03846075385808945,1.0129281282424927,,,
,,,,,,,65000.0,41000.0,90.0
299.034,3.387012243270874,-0.5840560793876648,0.23540304601192474,0.06727297604084015,0.03266370669007301,0.9945981502532959,,,
,,,,,,,65000.0,41000.0,90.0
299.044,-2.6348586082458496,0.8522042036056519,-0.589341402053833,0.06778492778539658,0.032026756554841995,0.9855816960334778,,,
,,,,,,,65000.0,41000.0,90.0
299.054,2.238555908203125,-1.1498039960861206,0.357331246137619,0.0581817626953125,0.041233230382204056,1.0208628177642822,,,
,,,,,,,65000.0,41000.0,90.0
299.064,8.867023468017578,-0.9310023784637451,-0.36801573634147644,0.06728874891996384,0.010507925413548946,0.9960021376609802,,,
,,,,,,,65000.0,41000.0,90.0
299.074,-1.1032439470291138,1.4900708198547363,-0.9924795627593994,0.06984088569879532,0.04578603059053421,0.9813433289527893,,,
,,,,,,,65000.0,41000.0,90.0
299.084,-7.366758346557617,0.6758216023445129,1.1752922534942627,0.05836651101708412,0.06496362388134003,1.0206631422042847,,,
,,,,,,,65000.0,41000.0,90.0
299.094,0.6813198328018188,-0.4450876712799072,0.46247392892837524,0.06821496039628983,0.002027186332270503,1.009907603263855,,,
,,,,,,,65000.0,41000.0,90.0
299.104,-3.885993719100952,0.560865044593811,-1.1480414867401123,0.06597288697957993,0.022858217358589172,1.0025813579559326,,,
,,,,,,,65000.0,42000.0,90.0
299.114,1.3151276111602783,-1.477644443511963,0.4387582838535309,0.06129758432507515,0.05461756885051727,1.0125248432159424,,,
,,,,,,,65000.0,42000.0,90.0
299.124,4.4155755043029785,0.030580712482333183,0.021103663370013237,0.07018047571182251,0.021346380934119225,0.9798153638839722,,,
,,,,,,,65000.0,42000.0,90.0
299.134,0.5552034974098206,0.7370758056640625,-0.9143427014350891,0.06456169486045837,0.03456410765647888,0.993855893611908,,,
,,,,,,,65000.0,42000.0,90.0
299.144,1.6711848974227905,-0.21803143620491028,0.335844486951828,0.06077125295996666,0.0489412397146225,1.017896294593811,,,
,,,,,,,65000.0,42000.0,90.0
299.154,-5.7419209480285645,0.6783599257469177,-0.11164314299821854,0.06553525477647781,0.028636829927563667,1.0107533931732178,,,
,,,,,,,65000.0,42000.0,90.0
299.164,1.38810396194458,-0.7105001211166382,-0.12826961278915405,0.06448248028755188,0.021435847505927086,1.0135670900344849,,,
,,,,,,,65000.0,42000.0,90.0
299.174,3.5383760929107666,-0.7187769412994385,-0.11018313467502594,0.06885161995887756,0.03529209643602371,0.9888902902603149,,,
,,,,,,,65000.0,42000.0,90.0
299.184,-3.4206724166870117,0.88448166847229,-0.059027910232543945,0.06513813883066177,0.05201931670308113,0.9908574819564819,,,
,,,,,,,65000.0,42000.0,90.0
299.194,0.6821280717849731,0.020949341356754303,0.4105467200279236,0.05986413359642029,0.03198545426130295,1.0108234882354736,,,
,,,,,,,65000.0,42000.0,90.0
299.204,1.204152226448059,-0.15922871232032776,-0.49598953127861023,0.06297247856855392,0.015343858860433102,1.0046643018722534,,,
,,,,,,,65000.0,42000.0,90.0
299.214,-1.0192985534667969,-0.11994941532611847,0.026891570538282394,0.06409572809934616,0.04117545485496521,1.007367491722107,,,
,,,,,,,65000.0,42000.0,90.0
299.224,-0.7752460241317749,-0.6327332854270935,0.26488935947418213,0.06399692595005035,0.03849708288908005,1.0005258321762085,,,
,,,,,,,65000.0,42000.0,90.0
299.234,0.8448948264122009,0.14116404950618744,-0.26567718386650085,0.06658874452114105,0.022661685943603516,0.9914931654930115,,,
,,,,,,,65000.0,42000.0,90.0
299.244,-0.39802464842796326,0.1978078931570053,-0.17125631868839264,0.06389910727739334,0.03844707831740379,1.0088099241256714,,,
,,,,,,,65000.0,42000.0,90.0
299.254,-0.2664458453655243,-0.520527184009552,0.31856733560562134,0.06499447673559189,0.03417095169425011,1.0112810134887695,,,
,,,,,,,65000.0,42000.0,90.0
299.264,1.344549536705017,-0.25998154282569885,-0.5328282117843628,0.06545303761959076,0.024257248267531395,1.0019782781600952,,,
,,,,,,,65000.0,42000.0,90.0
299.274,-1.1579172611236572,-0.19929030537605286,-0.4865543842315674,0.06314515322446823,0.04702324420213699,1.0037535429000854,,,
,,,,,,,65000.0,42000.0,90.0
299.284,0.11876557022333145,0.05247445032000542,0.1218160018324852,0.06440281122922897,0.03672751784324646,1.0010985136032104,,,
,,,,,,,65000.0,42000.0,90.0
299.294,0.11334218084812164,0.3581015467643738,-0.0504576750099659,0.06570913642644882,0.02541881427168846,1.0013059377670288,,,
,,,,,,,65000.0,42000.0,90.0
299.304,-0.6601357460021973,-0.3690045475959778,-0.186393603682518,0.06398653239011765,0.04091726243495941,1.0121365785598755,,,
,,,,,,,65000.0,42000.0,90.0
299.314,0.8354332447052002,-0.3521181643009186,-0.003637125249952078,0.06518140435218811,0.03216657042503357,1.0000040531158447,,,
,,,,,,,65000.0,42000.0,90.0
299.324,-0.4384554624557495,0.014584805816411972,-0.2862890958786011,0.06946853548288345,0.032929927110672,0.9962062239646912,,,
,,,,,,,65000.0,42000.0,90.0
299.334,-0.03923072665929794,-0.3251130282878876,0.05234691873192787,0.06555155664682388,0.03940149024128914,1.0048364400863647,,,
,,,,,,,65000.0,42000.0,90.0
299.344,0.04214753210544586,0.0026987013407051563,0.2476106733083725,0.06480231881141663,0.03049224242568016,1.001579999923706,,,
,,,,,,,65000.0,42000.0,90.0
299.354,-0.8089494705200195,-0.16725806891918182,-0.1945420354604721,0.06367473304271698,0.030157871544361115,1.009605050086975,,,
,,,,,,,65000.0,39000.0,90.0
299.364,0.4821564853191376,-0.43078160285949707,0.29593589901924133,0.06468766182661057,0.03294254094362259,1.0053937435150146,,,
,,,,,,,65000.0,39000.0,90.0
299.374,-0.13876086473464966,0.06276220083236694,-0.07059192657470703,0.06487997621297836,0.03371366858482361,0.996740460395813,,,
,,,,,,,65000.0,39000.0,90.0
299.384,0.49722999334335327,-0.31216588616371155,-0.01505348738282919,0.06631340831518173,0.03650950640439987,1.0093779563903809,,,
,,,,,,,65000.0,39000.0,90.0
299.394,5.5003981590271,-0.9021250009536743,-0.13669908046722412,0.06633330136537552,0.025172648951411247,1.0034703016281128,,,
,,,,,,,65000.0,39000.0,90.0
299.404,0.9190399050712585,1.3706562519073486,-0.5844316482543945,0.07027164846658707,0.03782545402646065,0.9730144739151001,,,
,,,,,,,65000.0,39000.0,90.0
299.414,-18.360273361206055,1.304317831993103,0.5296381115913391,0.06021120771765709,0.0763288214802742,1.0249366760253906,,,
,,,,,,,65000.0,39000.0,90.0
299.424,5.1820902824401855,-2.25583815574646,1.0881997346878052,0.05711398273706436,-0.005146206356585026,1.034613013267517,,,
,,,,,,,65000.0,39000.0,90.0
299.434,4.687065124511719,0.05224526673555374,-1.4216748476028442,0.0752815380692482,-0.00482978206127882,0.9757971167564392,,,
,,,,,,,65000.0,39000.0,90.0
299.444,-1.488358736038208,-0.3782697319984436,-0.5827631950378418,0.0656818300485611,0.08379177749156952,1.0006848573684692,,,
,,,,,,,65000.0,36000.0,90.0
299.454,9.797808647155762,-1.032368540763855,0.9824458360671997,0.06807421147823334,0.04055529832839966,0.9836437702178955,,,
,,,,,,,65000.0,36000.0,90.0
299.464,-7.548708438873291,2.31650447845459,-1.1372300386428833,0.06799273192882538,0.015336528420448303,0.9915977120399475,,,
,,,,,,,65000.0,36000.0,90.0
299.474,3.519835948944092,-1.1203492879867554,1.0298887491226196,0.05687469616532326,0.04388432577252388,1.043884038925171,,,
,,,,,,,65000.0,36000.0,90.0
299.484,-1.2088156938552856,-0.9837149381637573,-0.7093706130981445,0.06246611475944519,0.022643214091658592,1.008263349533081,,,
,,,,,,,65000.0,36000.0,90.0
299.494,0.26385122537612915,1.001267433166504,-0.6520906686782837,0.07018174231052399,0.028773153200745583,0.9694671034812927,,,
,,,,,,,65000.0,36000.0,90.0
299.504,-14.904905319213867,1.023069977760315,0.5402230024337769,0.0625077411532402,0.07773333787918091,1.0147590637207031,,,
,,,,,,,65000.0,36000.0,90.0
299.514,6.520924091339111,-1.5474187135696411,0.9459142088890076,0.06266354769468307,0.003368173725903034,1.0207171440124512,,,
,,,,,,,65000.0,36000.0,90.0
299.524,6.025178909301758,0.15525604784488678,-1.376554012298584,0.06873665004968643,-0.0013563367538154125,0.9812682271003723,,,
,,,,,,,65000.0,35000.0,90.0
299.534,1.1569124460220337,0.05086003243923187,-0.5432305932044983,0.06186502426862717,0.07145337015390396,1.010377287864685,,,
,,,,,,,65000.0,35000.0,90.0
299.544,6.017696380615234,-0.8932709097862244,0.8538838028907776,0.06289633363485336,0.04226842150092125,0.9884578585624695,,,
,,,,,,,65000.0,35000.0,90.0
299.554,-9.173178672790527,1.8534293174743652,-1.0321797132492065,0.06889966130256653,0.0157668124884367,0.997120201587677,,,
,,,,,,,65000.0,35000.0,90.0
299.564,4.7731242179870605,-1.3503673076629639,0.7366917133331299,0.06023859232664108,0.031198374927043915,1.0299640893936157,,,
,,,,,,,65000.0,35000.0,90.0
299.574,-7.169497489929199,0.1669704169034958,-0.21460899710655212,0.060307443141937256,0.03301658853888512,1.0007284879684448,,,
,,,,,,,65000.0,35000.0,90.0
299.584,-0.5311911702156067,-0.46977895498275757,0.13221092522144318,0.0630657896399498,0.0291582141071558,0.9989632964134216,,,
,,,,,,,65000.0,35000.0,90.0
299.594,3.434575319290161,-0.06921466439962387,0.02928069233894348,0.06362833082675934,0.031394220888614655,0.9900607466697693,,,
,,,,,,,65000.0,35000.0,90.0
299.604,1.8805350065231323,0.41111990809440613,-0.004525322467088699,0.06746099889278412,0.032575756311416626,0.996405839920044,,,
,,,,,,,65000.0,35000.0,90.0
299.614,2.1380302906036377,-0.31755030155181885,-0.19440129399299622,0.06575293093919754,0.03530571609735489,1.0121817588806152,,,
,,,,,,,65000.0,35000.0,90.0
299.624,-1.618749976158142,-0.2636701464653015,-0.4101583659648895,0.06556277722120285,0.032242629677057266,1.0034053325653076,,,
,,,,,,,65000.0,35000.0,90.0
299.634,-2.7555043697357178,0.023127859458327293,0.05455971509218216,0.06513248383998871,0.03655209019780159,1.005469799041748,,,
,,,,,,,65000.0,35000.0,90.0
299.644,-0.3955720365047455,-0.42554187774658203,-0.004811020102351904,0.06674892455339432,0.03310035541653633,0.9983992576599121,,,
,,,,,,,65000.0,35000.0,90.0
299.654,-0.9420152306556702,0.1730634719133377,-0.05461779609322548,0.0663309246301651,0.03199939429759979,0.9996587634086609,,,
,,,,,,,65000.0,35000.0,90.0
299.664,2.072793483734131,-0.16705189645290375,-0.03349054977297783,0.06296192109584808,0.034213587641716,1.0048208236694336,,,
,,,,,,,65000.0,35000.0,90.0
299.674,0.8504055142402649,0.07908809185028076,-0.14721053838729858,0.06497038900852203,0.03338591754436493,1.000572919845581,,,
,,,,,,,65000.0,35000.0,90.0
299.684,1.2351782321929932,-0.17469704151153564,-0.12718668580055237,0.06595846265554428,0.03327159583568573,0.9994511604309082,,,
,,,,,,,65000.0,35000.0,90.0
299.694,-1.7575092315673828,0.06401177495718002,-0.21189646422863007,0.0650959461927414,0.038007479161024094,1.0037567615509033,,,
,,,,,,,65000.0,36000.0,90.0
299.704,-1.0346177816390991,-0.23922443389892578,0.09661836177110672,0.06505674868822098,0.034070443361997604,1.0036345720291138,,,
,,,,,,,65000.0,36000.0,90.0
299.714,-0.800766110420227,0.1846035122871399,-0.2501537501811981,0.06495941430330276,0.029651179909706116,1.0024394989013672,,,
,,,,,,,65000.0,36000.0,90.0
299.724,0.7227855920791626,-0.07314900308847427,-0.12573586404323578,0.06607165187597275,0.03196185827255249,1.0051004886627197,,,
,,,,,,,65000.0,36000.0,90.0
299.734,0.8480486273765564,-0.029355358332395554,0.14286890625953674,0.06622371822595596,0.031760700047016144,1.000443696975708,,,
,,,,,,,65000.0,36000.0,90.0
299.744,0.22336700558662415,-0.005725423339754343,-0.1387421041727066,0.06304620951414108,0.0303349606692791,0.9986761808395386,,,
,,,,,,,65000.0,36000.0,90.0
299.754,-0.37795865535736084,-0.11871876567602158,0.09275051206350327,0.06573771685361862,0.035473670810461044,1.0082918405532837,,,
,,,,,,,65000.0,36000.0,90.0
299.764,1.4831159114837646,0.10398732125759125,0.26327237486839294,0.06399911642074585,0.027841802686452866,1.0034306049346924,,,
,,,,,,,65000.0,36000.0,90.0
299.774,-2.297045946121216,-0.12773597240447998,-0.6370948553085327,0.06243576109409332,0.0366106815636158,1.0007990598678589,,,
,,,,,,,65000.0,36000.0,90.0
299.784,0.04967975988984108,-0.4024791121482849,0.15952089428901672,0.06407368928194046,0.03260255232453346,1.0062068700790405,,,
,,,,,,,65000.0,36000.0,90.0
299.794,-0.3128589391708374,0.15394645929336548,0.2545582354068756,0.06600385159254074,0.028677159920334816,0.9991564750671387,,,
,,,,,,,65000.0,36000.0,90.0
299.804,0.21764370799064636,-0.06885065138339996,-0.06594210863113403,0.06308386474847794,0.03771984577178955,1.0053558349609375,,,
,,,,,,,65000.0,36000.0,90.0
299.814,1.6644806861877441,-0.34875720739364624,0.09857144951820374,0.06420444697141647,0.03561708331108093,1.00074303150177,,,
,,,,,,,65000.0,36000.0,90.0
299.824,-1.2764371633529663,0.08972214162349701,-0.2884443402290344,0.06456506997346878,0.033738844096660614,1.0007346868515015,,,
,,,,,,,65000.0,36000.0,90.0
299.834,1.1533957719802856,-0.020277798175811768,0.19528795778751373,0.06589846312999725,0.03377968445420265,1.0047612190246582,,,
,,,,,,,65000.0,36000.0,90.0
299.844,-2.165355920791626,-0.09847278147935867,-0.2508001923561096,0.06797558069229126,0.0333312563598156,1.0018761157989502,,,
,,,,,,,65000.0,36000.0,90.0
299.854,0.6602153778076172,-0.21668627858161926,-0.12605397403240204,0.06437482684850693,0.02873411402106285,1.0032142400741577,,,
,,,,,,,65000.0,36000.0,90.0
299.864,-0.5452112555503845,0.08647888153791428,-0.13151095807552338,0.06845778226852417,0.031717874109745026,1.0021191835403442,,,
,,,,,,,65000.0,39000.0,90.0
299.874,1.1267189979553223,-0.022282609716057777,0.02557411417365074,0.06774746626615524,0.03348058834671974,1.003067135810852,,,
,,,,,,,65000.0,39000.0,90.0
299.884,-0.3332451581954956,0.088863804936409,-0.1576690524816513,0.06415099650621414,0.034333039075136185,1.0027412176132202,,,
,,,,,,,65000.0,39000.0,90.0
299.894,0.2676182687282562,0.15370307862758636,0.036778755486011505,0.06385530531406403,0.03298849239945412,1.000980257987976,,,
,,,,,,,65000.0,39000.0,90.0
299.904,-5.578019142150879,0.019685428589582443,-0.0696517825126648,0.06853608042001724,0.03878077492117882,1.004058837890625,,,
,,,,,,,65000.0,39000.0,90.0
299.914,0.3334885835647583,-0.8485679626464844,0.11807704716920853,0.06542942672967911,0.02649426832795143,1.021873116493225,,,
,,,,,,,65000.0,39000.0,90.0
299.924,13.87881088256836,-1.0089226961135864,0.18949298560619354,0.069171242415905,0.005742651876062155,0.9798048734664917,,,
,,,,,,,65000.0,39000.0,90.0
299.934,-6.614377975463867,1.56618070602417,-0.8866083025932312,0.06531708687543869,0.06576325744390488,0.9880064129829407,,,
,,,,,,,65000.0,39000.0,90.0
299.944,1.0132454633712769,-0.8731964826583862,1.249011516571045,0.06012013927102089,0.04968932643532753,1.0235588550567627,,,
,,,,,,,65000.0,39000.0,90.0
299.954,-3.9420101642608643,0.6612808704376221,-0.5430495738983154,0.06495159864425659,0.0028213898185640574,1.0021693706512451,,,
,,,,,,,65000.0,40000.0,90.0
299.964,-4.715497970581055,-0.0021664858795702457,-0.3563295006752014,0.06298190355300903,0.036766622215509415,1.024661898612976,,,
,,,,,,,65000.0,40000.0,90.0
299.974,4.7850470542907715,-1.6218327283859253,0.7902340292930603,0.06688478589057922,0.039701011031866074,0.9959967732429504,,,
,,,,,,,65000.0,40000.0,90.0
299.984,-4.143548011779785,1.4815553426742554,-0.6132833957672119,0.06903187185525894,0.030089013278484344,0.9743450284004211,,,
,,,,,,,65000.0,40000.0,90.0
299.994,5.714676380157471,-0.5809478759765625,0.5487697720527649,0.06116905435919762,0.04338492453098297,1.0112197399139404,,,
,,,,,,,65000.0,40000.0,90.0
300.004,3.0289242267608643,-0.3943924307823181,-0.32255515456199646,0.06429947912693024,0.02629043720662594,1.0088307857513428,,,
,,,,,,,65000.0,40000.0,90.0
300.014,-1.0688509941101074,0.748455286026001,-0.5067151188850403,0.06417989730834961,0.030771486461162567,1.0007922649383545,,,
,,,,,,,65000.0,40000.0,90.0
300.024,-2.915545701980591,0.0773872509598732,0.23443058133125305,0.06337662041187286,0.04615245386958122,1.0078721046447754,,,
,,,,,,,65000.0,40000.0,90.0
300.034,-2.4818265438079834,0.08607552945613861,0.27990418672561646,0.06708080321550369,0.023942386731505394,0.997688353061676,,,
,,,,,,,65000.0,41000.0,90.0
300.044,-1.1272832155227661,0.27225565910339355,-0.019698727875947952,0.06465338170528412,0.02967573143541813,1.0032511949539185,,,
,,,,,,,65000.0,41000.0,90.0
300.054,0.8519647717475891,-0.6436265110969543,-0.04569830000400543,0.06282544881105423,0.038926783949136734,1.006790280342102,,,
,,,,,,,65000.0,41000.0,90.0
300.064,1.9460225105285645,-0.23874174058437347,-0.09681671857833862,0.06605235487222672,0.031109115108847618,0.9932618141174316,,,
,,,,,,,65000.0,41000.0,90.0
300.074,0.6305272579193115,-0.28958845138549805,-0.3334786295890808,0.06175507605075836,0.037526875734329224,1.0099380016326904,,,
,,,,,,,65000.0,41000.0,90.0
300.084,5.204307556152344,-0.7843614220619202,-0.3951528072357178,0.06415637582540512,0.029773306101560593,0.9987717270851135,,,
,,,,,,,65000.0,41000.0,90.0
300.094,-5.520269393920898,0.9104858040809631,-0.7002949118614197,0.06558513641357422,0.04458925127983093,0.9920650720596313,,,
,,,,,,,65000.0,41000.0,90.0
300.104,-1.6243197917938232,-0.29878154397010803,0.8260620832443237,0.06300023943185806,0.037073660641908646,1.016677975654602,,,
,,,,,,,65000.0,41000.0,90.0
300.114,0.8300952911376953,-0.06186457723379135,-0.030299214646220207,0.06737419217824936,0.014863358810544014,1.0006290674209595,,,
,,,,,,,65000.0,41000.0,90.0
300.124,-3.052700996398926,-0.28324079513549805,-0.4388922452926636,0.0631956085562706,0.03910429775714874,1.0064290761947632,,,
,,,,,,,65000.0,41000.0,90.0
300.134,3.664306163787842,-0.7827342748641968,0.46071624755859375,0.06398450583219528,0.039354097098112106,1.0004816055297852,,,
,,,,,,,65000.0,41000.0,90.0
300.144,0.25650742650032043,0.7840840220451355,-0.5321766138076782,0.06709799915552139,0.026373200118541718,0.9890207648277283,,,
,,,,,,,65000.0,41000.0,90.0
300.154,1.7015842199325562,-0.22992663085460663,0.25449463725090027,0.06375325471162796,0.03784065321087837,1.010705590248108,,,
,,,,,,,65000.0,41000.0,90.0
300.164,-1.8159109354019165,-0.04233221709728241,0.00981973484158516,0.06362713128328323,0.03737974539399147,1.0070956945419312,,,
,,,,,,,65000.0,41000.0,90.0
300.174,-2.1192595958709717,0.07298550754785538,-0.1718454211950302,0.06714494526386261,0.028868624940514565,1.0008742809295654,,,
,,,,,,,65000.0,41000.0,90.0
300.184,0.12999428808689117,-0.20653663575649261,-0.16947130858898163,0.06581319868564606,0.03531356900930405,1.0011820793151855,,,
,,,,,,,65000.0,41000.0,90.0
300.194,-0.7091224193572998,0.3308241367340088,0.08891554921865463,0.0671452060341835,0.03573642671108246,1.0018137693405151,,,
,,,,,,,65000.0,41000.0,90.0
300.204,1.963817834854126,0.1519787460565567,0.21272560954093933,0.06359201669692993,0.026417234912514687,1.0029666423797607,,,
,,,,,,,65000.0,41000.0,90.0
300.214,0.5414844155311584,0.035130731761455536,-0.15992037951946259,0.06401575356721878,0.031089626252651215,1.001717448234558,,,
,,,,,,,65000.0,41000.0,90.0
300.224,0.4309832751750946,-0.23052673041820526,-0.039919011294841766,0.06415604054927826,0.036206312477588654,1.0016710758209229,,,
,,,,,,,65000.0,41000.0,90.0
300.234,-1.4599614143371582,0.30386248230934143,-0.08874015510082245,0.06661319732666016,0.03385051712393761,0.9981392025947571,,,
,,,,,,,65000.0,41000.0,90.0
300.244,-1.104918122291565,-0.08860146999359131,-0.19187003374099731,0.06558246910572052,0.03332490846514702,1.005713939666748,,,
,,,,,,,65000.0,41000.0,90.0
300.254,0.39257463812828064,-0.05151805281639099,-0.04406752809882164,0.06529217958450317,0.03221406787633896,1.0052889585494995,,,
,,,,,,,65000.0,41000.0,90.0
300.264,-0.005332540720701218,0.10966846346855164,-0.25933289527893066,0.06429171562194824,0.033338822424411774,1.0043073892593384,,,
,,,,,,,65000.0,41000.0,90.0
300.274,1.4074962139129639,-0.2985796332359314,-0.12970328330993652,0.06387633830308914,0.033077724277973175,1.0055633783340454,,,
,,,,,,,65000.0,41000.0,90.0
300.284,0.32779625058174133,-0.16390259563922882,-0.2870706021785736,0.06460012495517731,0.03234206512570381,1.002501130104065,,,
,,,,,,,65000.0,41000.0,90.0
300.294,-0.6208336353302002,0.06718040257692337,-0.012694831937551498,0.064763143658638,0.03879856318235397,1.0051393508911133,,,
,,,,,,,65000.0,41000.0,90.0
300.304,-0.6376712322235107,0.01932755671441555,-0.11966598778963089,0.06489279866218567,0.033354081213474274,1.0022042989730835,,,
,,,,,,,65000.0,41000.0,90.0
300.314,-0.8974019289016724,-0.1466084122657776,-0.24473804235458374,0.06630752235651016,0.033356353640556335,1.0026293992996216,,,
,,,,,,,65000.0,41000.0,90.0
300.324,-0.0904272124171257,-0.15002308785915375,-0.08547081053256989,0.0651719719171524,0.03341434523463249,1.0051968097686768,,,
,,,,,,,65000.0,41000.0,90.0
300.334,1.147104263305664,-0.05357391759753227,-0.08959368616342545,0.061928268522024155,0.030166490003466606,1.0026931762695312,,,
,,,,,,,65000.0,41000.0,90.0
300.344,0.016190610826015472,-0.46725109219551086,-0.07001230120658875,0.0628204345703125,0.03386839106678963,1.0056146383285522,,,
,,,,,,,65000.0,41000.0,90.0
300.354,0.1646738201379776,0.0029378265608102083,0.10098172724246979,0.06549285352230072,0.03249063342809677,1.003551959991455,,,
,,,,,,,65000.0,41000.0,90.0
300.364,-0.5703420639038086,-0.11639661341905594,0.21814662218093872,0.06579630821943283,0.0335238091647625,1.0003435611724854,,,
,,,,,,,65000.0,41000.0,90.0
300.374,-0.7775796055793762,0.10721979290246964,-0.2694549858570099,0.06258652359247208,0.0342416986823082,1.0053489208221436,,,
,,,,,,,65000.0,40000.0,90.0
300.384,-0.04843216761946678,-0.2318359613418579,0.09870792925357819,0.06248437613248825,0.028661545366048813,1.004812479019165,,,
,,,,,,,65000.0,40000.0,90.0
300.394,0.26472997665405273,0.09478823840618134,-0.20602650940418243,0.06542464345693588,0.03303873538970947,1.0001988410949707,,,
,,,,,,,65000.0,40000.0,90.0
300.404,0.31554263830184937,-0.4510529935359955,0.08814714848995209,0.0677047073841095,0.03663477674126625,1.0030585527420044,,,
,,,,,,,65000.0,40000.0,90.0
300.414,-0.4525497257709503,-0.5108882188796997,0.05158030614256859,0.0675845742225647,0.03221263363957405,1.0032017230987549,,,
,,,,,,,65000.0,40000.0,90.0
300.424,-0.5848833918571472,-0.23266708850860596,0.17505915462970734,0.0664510726928711,0.03185495734214783,1.0022610425949097,,,
,,,,,,,65000.0,40000.0,90.0
300.434,0.6584365367889404,0.1683436632156372,0.01437858771532774,0.06415783613920212,0.0351029708981514,0.9964104890823364,,,
,,,,,,,65000.0,40000.0,90.0
300.444,-6.456613540649414,0.593963086605072,-0.27152806520462036,0.0619795061647892,0.04406052455306053,1.0046284198760986,,,
,,,,,,,65000.0,40000.0,90.0
300.454,2.2040956020355225,-1.0486233234405518,0.014600183814764023,0.06277219206094742,0.019476156681776047,1.0120733976364136,,,
,,,,,,,65000.0,37000.0,90.0
300.464,3.4961299896240234,-0.07342186570167542,-0.3297998309135437,0.06430470943450928,0.021429847925901413,0.9919281601905823,,,
,,,,,,,65000.0,37000.0,90.0
300.474,-2.008204936981201,-0.21299780905246735,0.030490059405565262,0.06162271276116371,0.055726975202560425,1.0068386793136597,,,
,,,,,,,65000.0,37000.0,90.0
300.484,7.522896766662598,-1.1221507787704468,0.3136368691921234,0.0634993389248848,0.025902602821588516,1.0002540349960327,,,
,,,,,,,65000.0,37000.0,90.0
300.494,-0.8213419914245605,1.9972728490829468,-0.8979642987251282,0.07323744148015976,0.030187107622623444,0.9709479808807373,,,
,,,,,,,65000.0,37000.0,90.0
300.504,-15.82393741607666,0.9009859561920166,0.702126681804657,0.05608033761382103,0.07859525829553604,1.0345823764801025,,,
,,,,,,,65000.0,37000.0,90.0
300.514,5.9165425300598145,-2.137584924697876,1.6868090629577637,0.06127175688743591,-0.00340729090385139,1.0308165550231934,,,
,,,,,,,65000.0,37000.0,90.0
300.524,-1.114902377128601,0.5073301196098328,-1.6137826442718506,0.0692480280995369,0.0021981224417686462,0.9796440601348877,,,
,,,,,,,65000.0,37000.0,90.0
300.534,3.322826385498047,-0.7688632011413574,-0.37050679326057434,0.060507096350193024,0.07318264991044998,1.0039863586425781,,,
,,,,,,,65000.0,37000.0,90.0
300.544,7.7458176612854,-0.2540278136730194,0.8809736371040344,0.07123628258705139,0.03530343994498253,0.977649986743927,,,
,,,,,,,65000.0,35000.0,90.0
300.554,-5.32575798034668,1.9390431642532349,-0.9779097437858582,0.06592574715614319,0.018938705325126648,1.001265048980713,,,
,,,,,,,65000.0,35000.0,90.0
300.564,3.0571324825286865,-1.4527524709701538,0.9483522772789001,0.05715413764119148,0.042190030217170715,1.034657597541809,,,
,,,,,,,65000.0,35000.0,90.0
300.574,-9.1648530960083,0.16151197254657745,-0.0734424740076065,0.062042076140642166,0.03641225025057793,1.0084216594696045,,,
,,,,,,,65000.0,35000.0,90.0
300.584,5.091073513031006,-0.5549831986427307,-0.029274361208081245,0.06326842308044434,0.0168352909386158,0.996819257736206,,,
,,,,,,,65000.0,35000.0,90.0
300.594,-0.5876110792160034,1.0766745805740356,-0.5925498008728027,0.06635305285453796,0.04594535753130913,0.9763635396957397,,,
,,,,,,,65000.0,35000.0,90.0
300.604,-6.1782732009887695,0.4454781115055084,0.27505964040756226,0.06352327018976212,0.05357053130865097,1.013758897781372,,,
,,,,,,,65000.0,35000.0,90.0
300.614,9.990354537963867,-1.2254421710968018,0.46154072880744934,0.06367702037096024,0.0013417041627690196,1.0069327354431152,,,
,,,,,,,65000.0,35000.0,90.0
300.624,-3.5226027965545654,0.36484426259994507,-1.0451123714447021,0.06355364620685577,0.028311215341091156,1.0012309551239014,,,
,,,,,,,65000.0,35000.0,90.0
300.634,4.068647861480713,-1.0726741552352905,0.9809872508049011,0.06322140246629715,0.05440052971243858,1.007856011390686,,,
,,,,,,,65000.0,35000.0,90.0
300.644,-5.323901176452637,1.0991222858428955,-0.4069245755672455,0.06684445589780807,0.029004722833633423,0.9841023087501526,,,
,,,,,,,65000.0,35000.0,90.0
300.654,0.6219871044158936,-0.08482514321804047,-0.28945764899253845,0.06355632096529007,0.02737131342291832,1.0040885210037231,,,
,,,,,,,65000.0,35000.0,90.0
300.664,-1.2931803464889526,-0.3062644898891449,0.3676617741584778,0.06205100566148758,0.039261896163225174,1.0136946439743042,,,
,,,,,,,65000.0,35000.0,90.0
300.674,0.5080878138542175,-0.2761201560497284,-0.06691708415746689,0.06417693197727203,0.023640993982553482,1.0049279928207397,,,
,,,,,,,65000.0,35000.0,90.0
300.684,2.657447099685669,-0.23282425105571747,-0.2051379233598709,0.06466179341077805,0.030934125185012817,0.997281551361084,,,
,,,,,,,65000.0,35000.0,90.0
300.694,-0.4673251807689667,0.22224585711956024,0.02086673490703106,0.0653604045510292,0.04307912290096283,0.9988316893577576,,,
,,,,,,,65000.0,35000.0,90.0
300.704,-0.06628388911485672,-0.1476220190525055,-0.07675778865814209,0.06431673467159271,0.03322398662567139,1.00418221950531,,,
,,,,,,,65000.0,35000.0,90.0
300.714,-1.3970794677734375,0.24827410280704498,-0.15827201306819916,0.06325196474790573,0.0301497969776392,1.0052669048309326,,,
,,,,,,,65000.0,32767.0,90.0
300.724,-1.2267907857894897,-0.17293938994407654,-0.03641446679830551,0.06336646527051926,0.03689471259713173,1.007873296737671,,,
,,,,,,,65000.0,32767.0,90.0
300.734,0.6156360507011414,-0.2763499617576599,-0.09610328823328018,0.0662693902850151,0.03135142847895622,0.9999911785125732,,,
,,,,,,,65000.0,32767.0,90.0
300.744,3.6066975593566895,-0.37551844120025635,-0.04588760435581207,0.06445493549108505,0.028691869229078293,1.0013225078582764,,,
,,,,,,,65000.0,32767.0,90.0
300.754,2.796159029006958,-0.1426261067390442,-0.2708902359008789,0.0695505440235138,0.03632810339331627,0.995480477809906,,,
,,,,,,,65000.0,32767.0,90.0
300.764,-9.5113525390625,0.6742799282073975,0.14322015643119812,0.06577988713979721,0.04995867609977722,1.009891152381897,,,
,,,,,,,65000.0,32767.0,90.0
300.774,0.18345700204372406,-0.5388110280036926,0.8801102638244629,0.06072131544351578,0.02149076946079731,1.0175411701202393,,,
,,,,,,,65000.0,32767.0,90.0
300.784,0.9209085702896118,-0.5364691615104675,-0.4989488124847412,0.06417266279459,0.01602788083255291,0.9982052445411682,,,
,,,,,,,65000.0,32767.0,90.0
300.794,3.3074235916137695,-0.566910982131958,0.18745586276054382,0.06429014354944229,0.0437781885266304,0.996800422668457,,,
,,,,,,,65000.0,35000.0,90.0
300.804,1.3969299793243408,-0.12686479091644287,0.03380554914474487,0.06565560400485992,0.04330820217728615,0.9947894811630249,,,
,,,,,,,65000.0,35000.0,90.0
300.814,-0.006286079529672861,0.24153845012187958,-0.5674992799758911,0.06550335139036179,0.029068000614643097,0.9996406435966492,,,
,,,,,,,65000.0,35000.0,90.0
300.824,-2.1668272018432617,-0.39523547887802124,-0.039994001388549805,0.06683915853500366,0.037746861577034,1.01308274269104,,,
,,,,,,,65000.0,35000.0,90.0
300.834,-2.5455098152160645,0.34848272800445557,0.30846428871154785,0.06861311942338943,0.03268705680966377,1.0062108039855957,,,
,,,,,,,65000.0,35000.0,90.0
300.844,-2.950932502746582,-0.46680063009262085,-0.32767921686172485,0.0640401542186737,0.02835068106651306,1.0172638893127441,,,
,,,,,,,65000.0,35000.0,90.0
300.854,11.922473907470703,-0.9660596251487732,-0.16050055623054504,0.0709913969039917,0.01317401323467493,0.9881474375724792,,,
,,,,,,,65000.0,35000.0,90.0
300.864,-5.299369812011719,1.5650190114974976,-1.0796083211898804,0.0654270127415657,0.0574263371527195,0.9868358969688416,,,
,,,,,,,65000.0,35000.0,90.0
300.874,3.542445421218872,-0.49719715118408203,0.7673696279525757,0.0620199479162693,0.04161890968680382,1.0136528015136719,,,
,,,,,,,65000.0,35000.0,90.0
300.884,-4.003520488739014,0.6567863821983337,-0.3253119885921478,0.06384257227182388,0.016869259998202324,1.0054240226745605,,,
,,,,,,,65000.0,36000.0,90.0
300.894,-1.677225947380066,-0.009425144642591476,-0.0832279771566391,0.062796451151371,0.03051905706524849,1.0205742120742798,,,
,,,,,,,65000.0,36000.0,90.0
300.904,0.193679541349411,-0.7531827092170715,0.29076799750328064,0.06695618480443954,0.038968026638031006,0.9993203282356262,,,
,,,,,,,65000.0,36000.0,90.0
300.914,-1.6804426908493042,0.4764437973499298,-0.7069241404533386,0.06727389246225357,0.03068242408335209,0.9899270534515381,,,
,,,,,,,65000.0,36000.0,90.0
300.924,4.7533440589904785,0.0602513812482357,0.1637694090604782,0.06529419869184494,0.03410427272319794,1.0040361881256104,,,
,,,,,,,65000.0,36000.0,90.0
300.934,-2.0504977703094482,0.25130558013916016,-0.49963927268981934,0.06346698850393295,0.03452813997864723,1.0142000913619995,,,
,,,,,,,65000.0,36000.0,90.0
300.944,6.180505275726318,-1.1245839595794678,-0.04145858436822891,0.0644252747297287,0.02077646739780903,1.0059421062469482,,,
,,,,,,,65000.0,36000.0,90.0
300.954,-5.6545329093933105,0.6728382706642151,-0.5848621129989624,0.06369621306657791,0.0428609661757946,0.9962587356567383,,,
,,,,,,,65000.0,36000.0,90.0
300.964,0.4523114264011383,-0.44135382771492004,0.48715585470199585,0.06545905768871307,0.03843846172094345,1.0066676139831543,,,
,,,,,,,65000.0,37000.0,90.0
300.974,-2.013733386993408,0.29986727237701416,-0.32979097962379456,0.0681217759847641,0.0231278408318758,1.0019241571426392,,,
,,,,,,,65000.0,37000.0,90.0
300.984,0.1947868913412094,-0.38295885920524597,-0.3916289210319519,0.06552157551050186,0.03382067754864693,1.0125495195388794,,,
,,,,,,,65000.0,37000.0,90.0
300.994,1.3859301805496216,-0.561362087726593,0.3373543322086334,0.06348130106925964,0.03776445612311363,1.0021748542785645,,,
,,,,,,,65000.0,37000.0,90.0
301.004,-0.578839898109436,0.2400675117969513,-0.08326958119869232,0.06570267677307129,0.03088812157511711,0.9964459538459778,,,
,,,,,,,65000.0,37000.0,90.0
301.014,2.045003890991211,-0.25831830501556396,-0.0071199689991772175,0.065372534096241,0.03558199480175972,1.0067431926727295,,,
,,,,,,,65000.0,37000.0,90.0
301.024,0.2830265462398529,-0.11650039255619049,-0.3709099292755127,0.06510080397129059,0.03428320214152336,0.9988245368003845,,,
,,,,,,,65000.0,37000.0,90.0
301.034,-1.7621623277664185,-0.3733520209789276,-0.2611280083656311,0.0667598769068718,0.0374077744781971,1.0051383972167969,,,
,,,,,,,65000.0,37000.0,90.0
301.044,0.037107598036527634,-0.03479785844683647,0.19273383915424347,0.06549254059791565,0.03275333344936371,1.0031046867370605,,,
,,,,,,,65000.0,37000.0,90.0
301.054,-1.77865469455719,0.038688067346811295,-0.04801809787750244,0.06382269412279129,0.03197066858410835,1.0005093812942505,,,
,,,,,,,65000.0,38000.0,90.0
301.064,1.2020524740219116,-0.3626323342323303,-0.08843708038330078,0.06424672156572342,0.0321209654211998,1.005397081375122,,,
,,,,,,,65000.0,38000.0,90.0
301.074,0.6136806011199951,-0.0800623670220375,-0.267703652381897,0.06489433348178864,0.029655680060386658,0.9995909333229065,,,
,,,,,,,65000.0,38000.0,90.0
301.084,-1.0968647003173828,0.02955649048089981,-0.04334447532892227,0.06395348161458969,0.035466790199279785,1.003328561782837,,,
,,,,,,,65000.0,38000.0,90.0
301.094,0.49212902784347534,-0.8911253213882446,-0.07960845530033112,0.06269722431898117,0.03328732028603554,1.0104995965957642,,,
,,,,,,,65000.0,38000.0,90.0
301.104,3.250392436981201,-0.2887648940086365,-0.00040940631879493594,0.06712521612644196,0.023121587932109833,0.9958677887916565,,,
,,,,,,,65000.0,38000.0,90.0
301.114,-3.592226266860962,0.3647332191467285,-0.3630709946155548,0.06484262645244598,0.048024579882621765,1.0059287548065186,,,
,,,,,,,65000.0,38000.0,90.0
301.124,0.6848644018173218,-0.6041210889816284,0.18555848300457,0.06431138515472412,0.03385663777589798,1.007681131362915,,,
,,,,,,,65000.0,38000.0,90.0
301.134,-1.8547065258026123,0.2942318916320801,-0.15202724933624268,0.06724734604358673,0.025646116584539413,0.9984154105186462,,,
,,,,,,,65000.0,38000.0,90.0
301.144,0.7591828107833862,-0.33813101053237915,0.16593635082244873,0.06363590806722641,0.03831176832318306,1.0067570209503174,,,
,,,,,,,65000.0,39000.0,90.0
301.154,1.1088811159133911,-0.05968723073601723,0.07423645257949829,0.06594069302082062,0.03171610087156296,0.9976797103881836,,,
,,,,,,,65000.0,39000.0,90.0
301.164,-2.316149950027466,-0.019868236035108566,0.012261458672583103,0.06382762640714645,0.03337593376636505,0.9974726438522339,,,
,,,,,,,65000.0,39000.0,90.0
301.174,1.6167747974395752,-0.8967347741127014,0.33763036131858826,0.06266088038682938,0.03435918316245079,1.013522744178772,,,
,,,,,,,65000.0,39000.0,90.0
301.184,2.136564016342163,0.03260304033756256,-0.10569920390844345,0.06565705686807632,0.021883828565478325,0.9975535869598389,,,
,,,,,,,65000.0,39000.0,90.0
301.194,-1.465119481086731,0.42946162819862366,-0.36989128589630127,0.06565254181623459,0.04022732377052307,1.001536250114441,,,
,,,,,,,65000.0,39000.0,90.0
301.204,-0.5543801188468933,-0.24289540946483612,0.020924866199493408,0.06360390037298203,0.03629705682396889,1.005651593208313,,,
,,,,,,,65000.0,39000.0,90.0
301.214,-1.1699167490005493,0.32348278164863586,-0.2044394165277481,0.06545447558164597,0.022699717432260513,0.9970256090164185,,,
,,,,,,,65000.0,39000.0,90.0
301.224,-0.4271918833255768,-0.2184380292892456,-0.07554495334625244,0.06357268989086151,0.03326831012964249,1.0089852809906006,,,
,,,,,,,65000.0,39000.0,90.0
301.234,1.645188808441162,-0.5790818929672241,0.0036009522154927254,0.06563176214694977,0.030484380200505257,1.0017764568328857,,,
,,,,,,,65000.0,39000.0,90.0
301.244,-0.5969026684761047,0.1395404040813446,-0.4948437511920929,0.06606928259134293,0.03291190415620804,1.001600980758667,,,
,,,,,,,65000.0,39000.0,90.0
301.254,2.164076089859009,-0.14768199622631073,0.34615445137023926,0.06448008865118027,0.03729938715696335,1.0032402276992798,,,
,,,,,,,65000.0,39000.0,90.0
301.264,-2.3729615211486816,0.04699305444955826,-0.16867612302303314,0.0668739303946495,0.03599890321493149,1.0020908117294312,,,
,,,,,,,65000.0,39000.0,90.0
301.274,0.2381821572780609,-0.5247809886932373,0.025871701538562775,0.06642578542232513,0.03371857851743698,1.0048420429229736,,,
,,,,,,,65000.0,39000.0,90.0
301.284,-1.0522878170013428,0.049881286919116974,-0.16173788905143738,0.06736534833908081,0.031619928777217865,0.9999656677246094,,,
,,,,,,,65000.0,39000.0,90.0
301.294,0.02856483682990074,0.016776567324995995,-0.2112588733434677,0.06450469046831131,0.03437173739075661,1.0037990808486938,,,
,,,,,,,65000.0,39000.0,90.0
301.304,1.1246211528778076,0.018717505037784576,0.09890537708997726,0.06359566748142242,0.0307052843272686,1.0004092454910278,,,
,,,,,,,65000.0,39000.0,90.0
301.314,-0.016401449218392372,-0.35795289278030396,-0.24996475875377655,0.06373719125986099,0.03311911225318909,1.0045928955078125,,,
,,,,,,,65000.0,37000.0,90.0
301.324,0.7168179154396057,-0.5288539528846741,-0.045038461685180664,0.06285279989242554,0.03312637284398079,1.0054954290390015,,,
,,,,,,,65000.0,37000.0,90.0
301.334,-1.5235754251480103,0.1540452241897583,-0.03522713482379913,0.0653746947646141,0.030352970585227013,1.0009833574295044,,,
,,,,,,,65000.0,37000.0,90.0
301.344,0.707389771938324,0.23476861417293549,-0.06794881820678711,0.06353020668029785,0.03170061111450195,1.0045645236968994,,,
,,,,,,,65000.0,37000.0,90.0
301.354,0.776798665523529,-0.36973217129707336,-0.01595294289290905,0.06295780837535858,0.031677454710006714,1.0054513216018677,,,
,,,,,,,65000.0,37000.0,90.0
301.364,4.219246864318848,-0.12375205010175705,-0.0777074322104454,0.06881950795650482,0.028895458206534386,0.9855661988258362,,,
,,,,,,,65000.0,37000.0,90.0
301.374,-14.823224067687988,1.1223649978637695,0.02569607086479664,0.06020667403936386,0.06486355513334274,1.014999270439148,,,
,,,,,,,65000.0,37000.0,90.0
301.384,6.926681041717529,-1.797106146812439,0.8364037275314331,0.06391236931085587,0.007753861136734486,1.0213332176208496,,,
,,,,,,,65000.0,37000.0,90.0
301.394,1.9674162864685059,0.5516605973243713,-1.432032585144043,0.06766972690820694,0.008971369825303555,0.9745758771896362,,,
,,,,,,,65000.0,37000.0,90.0
301.404,-1.2604918479919434,-0.002634156495332718,0.009461269713938236,0.06042968109250069,0.0673733577132225,1.0088086128234863,,,
,,,,,,,65000.0,37000.0,90.0
301.414,6.479988098144531,-0.6333936452865601,0.8219714760780334,0.0671064555644989,0.030648114159703255,0.9922845959663391,,,
,,,,,,,65000.0,37000.0,90.0
301.424,-7.745359420776367,1.6271487474441528,-1.2101622819900513,0.06535428017377853,0.019713260233402252,1.002187967300415,,,
,,,,,,,65000.0,37000.0,90.0
301.434,6.074654579162598,-1.3181397914886475,0.6405882239341736,0.06143680959939957,0.041006457060575485,1.0283856391906738,,,
,,,,,,,65000.0,37000.0,90.0
301.444,-8.407803535461426,0.09971873462200165,-0.5343368053436279,0.06500183045864105,0.036651697009801865,0.9988023042678833,,,
,,,,,,,65000.0,37000.0,90.0
301.454,3.8019585609436035,-0.7260840535163879,0.15026140213012695,0.0641075000166893,0.02471589297056198,0.9971969723701477,,,
,,,,,,,65000.0,37000.0,90.0
301.464,-0.37031975388526917,0.4291399121284485,-0.08823313564062119,0.0657833069562912,0.04025682061910629,0.9901436567306519,,,
,,,,,,,65000.0,37000.0,90.0
301.474,1.175981879234314,-0.09469174593687057,0.21456854045391083,0.06332129240036011,0.03667651116847992,1.0080727338790894,,,
,,,,,,,65000.0,37000.0,90.0
301.484,2.496469259262085,-0.37967434525489807,-0.06809797137975693,0.06421441584825516,0.025591803714632988,1.009088397026062,,,
,,,,,,,65000.0,36000.0,90.0
301.494,-2.8382408618927,-0.1620510071516037,-0.29538217186927795,0.06589356809854507,0.03623659908771515,1.0043013095855713,,,
,,,,,,,65000.0,36000.0,90.0
301.504,0.330438494682312,-0.20153194665908813,0.14946302771568298,0.06659464538097382,0.038303911685943604,1.0007182359695435,,,
,,,,,,,65000.0,36000.0,90.0
301.514,-1.5921305418014526,0.41377243399620056,-0.20534323155879974,0.06462004035711288,0.0288864653557539,0.9966537356376648,,,
,,,,,,,65000.0,36000.0,90.0
301.524,1.4915342330932617,-0.6433147192001343,-0.1313764899969101,0.06541077792644501,0.031581588089466095,1.0103188753128052,,,
,,,,,,,65000.0,36000.0,90.0
301.534,1.0544158220291138,-0.24339814484119415,0.010780999436974525,0.0672181099653244,0.032122768461704254,1.0013805627822876,,,
,,,,,,,65000.0,36000.0,90.0
301.544,-3.5144176483154297,0.2886779308319092,-0.25266706943511963,0.06673524528741837,0.03961535543203354,1.0054196119308472,,,
,,,,,,,65000.0,36000.0,90.0
301.554,3.1125593185424805,-0.6698334813117981,0.2192070186138153,0.06513825058937073,0.026933850720524788,1.001845121383667,,,
,,,,,,,65000.0,36000.0,90.0
301.564,-1.6182169914245605,0.06854689121246338,-0.24186111986637115,0.06523314118385315,0.03562529385089874,0.9990756511688232,,,
,,,,,,,65000.0,35000.0,90.0
301.574,0.7488276362419128,-0.47174713015556335,0.06896883249282837,0.06595981866121292,0.03885084390640259,1.0068484544754028,,,
,,,,,,,65000.0,35000.0,90.0
301.584,-0.039727043360471725,0.005948362872004509,-0.09780687093734741,0.064875029027462,0.03173661604523659,0.9981521964073181,,,
,,,,,,,65000.0,35000.0,90.0
301.594,-0.5903248190879822,-0.2732013165950775,-0.44898566603660583,0.063638836145401,0.03498075157403946,1.00653076171875,,,
,,,,,,,65000.0,35000.0,90.0
301.604,2.010206699371338,-0.2968991696834564,0.40196964144706726,0.0658227801322937,0.03174515813589096,1.0008251667022705,,,
,,,,,,,65000.0,35000.0,90.0
301.614,-1.9789544343948364,0.642641007900238,-0.09337763488292694,0.06589075922966003,0.0329151414334774,0.9940782785415649,,,
,,,,,,,65000.0,35000.0,90.0
301.624,-3.747410297393799,-0.1512296348810196,-0.19587555527687073,0.06258068233728409,0.04377022758126259,1.0095092058181763,,,
,,,,,,,65000.0,35000.0,90.0
301.634,2.433411121368408,-0.44655776023864746,0.224970743060112,0.06686379015445709,0.02098609320819378,1.0011345148086548,,,
,,,,,,,65000.0,35000.0,90.0
301.644,0.4688946008682251,-0.13237302005290985,-0.3455781936645508,0.06334622949361801,0.030342454090714455,1.002237319946289,,,
,,,,,,,65000.0,35000.0,90.0
301.654,2.1252474784851074,-0.608382523059845,0.17505763471126556,0.061995729804039,0.042107757180929184,1.0053772926330566,,,
,,,,,,,65000.0,35000.0,90.0
301.664,-1.0778241157531738,-0.18965010344982147,-0.12408103793859482,0.06357957422733307,0.03273981064558029,0.995232880115509,,,
,,,,,,,65000.0,35000.0,90.0
301.674,0.1317330151796341,0.16812613606452942,0.0014936663210391998,0.06198393553495407,0.033396828919649124,1.0056300163269043,,,
,,,,,,,65000.0,35000.0,90.0
301.684,-1.1886464357376099,-0.042237404733896255,0.12548306584358215,0.06390217691659927,0.03765897452831268,1.006658911705017,,,
,,,,,,,65000.0,35000.0,90.0
301.694,-1.2031681537628174,0.1304730474948883,-0.38858267664909363,0.06477510184049606,0.030178692191839218,1.0039751529693604,,,
,,,,,,,65000.0,35000.0,90.0
301.704,1.3569618463516235,-0.1827586442232132,-0.18379360437393188,0.06560598313808441,0.032465483993291855,1.0027248859405518,,,
,,,,,,,65000.0,35000.0,90.0
301.714,-0.00853179395198822,-0.35410216450691223,0.21763744950294495,0.06539170444011688,0.034652382135391235,1.0033680200576782,,,
,,,,,,,65000.0,35000.0,90.0
301.724,1.3987313508987427,0.1664322167634964,0.03134680166840553,0.06513992697000504,0.0273851677775383,1.0006060600280762,,,
,,,,,,,65000.0,35000.0,90.0
301.734,-0.77854323387146,-0.09853555262088776,-0.4274198114871979,0.0627145990729332,0.033264078199863434,1.0034388303756714,,,
,,,,,,,65000.0,36000.0,90.0
301.744,-0.6169593334197998,-0.24596908688545227,0.049203649163246155,0.06537958979606628,0.035593628883361816,1.001441240310669,,,
,,,,,,,65000.0,36000.0,90.0
301.754,-0.8209803700447083,-0.10332082211971283,-0.10353617370128632,0.06190554052591324,0.028633370995521545,0.9976592659950256,,,
,,,,,,,65000.0,36000.0,90.0
301.764,0.21810565888881683,-0.1093282401561737,-0.05456693097949028,0.06273884326219559,0.034207332879304886,1.0038148164749146,,,
,,,,,,,65000.0,36000.0,90.0
301.774,0.2006596326828003,-0.19642236828804016,0.1344098299741745,0.06385185569524765,0.03277631849050522,1.0040730237960815,,,
,,,,,,,65000.0,36000.0,90.0
301.784,0.7653619050979614,0.06140238419175148,0.012113487347960472,0.06331191956996918,0.03179347142577171,1.0025107860565186,,,
,,,,,,,65000.0,36000.0,90.0
301.794,0.036638204008340836,0.2545953392982483,-0.04069770500063896,0.06359256058931351,0.03589850664138794,1.0001380443572998,,,
,,,,,,,65000.0,36000.0,90.0
301.804,-0.3611597418785095,-0.23735816776752472,0.14420278370380402,0.06405781209468842,0.03382879123091698,1.0018802881240845,,,
,,,,,,,65000.0,36000.0,90.0
301.814,0.2457139790058136,-0.05593637377023697,-0.21383775770664215,0.06363312900066376,0.02731817215681076,1.0008493661880493,,,
,,,,,,,65000.0,36000.0,90.0
301.824,-1.5372695922851562,-0.08176610618829727,-0.05496842786669731,0.06322770565748215,0.03418955206871033,1.005711317062378,,,
,,,,,,,65000.0,37000.0,90.0
301.834,0.5102526545524597,-0.12516134977340698,-0.09081462025642395,0.06352066993713379,0.030125530436635017,1.0039594173431396,,,
,,,,,,,65000.0,37000.0,90.0
301.844,0.12763169407844543,-0.039029546082019806,-0.3428996801376343,0.06600948423147202,0.030362829566001892,1.0011591911315918,,,
,,,,,,,65000.0,37000.0,90.0
301.854,0.6645916104316711,-0.08424524962902069,-0.06424473971128464,0.06461629271507263,0.03744901344180107,1.0011235475540161,,,
,,,,,,,65000.0,37000.0,90.0
301.864,-1.73423433303833,-0.009298899210989475,-0.11276321113109589,0.06564558297395706,0.03879560902714729,1.002475619316101,,,
,,,,,,,65000.0,37000.0,90.0
301.874,-0.06101880967617035,-0.03594376891851425,-0.25587767362594604,0.06651148200035095,0.027226107195019722,1.0083423852920532,,,
,,,,,,,65000.0,37000.0,90.0
301.884,4.397430896759033,-0.19532442092895508,-0.06016019359230995,0.06833455711603165,0.022703735157847404,0.9986349940299988,,,
,,,,,,,65000.0,37000.0,90.0
301.894,-2.951272487640381,0.07307706028223038,-0.3641175627708435,0.06776296347379684,0.04314013198018074,1.0022135972976685,,,
,,,,,,,65000.0,37000.0,90.0
301.904,0.7501377463340759,-0.23032823204994202,0.4896109104156494,0.06521736085414886,0.034837204962968826,1.0045874118804932,,,
,,,,,,,65000.0,39000.0,90.0
301.914,-2.930662155151367,0.20003992319107056,-0.6382132172584534,0.06556136161088943,0.027410142123699188,1.0023550987243652,,,
,,,,,,,65000.0,39000.0,90.0
301.924,1.2690752744674683,-0.6206375360488892,0.20657256245613098,0.06248929724097252,0.03289720043540001,1.009511947631836,,,
,,,,,,,65000.0,39000.0,90.0
301.934,-0.3439595699310303,-0.04580692574381828,0.10442861169576645,0.06416460871696472,0.031345266848802567,1.0013636350631714,,,
,,,,,,,65000.0,39000.0,90.0
301.944,-0.6691011190414429,0.3260818421840668,-0.41076189279556274,0.06622985750436783,0.03427440673112869,0.999973714351654,,,
,,,,,,,65000.0,39000.0,90.0
301.954,0.18887995183467865,-0.5017343759536743,-0.03572939708828926,0.0631331130862236,0.03336314111948013,1.0132520198822021,,,
,,,,,,,65000.0,39000.0,90.0
301.964,6.808085918426514,-0.9461442828178406,-0.16326504945755005,0.06756439805030823,0.01681697741150856,0.9940745830535889,,,
,,,,,,,65000.0,39000.0,90.0
301.974,-3.990227699279785,0.34248676896095276,-0.375933438539505,0.06484942883253098,0.05139807239174843,0.9972423911094666,,,
,,,,,,,65000.0,39000.0,90.0
301.984,-0.12245342135429382,-0.15985733270645142,0.6633755564689636,0.06348811835050583,0.03931310400366783,1.0129690170288086,,,
,,,,,,,65000.0,39000.0,90.0
301.994,-2.5671756267547607,0.480977326631546,-0.3500218391418457,0.0678151324391365,0.015148847363889217,0.9972466230392456,,,
,,,,,,,65000.0,39000.0,90.0
302.004,-1.6997661590576172,-0.6385486721992493,-0.12662053108215332,0.06451166421175003,0.0348353311419487,1.0115251541137695,,,
,,,,,,,65000.0,39000.0,90.0
302.014,3.220102548599243,-0.6732529401779175,0.06360940635204315,0.0654449537396431,0.03383192792534828,0.9967363476753235,,,
,,,,,,,65000.0,39000.0,90.0
302.024,-1.9431113004684448,0.3640718162059784,-0.6797316670417786,0.06489839404821396,0.03147488832473755,0.9934581518173218,,,
,,,,,,,65000.0,39000.0,90.0
302.034,4.890823841094971,-0.48305609822273254,0.20793907344341278,0.0645054280757904,0.03511270880699158,1.0055509805679321,,,
,,,,,,,65000.0,39000.0,90.0
302.044,-3.155120849609375,0.37730616331100464,-0.22461570799350739,0.06425657868385315,0.034682270139455795,1.0036077499389648,,,
,,,,,,,65000.0,39000.0,90.0
302.054,0.6524259448051453,-0.1964074671268463,-0.0556386299431324,0.06392314285039902,0.033324968069791794,1.0097265243530273,,,
,,,,,,,65000.0,39000.0,90.0
302.064,-1.8296363353729248,-0.39086002111434937,0.0513552725315094,0.06487274914979935,0.03519203141331673,0.9987155795097351,,,
,,,,,,,65000.0,39000.0,90.0
302.074,-1.426943302154541,0.14536356925964355,0.14528049528598785,0.06602825224399567,0.034518755972385406,1.0002237558364868,,,
,,,,,,,65000.0,38000.0,90.0
302.084,2.0090489387512207,-0.4912133514881134,0.0961698591709137,0.06729087233543396,0.03187423199415207,1.00064218044281,,,
,,,,,,,65000.0,38000.0,90.0
302.094,-0.3414432406425476,-0.3464620113372803,-0.063872329890728,0.06398562341928482,0.03465747460722923,1.0040138959884644,,,
,,,,,,,65000.0,38000.0,90.0
302.104,1.5899659395217896,-0.7914249897003174,0.2213885486125946,0.06368320435285568,0.03249126300215721,1.0031853914260864,,,
,,,,,,,65000.0,38000.0,90.0
302.114,-1.7161375284194946,-0.22132225334644318,0.060133565217256546,0.06860531121492386,0.031512342393398285,0.9978216290473938,,,
,,,,,,,65000.0,38000.0,90.0
302.124,-0.8144948482513428,-0.40765467286109924,0.31432658433914185,0.06608103960752487,0.03382086381316185,1.0034013986587524,,,
,,,,,,,65000.0,38000.0,90.0
302.134,1.0177894830703735,0.30419039726257324,0.0616178885102272,0.06534691154956818,0.028072912245988846,1.0011670589447021,,,
,,,,,,,65000.0,38000.0,90.0
302.144,-0.5465312600135803,0.1924045830965042,-0.6065964102745056,0.06459292769432068,0.035037606954574585,1.0023671388626099,,,
,,,,,,,65000.0,38000.0,90.0
302.154,-2.1961135864257812,0.1683148741722107,-0.003102471586316824,0.06157387048006058,0.038052961230278015,1.0126646757125854,,,
,,,,,,,65000.0,37000.0,90.0
302.164,3.7764081954956055,-0.2402767837047577,0.1465185582637787,0.06331595778465271,0.018035026267170906,0.9987240433692932,,,
,,,,,,,65000.0,37000.0,90.0
302.174,-0.9494667053222656,0.41545262932777405,-0.459530234336853,0.06435190141201019,0.03723549470305443,1.0007439851760864,,,
,,,,,,,65000.0,37000.0,90.0
302.184,2.9685676097869873,-0.6886816024780273,-0.020382503047585487,0.0662323459982872,0.0354464054107666,1.0054478645324707,,,
,,,,,,,65000.0,37000.0,90.0
302.194,-1.541049599647522,0.20035667717456818,-0.6499642729759216,0.07100173085927963,0.031004056334495544,0.9905052185058594,,,
,,,,,,,65000.0,37000.0,90.0
302.204,-5.544406890869141,-0.13810113072395325,-0.08069208264350891,0.06502005457878113,0.04495411738753319,1.016087532043457,,,
,,,,,,,65000.0,37000.0,90.0
302.214,3.8163769245147705,-0.8221604228019714,0.463975191116333,0.061303671449422836,0.01981237158179283,1.0053424835205078,,,
,,,,,,,65000.0,37000.0,90.0
302.224,-2.5028505325317383,0.5621212124824524,-0.8512789607048035,0.06539575755596161,0.029887573793530464,0.9966750741004944,,,
,,,,,,,65000.0,37000.0,90.0
302.234,4.222350120544434,-0.741087019443512,0.5811424255371094,0.06483692675828934,0.04506837949156761,1.0073283910751343,,,
,,,,,,,65000.0,36000.0,90.0
302.244,-1.0351216793060303,0.3630377948284149,-0.20667006075382233,0.0662207081913948,0.035009436309337616,0.9967051148414612,,,
,,,,,,,65000.0,36000.0,90.0
302.254,0.8262947797775269,-0.1593284159898758,-0.156457781791687,0.06372971832752228,0.03404621779918671,1.0096666812896729,,,
,,,,,,,65000.0,36000.0,90.0
302.264,0.37434953451156616,-0.11224385350942612,-0.37280356884002686,0.06412128359079361,0.03667108342051506,1.0074946880340576,,,
,,,,,,,65000.0,36000.0,90.0
302.274,-3.4904792308807373,0.27788516879081726,-0.3812611699104309,0.06736472994089127,0.03429272025823593,0.9996722340583801,,,
,,,,,,,65000.0,36000.0,90.0
302.284,-1.1785074472427368,-0.45980337262153625,0.40722474455833435,0.06371591240167618,0.03657744824886322,1.0058050155639648,,,
,,,,,,,65000.0,36000.0,90.0
302.294,2.2792482376098633,-0.08018462359905243,0.3524886965751648,0.06502967327833176,0.02467844821512699,0.9989449381828308,,,
,,,,,,,65000.0,36000.0,90.0
302.304,0.4396325647830963,-0.012579609639942646,-0.23127548396587372,0.06518281996250153,0.0351889505982399,1.006648302078247,,,
,,,,,,,65000.0,36000.0,90.0
302.314,2.2883009910583496,-0.3157939314842224,-0.09784568101167679,0.06589724123477936,0.03510351851582527,1.0036354064941406,,,
,,,,,,,65000.0,35000.0,90.0
302.324,-2.108469247817993,0.47482284903526306,-0.17715954780578613,0.06458930671215057,0.03255973756313324,0.9975993633270264,,,
,,,,,,,65000.0,35000.0,90.0
302.334,-0.26441335678100586,-0.35491472482681274,0.2374972254037857,0.06377125531435013,0.033355917781591415,1.0031392574310303,,,
,,,,,,,65000.0,35000.0,90.0
302.344,-0.7519075870513916,-0.34126192331314087,-0.201309934258461,0.06472453474998474,0.029751811176538467,1.0033396482467651,,,
,,,,,,,65000.0,35000.0,90.0
302.354,0.12074420601129532,0.057425472885370255,-0.024839475750923157,0.06512472778558731,0.03061811812222004,0.9974759817123413,,,
,,,,,,,65000.0,35000.0,90.0
302.364,-3.1742236614227295,0.08218956738710403,-0.2699534296989441,0.06465692073106766,0.04054791107773781,1.0044969320297241,,,
,,,,,,,65000.0,35000.0,90.0
302.374,2.901668071746826,-0.31722500920295715,0.09255871176719666,0.06736430525779724,0.020836912095546722,1.0024935007095337,,,
,,,,,,,65000.0,35000.0,90.0
302.384,0.6152642965316772,0.17109577357769012,-0.34110379219055176,0.06608011573553085,0.032876648008823395,0.9989154934883118,,,
,,,,,,,65000.0,35000.0,90.0
302.394,1.012557029724121,-0.05907203629612923,0.11983741074800491,0.06606343388557434,0.04265333339571953,1.0031300783157349,,,
,,,,,,,65000.0,35000.0,90.0
302.404,-1.0028114318847656,-0.03413783758878708,-0.27265647053718567,0.06626134365797043,0.035091571509838104,0.9981646537780762,,,
,,,,,,,65000.0,35000.0,90.0
302.414,-0.609483003616333,0.2521776854991913,-0.4811805784702301,0.06533901393413544,0.02981168031692505,1.0034890174865723,,,
,,,,,,,65000.0,35000.0,90.0
302.424,-0.5757787227630615,-0.16412895917892456,0.00568803446367383,0.06420524418354034,0.03385549783706665,1.007706642150879,,,
,,,,,,,65000.0,35000.0,90.0
302.434,-0.85619056224823,-0.3087202310562134,-0.15079624950885773,0.06574258208274841,0.029490821063518524,1.0023332834243774,,,
,,,,,,,65000.0,35000.0,90.0
302.444,1.5267541408538818,-0.2192792445421219,-0.27120068669319153,0.06535553932189941,0.0303695946931839,1.0023574829101562,,,
,,,,,,,65000.0,35000.0,90.0
302.454,0.3285471200942993,-0.009459617547690868,-0.11943990737199783,0.06561946123838425,0.035292305052280426,1.003594994544983,,,
,,,,,,,65000.0,35000.0,90.0
302.464,0.32631245255470276,0.13140968978405,0.035969480872154236,0.06357940286397934,0.03247527778148651,1.003379464149475,,,
,,,,,,,65000.0,35000.0,90.0
302.474,-0.846673846244812,-0.02022186666727066,-0.10859798640012741,0.06335427612066269,0.030389340594410896,1.0017108917236328,,,
,,,,,,,65000.0,35000.0,90.0
302.484,-0.5390259623527527,-0.27682986855506897,0.004580788314342499,0.06457623094320297,0.03119543194770813,1.0025743246078491,,,
,,,,,,,65000.0,35000.0,90.0
302.494,-0.6183988451957703,-0.012173114344477654,0.12699541449546814,0.06425044685602188,0.030180076137185097,1.001814603805542,,,
,,,,,,,65000.0,35000.0,90.0
302.504,0.3667600750923157,-0.23369093239307404,-0.18371114134788513,0.06590818613767624,0.02918274886906147,1.0025970935821533,,,
,,,,,,,65000.0,35000.0,90.0
302.514,0.9234069585800171,-0.517815351486206,-0.0076764472760260105,0.06574491411447525,0.03463331609964371,1.0054025650024414,,,
,,,,,,,65000.0,35000.0,90.0
302.524,0.29437562823295593,-0.11066470295190811,0.04064563289284706,0.063540980219841,0.033184848725795746,1.0042463541030884,,,
,,,,,,,65000.0,35000.0,90.0
302.534,-0.31098371744155884,0.06545067578554153,-0.3070083558559418,0.0635661631822586,0.03401733562350273,1.0025315284729004,,,
,,,,,,,65000.0,35000.0,90.0
302.544,-0.6510012149810791,-0.3698115348815918,0.06106921657919884,0.06530081480741501,0.03655615076422691,1.0035887956619263,,,
,,,,,,,65000.0,35000.0,90.0
302.554,-0.7584806680679321,0.09670200198888779,0.16163301467895508,0.06533204764127731,0.030943477526307106,1.0056697130203247,,,
,,,,,,,65000.0,35000.0,90.0
302.564,0.4868915379047394,-0.3155784010887146,-0.056811071932315826,0.06467128545045853,0.03174393251538277,1.0032126903533936,,,
,,,,,,,65000.0,35000.0,90.0
302.574,0.4300609827041626,-0.5128758549690247,-0.007389927748590708,0.06379404664039612,0.036658406257629395,1.0040411949157715,,,
,,,,,,,65000.0,35000.0,90.0
302.584,0.294056236743927,0.21749387681484222,-0.07739005237817764,0.06494588404893875,0.03562755510210991,1.0027979612350464,,,
,,,,,,,65000.0,35000.0,90.0
302.594,-0.2855808734893799,-0.3043978214263916,-0.1716100573539734,0.06436512619256973,0.03105136938393116,0.9998229742050171,,,
,,,,,,,65000.0,35000.0,90.0
302.604,-0.47931230068206787,-0.3867839276790619,0.011064514517784119,0.06579417735338211,0.03370963782072067,1.0039081573486328,,,
,,,,,,,65000.0,35000.0,90.0
302.614,-0.5913327932357788,0.15071293711662292,0.19718657433986664,0.06588450074195862,0.034650739282369614,1.0045785903930664,,,
,,,,,,,65000.0,35000.0,90.0
302.624,0.030733583495020866,-0.15627942979335785,-0.06069512665271759,0.06494265049695969,0.030565794557332993,1.0018755197525024,,,
,,,,,,,65000.0,35000.0,90.0
302.634,0.36286142468452454,-0.13772019743919373,-0.23652371764183044,0.06487937271595001,0.035988736897706985,1.0031887292861938,,,
,,,,,,,65000.0,35000.0,90.0
302.644,0.23071497678756714,-0.3700592815876007,-0.11975684016942978,0.0655815601348877,0.03615888953208923,1.003273606300354,,,
,,,,,,,65000.0,35000.0,90.0
302.654,0.18023154139518738,-0.055002544075250626,-0.06278247386217117,0.0658375471830368,0.034209009259939194,1.0012016296386719,,,
,,,,,,,65000.0,37000.0,90.0
302.664,-0.5016316771507263,0.05572809651494026,-0.2524570822715759,0.06519024819135666,0.03582436218857765,1.0058397054672241,,,
,,,,,,,65000.0,37000.0,90.0
302.674,-0.6047696471214294,-0.1751101016998291,-0.017191242426633835,0.06324554234743118,0.032787930220365524,1.0014623403549194,,,
,,,,,,,65000.0,37000.0,90.0
302.684,-0.1856498122215271,-0.12833133339881897,-0.23180927336215973,0.06587480008602142,0.03243540599942207,0.9999001622200012,,,
,,,,,,,65000.0,37000.0,90.0
302.694,-1.101519227027893,0.3346640467643738,0.30754074454307556,0.06561106443405151,0.04093742370605469,1.0023014545440674,,,
,,,,,,,65000.0,37000.0,90.0
302.704,0.4831099212169647,-0.46349215507507324,-0.1332569569349289,0.06231477111577988,0.02861943654716015,1.0115920305252075,,,
,,,,,,,65000.0,37000.0,90.0
302.714,9.21257209777832,-0.782145082950592,-0.31838205456733704,0.06883663684129715,0.014899940229952335,0.9912958145141602,,,
,,,,,,,65000.0,37000.0,90.0
302.724,-6.0866899490356445,0.7951489686965942,-0.26792871952056885,0.0663042739033699,0.058971110731363297,0.9975685477256775,,,
,,,,,,,65000.0,37000.0,90.0
302.734,0.5872547626495361,-0.5306567549705505,0.6920956373214722,0.06365294009447098,0.037686459720134735,1.013578176498413,,,
,,,,,,,65000.0,39000.0,90.0
302.744,-3.5954041481018066,0.3911325931549072,-0.5537598133087158,0.06684308499097824,0.012988769449293613,1.0006732940673828,,,
,,,,,,,65000.0,39000.0,90.0
302.754,-0.44105103611946106,-0.542786180973053,0.1201503649353981,0.06387396901845932,0.04007261246442795,1.0175294876098633,,,
,,,,,,,65000.0,39000.0,90.0
302.764,0.680289089679718,0.10156898200511932,0.5686577558517456,0.06679090112447739,0.037688247859478,0.9931549429893494,,,
,,,,,,,65000.0,39000.0,90.0
302.774,-3.325550079345703,0.24702228605747223,-0.5029975771903992,0.06450100243091583,0.03131168708205223,1.0049582719802856,,,
,,,,,,,65000.0,39000.0,90.0
302.784,13.50671100616455,-1.2157690525054932,0.42711105942726135,0.06515586376190186,0.020400915294885635,0.9964808821678162,,,
,,,,,,,65000.0,39000.0,90.0
302.794,-6.1386871337890625,1.3572933673858643,-0.8775347471237183,0.06324451416730881,0.04941210895776749,0.9933170080184937,,,
,,,,,,,65000.0,39000.0,90.0
302.804,0.6084238290786743,-0.4290405511856079,0.5901932120323181,0.06294384598731995,0.044157590717077255,1.025266170501709,,,
,,,,,,,65000.0,39000.0,90.0
302.814,-2.9573781490325928,0.1796984076499939,-0.33814316987991333,0.06818409264087677,0.014090354554355145,0.9984660744667053,,,
,,,,,,,65000.0,39000.0,90.0
302.824,-5.611628532409668,0.15395765006542206,-0.2966534495353699,0.06440605223178864,0.039588138461112976,1.0129551887512207,,,
,,,,,,,65000.0,39000.0,90.0
302.834,4.576386451721191,-1.3233803510665894,0.45863333344459534,0.06797781586647034,0.03482900187373161,0.9981536269187927,,,
,,,,,,,65000.0,39000.0,90.0
302.844,-2.4447860717773438,1.2219759225845337,-0.8086875677108765,0.06573477387428284,0.02893565036356449,0.9851970672607422,,,
,,,,,,,65000.0,39000.0,90.0
302.854,7.058145999908447,-0.6275472044944763,0.45554786920547485,0.0642615482211113,0.03886871784925461,1.0083521604537964,,,
,,,,,,,65000.0,39000.0,90.0
302.864,-2.3241426944732666,0.47655075788497925,-0.30452853441238403,0.06480026245117188,0.03313544765114784,1.0033953189849854,,,
,,,,,,,65000.0,39000.0,90.0
302.874,-0.6742101907730103,-0.17345622181892395,-0.190891832113266,0.06490837037563324,0.030159559100866318,1.0125831365585327,,,
,,,,,,,65000.0,39000.0,90.0
302.884,-1.0635734796524048,-0.2766776382923126,-0.11127922683954239,0.06596584618091583,0.03510047867894173,1.0029746294021606,,,
,,,,,,,65000.0,39000.0,90.0
302.894,-3.253699779510498,0.09914286434650421,0.1420190930366516,0.06388136744499207,0.03560413047671318,0.9991428256034851,,,
,,,,,,,65000.0,39000.0,90.0
302.904,2.0607032775878906,-0.3424316346645355,0.25908419489860535,0.06426434963941574,0.028671888634562492,1.0005489587783813,,,
,,,,,,,65000.0,39000.0,90.0
302.914,-0.17154492437839508,0.21039979159832,-0.205704465508461,0.0644151121377945,0.030330490320920944,1.00059175491333,,,
,,,,,,,65000.0,39000.0,90.0
302.924,2.6662416458129883,-0.1601245403289795,-0.0362800695002079,0.06331545859575272,0.03253444284200668,1.005136489868164,,,
,,,,,,,65000.0,39000.0,90.0
302.934,-0.5077970623970032,-0.3262590765953064,-0.5487542748451233,0.06411455571651459,0.03316473588347435,0.999194324016571,,,
,,,,,,,65000.0,39000.0,90.0
302.944,-1.3336735963821411,-0.18430863320827484,-0.36041876673698425,0.06499430537223816,0.03512413799762726,1.0005720853805542,,,
,,,,,,,65000.0,39000.0,90.0
302.954,-0.944866955280304,-0.015593225136399269,-0.11677505075931549,0.06735022366046906,0.036183785647153854,1.0043350458145142,,,
,,,,,,,65000.0,39000.0,90.0
302.964,-0.9500685334205627,-0.10711871832609177,-0.11008105427026749,0.06495220959186554,0.02992423251271248,1.0050350427627563,,,
,,,,,,,65000.0,39000.0,90.0
302.974,0.8876134157180786,-0.5269635319709778,0.14887109398841858,0.06378630548715591,0.03164391964673996,1.00923490524292,,,
,,,,,,,65000.0,39000.0,90.0
302.984,0.8544481992721558,-0.30085834860801697,0.093513622879982,0.0655265524983406,0.034834783524274826,1.0020554065704346,,,
,,,,,,,65000.0,39000.0,90.0
302.994,0.5145291686058044,0.08305255323648453,-0.04333691671490669,0.06596080958843231,0.03674369305372238,1.0019309520721436,,,
,,,,,,,65000.0,39000.0,90.0
303.004,-0.203313946723938,0.0475790798664093,-0.013331240974366665,0.06517936289310455,0.03575363755226135,1.00279700756073,,,
,,,,,,,65000.0,39000.0,90.0
303.014,-1.440791368484497,0.08650335669517517,-0.22050075232982635,0.06364116072654724,0.03268974646925926,1.003453016281128,,,
,,,,,,,65000.0,39000.0,90.0
303.024,-0.32556456327438354,-0.09141328930854797,0.01056008879095316,0.06168573349714279,0.03327696770429611,1.00556218624115,,,
,,,,,,,65000.0,39000.0,90.0
303.034,-0.022711405530571938,-0.13787764310836792,0.24583622813224792,0.06450097262859344,0.029680268839001656,1.0032331943511963,,,
,,,,,,,65000.0,39000.0,90.0
303.044,0.6278116703033447,-0.06585084646940231,-0.10711948573589325,0.06534562259912491,0.0328049398958683,1.0026702880859375,,,
,,,,,,,65000.0,39000.0,90.0
303.054,1.0032386779785156,-0.05128028243780136,0.22966930270195007,0.0641297921538353,0.03648914396762848,1.0026332139968872,,,
,,,,,,,65000.0,39000.0,90.0
303.064,-0.3581511080265045,-0.1571008861064911,-0.057616204023361206,0.06493547558784485,0.0368526466190815,1.003240942955017,,,
,,,,,,,65000.0,37000.0,90.0
303.074,-0.41016748547554016,-0.3033766746520996,-0.032333094626665115,0.06460471451282501,0.033333610743284225,1.0033504962921143,,,
,,,,,,,65000.0,37000.0,90.0
303.084,-0.8903079628944397,-0.007473012898117304,-0.14157091081142426,0.0636105090379715,0.03283318504691124,1.0008487701416016,,,
,,,,,,,65000.0,37000.0,90.0
303.094,-0.11224990338087082,-0.3074388802051544,-0.08755242079496384,0.06492388248443604,0.03441782295703888,0.9993897676467896,,,
,,,,,,,65000.0,37000.0,90.0
303.104,0.541408121585846,0.059995803982019424,0.07479754835367203,0.06340532749891281,0.031917769461870193,1.005184292793274,,,
,,,,,,,65000.0,37000.0,90.0
303.114,1.8556896448135376,-0.6846621632575989,-0.00956569705158472,0.06510884314775467,0.030751843005418777,1.007820963859558,,,
,,,,,,,65000.0,37000.0,90.0
303.124,4.415917873382568,0.03740189969539642,-0.18587760627269745,0.06969688087701797,0.027585361152887344,0.9860336780548096,,,
,,,,,,,65000.0,37000.0,90.0
303.134,-13.708934783935547,1.3526709079742432,-0.31151047348976135,0.06357827037572861,0.06573408842086792,1.00530207157135,,,
,,,,,,,65000.0,37000.0,90.0
303.144,3.125711679458618,-1.5210775136947632,0.9597840309143066,0.06239102780818939,0.01707063801586628,1.0261554718017578,,,
,,,,,,,65000.0,37000.0,90.0
303.154,3.6526858806610107,0.23943349719047546,-1.0775303840637207,0.06611770391464233,0.0042147450149059296,0.9837751984596252,,,
,,,,,,,65000.0,37000.0,90.0
303.164,-3.091553211212158,0.15772944688796997,-0.2573015093803406,0.06343750655651093,0.06485672295093536,1.0084773302078247,,,
,,,,,,,65000.0,37000.0,90.0
303.174,8.307635307312012,-0.7576693892478943,1.2931095361709595,0.06676577776670456,0.03499877452850342,0.993964672088623,,,
,,,,,,,65000.0,37000.0,90.0
303.184,-7.38127326965332,1.4468897581100464,-1.1270877122879028,0.0656614601612091,0.018283555284142494,0.999241054058075,,,
,,,,,,,65000.0,37000.0,90.0
303.194,5.616306781768799,-0.9348970651626587,0.9658003449440002,0.06014499068260193,0.0378047339618206,1.0284315347671509,,,
,,,,,,,65000.0,37000.0,90.0
303.204,-8.095808029174805,0.28934553265571594,-0.7363848686218262,0.06544232368469238,0.033234912902116776,0.9997215867042542,,,
,,,,,,,65000.0,37000.0,90.0
303.214,2.0407817363739014,-0.8496682643890381,-0.11184035986661911,0.06603633612394333,0.0237886942923069,0.9977501630783081,,,
,,,,,,,65000.0,37000.0,90.0
303.224,0.6331790685653687,0.22016334533691406,0.08688671886920929,0.0649544820189476,0.03779032081365585,0.9923520088195801,,,
,,,,,,,65000.0,37000.0,90.0
303.234,0.4624781310558319,0.05732518807053566,0.200702965259552,0.0635833740234375,0.03477363660931587,1.0025317668914795,,,
,,,,,,,65000.0,37000.0,90.0
303.244,3.5305802822113037,-0.20368440449237823,-0.01740765944123268,0.06173798814415932,0.025461893528699875,1.009890079498291,,,
,,,,,,,65000.0,37000.0,90.0
303.254,-2.6554296016693115,0.3734162151813507,-0.4814791679382324,0.06320452690124512,0.031750086694955826,1.007249355316162,,,
,,,,,,,65000.0,37000.0,90.0
303.264,-0.202954962849617,-0.4973571002483368,0.09749744832515717,0.06422945111989975,0.03983089327812195,1.0033257007598877,,,
,,,,,,,65000.0,37000.0,90.0
303.274,-1.5967681407928467,0.08107639849185944,-0.39577099680900574,0.06753556430339813,0.028084682300686836,0.9962041974067688,,,
,,,,,,,65000.0,37000.0,90.0
303.284,0.7722360491752625,-0.13814985752105713,-0.009285448119044304,0.06339508295059204,0.03323717415332794,1.0047621726989746,,,
,,,,,,,65000.0,37000.0,90.0
303.294,0.3579937219619751,-0.49333304166793823,0.02094685286283493,0.06442561000585556,0.03339117020368576,1.0063539743423462,,,
,,,,,,,65000.0,37000.0,90.0
303.304,0.8057563304901123,-0.16668875515460968,-0.3409525752067566,0.06580076366662979,0.028404900804162025,1.0017955303192139,,,
,,,,,,,65000.0,37000.0,90.0
303.314,0.17675858736038208,-0.3910285234451294,-0.14436519145965576,0.06334777921438217,0.03479732945561409,1.000192642211914,,,
,,,,,,,65000.0,37000.0,90.0
303.324,-0.6692929267883301,0.14106328785419464,-0.10716331005096436,0.06439387053251266,0.03708040341734886,0.999548614025116,,,
,,,,,,,65000.0,37000.0,90.0
303.334,-1.1371692419052124,-0.30172550678253174,0.03419242799282074,0.06313428282737732,0.03235696628689766,1.0066068172454834,,,
,,,,,,,65000.0,37000.0,90.0
303.344,0.31025877594947815,0.036778610199689865,0.11352086812257767,0.06426843255758286,0.029589558020234108,1.0050270557403564,,,
,,,,,,,65000.0,37000.0,90.0
303.354,-0.24798862636089325,-0.131628155708313,-0.2369176298379898,0.06418383121490479,0.03480355441570282,1.0050935745239258,,,
,,,,,,,65000.0,37000.0,90.0
303.364,1.2673479318618774,-0.24238015711307526,0.2140040546655655,0.06541121006011963,0.034053999930620193,1.001719355583191,,,
,,,,,,,65000.0,37000.0,90.0
303.374,-0.11478270590305328,-0.09707812964916229,-0.11428242176771164,0.06407711654901505,0.03522753715515137,1.0043201446533203,,,
,,,,,,,65000.0,37000.0,90.0
303.384,0.03932294622063637,-0.3245029151439667,0.10394739359617233,0.06518907845020294,0.034411828964948654,1.0035459995269775,,,
,,,,,,,65000.0,37000.0,90.0
303.394,-0.6785346269607544,0.25270092487335205,-0.018430422991514206,0.06451039761304855,0.03766253963112831,1.0022687911987305,,,
,,,,,,,65000.0,37000.0,90.0
303.404,-0.31709638237953186,0.11933675408363342,0.0795135498046875,0.0648660734295845,0.03330468013882637,1.0025634765625,,,
,,,,,,,65000.0,39000.0,90.0
303.414,-0.05966886878013611,-0.15947206318378448,-0.24009647965431213,0.06699243932962418,0.03270404040813446,1.002108097076416,,,
,,,,,,,65000.0,39000.0,90.0
303.424,0.6537299752235413,-0.10284179449081421,-0.22654879093170166,0.06589210033416748,0.03274667263031006,1.0017091035842896,,,
,,,,,,,65000.0,39000.0,90.0
303.434,0.0866703987121582,-0.5173584222793579,0.09367614984512329,0.061926811933517456,0.0335983969271183,1.0035080909729004,,,
,,,,,,,65000.0,39000.0,90.0
303.444,-1.0797752141952515,0.35578858852386475,-0.08031533658504486,0.06505262851715088,0.03322434797883034,0.9965231418609619,,,
,,,,,,,65000.0,39000.0,90.0
303.454,-3.2841603755950928,-0.02280295081436634,-0.032167404890060425,0.06777763366699219,0.0382811613380909,1.0045925378799438,,,
,,,,,,,65000.0,39000.0,90.0
303.464,2.4789907932281494,-0.5470712184906006,-0.028104238212108612,0.06544540077447891,0.024115821346640587,1.0175060033798218,,,
,,,,,,,65000.0,39000.0,90.0
303.474,8.471569061279297,-0.26536017656326294,-0.5816599726676941,0.06910764425992966,0.01988472044467926,0.9862840175628662,,,
,,,,,,,65000.0,39000.0,90.0
303.484,-6.489017009735107,0.6756753325462341,-0.303202748298645,0.06373446434736252,0.06458891183137894,0.9998579621315002,,,
,,,,,,,65000.0,39000.0,90.0
303.494,1.881575345993042,-0.8219243884086609,0.7992968559265137,0.06235937401652336,0.03459958732128143,1.013533353805542,,,
,,,,,,,65000.0,39000.0,90.0
303.504,-4.3102641105651855,0.7397105693817139,-0.8315984010696411,0.06586931645870209,0.014343298971652985,1.0013986825942993,,,
,,,,,,,65000.0,39000.0,90.0
303.514,-0.30372267961502075,-0.74567049741745,0.014840973541140556,0.06284895539283752,0.04432467371225357,1.0187830924987793,,,
,,,,,,,65000.0,39000.0,90.0
303.524,1.9588007926940918,-0.5847213864326477,0.30431658029556274,0.06739743798971176,0.03548021987080574,0.9910085201263428,,,
,,,,,,,65000.0,39000.0,90.0
303.534,-1.0245723724365234,0.803385853767395,-0.5994310975074768,0.06510217487812042,0.03002908080816269,0.9905102252960205,,,
,,,,,,,65000.0,39000.0,90.0
303.544,5.095400333404541,-0.5300909280776978,0.34362098574638367,0.06262397021055222,0.037427742034196854,1.0047003030776978,,,
,,,,,,,65000.0,39000.0,90.0
303.554,-4.229171276092529,0.6123166680335999,-0.32779279351234436,0.06401047110557556,0.035368625074625015,1.0050159692764282,,,
,,,,,,,65000.0,39000.0,90.0
303.564,1.5928536653518677,-0.481109082698822,0.17148125171661377,0.06348096579313278,0.030616367235779762,1.00849449634552,,,
,,,,,,,65000.0,39000.0,90.0
303.574,-2.6615214347839355,0.4490988552570343,-0.1994699090719223,0.06665584444999695,0.039284203201532364,1.000222086906433,,,
,,,,,,,65000.0,39000.0,90.0
303.584,-0.24764280021190643,-0.04999144375324249,0.1850435584783554,0.0656944215297699,0.036726728081703186,1.0021493434906006,,,
,,,,,,,65000.0,39000.0,90.0
303.594,1.383773684501648,-0.005685360636562109,-0.15349292755126953,0.0638260543346405,0.03049362637102604,1.0009089708328247,,,
,,,,,,,65000.0,39000.0,90.0
303.604,0.1619677096605301,-0.24276913702487946,-0.013697187416255474,0.06336723268032074,0.03325432166457176,1.0047045946121216,,,
,,,,,,,65000.0,39000.0,90.0
303.614,1.6636382341384888,-0.39325150847435,0.13493768870830536,0.06784199923276901,0.034485913813114166,1.0036064386367798,,,
,,,,,,,65000.0,39000.0,90.0
303.624,-1.9466830492019653,0.06312049180269241,-0.5014988780021667,0.06625296920537949,0.029846470803022385,1.0011587142944336,,,
,,,,,,,65000.0,39000.0,90.0
303.634,0.1768191158771515,-0.010842769406735897,0.23842699825763702,0.06435533612966537,0.032366711646318436,1.0054800510406494,,,
,,,,,,,65000.0,39000.0,90.0
303.644,-1.3468164205551147,-0.0488634817302227,-0.02018854208290577,0.06461350619792938,0.03041725419461727,1.0052343606948853,,,
,,,,,,,65000.0,39000.0,90.0
303.654,0.395539253950119,-0.1112879142165184,0.2113477736711502,0.06440778076648712,0.02963024564087391,1.0063354969024658,,,
,,,,,,,65000.0,39000.0,90.0
303.664,0.9548308849334717,-0.6063970327377319,-0.08361528813838959,0.06350570917129517,0.03367501124739647,1.0031877756118774,,,
,,,,,,,65000.0,39000.0,90.0
303.674,0.6432811617851257,-0.16137811541557312,0.17080670595169067,0.064968042075634,0.036365676671266556,1.0015867948532104,,,
,,,,,,,65000.0,39000.0,90.0
303.684,-0.12442100048065186,-0.003074676264077425,0.00023395108291879296,0.06514709442853928,0.03765293210744858,1.0010064840316772,,,
,,,,,,,65000.0,39000.0,90.0
303.694,-0.7669903039932251,0.045335978269577026,-0.007234256714582443,0.06698640435934067,0.033508557826280594,1.0048646926879883,,,
,,,,,,,65000.0,39000.0,90.0
303.704,-0.685348629951477,-0.1332286149263382,0.028767116367816925,0.06643213331699371,0.03220101073384285,1.005598545074463,,,
,,,,,,,65000.0,39000.0,90.0
303.714,-0.13914526998996735,-0.023971261456608772,0.11521583050489426,0.06636116653680801,0.03305361419916153,1.0028414726257324,,,
,,,,,,,65000.0,39000.0,90.0
303.724,0.32378020882606506,0.05418830364942551,-0.12447457760572433,0.0639762133359909,0.032821886241436005,1.001916766166687,,,
,,,,,,,65000.0,39000.0,90.0
303.734,0.6040056943893433,-0.08860091865062714,-0.19463564455509186,0.06556814908981323,0.03566320613026619,1.0048160552978516,,,
,,,,,,,65000.0,39000.0,90.0
303.744,0.2302813082933426,0.09855189174413681,0.030850011855363846,0.06399452686309814,0.03337172418832779,1.0060077905654907,,,
,,,,,,,65000.0,39000.0,90.0
303.754,-0.648357093334198,0.009819986298680305,-0.2852191925048828,0.06553684920072556,0.03345057740807533,1.0049721002578735,,,
,,,,,,,65000.0,39000.0,90.0
303.764,-0.2687419652938843,-0.20179404318332672,-0.22372160851955414,0.0654221773147583,0.0357104055583477,1.0043933391571045,,,
,,,,,,,65000.0,39000.0,90.0
303.774,-0.6152615547180176,-0.12469492107629776,-0.11384931951761246,0.06697895377874374,0.03470512479543686,1.0001726150512695,,,
,,,,,,,65000.0,39000.0,90.0
303.784,0.28884243965148926,0.1762436032295227,-0.007910223677754402,0.06578413397073746,0.03411652147769928,1.0048691034317017,,,
,,,,,,,65000.0,39000.0,90.0
303.794,0.49686652421951294,-0.27746179699897766,-0.014356614090502262,0.06303595751523972,0.03468313068151474,1.0034408569335938,,,
,,,,,,,65000.0,39000.0,90.0
303.804,0.10851852595806122,-0.13484154641628265,0.05451381579041481,0.06215491518378258,0.035336848348379135,1.0024628639221191,,,
,,,,,,,65000.0,39000.0,90.0
303.814,-0.19658483564853668,0.07565591484308243,-0.14075490832328796,0.06404805183410645,0.035537239164114,1.0034700632095337,,,
,,,,,,,65000.0,39000.0,90.0
303.824,-0.525725781917572,-0.3319103717803955,0.025767309591174126,0.06576279550790787,0.03341534733772278,1.0033562183380127,,,
,,,,,,,65000.0,38000.0,90.0
303.834,-0.26783618330955505,0.09123212844133377,0.06944149732589722,0.06418734788894653,0.03217051550745964,1.0028578042984009,,,
,,,,,,,65000.0,38000.0,90.0
303.844,0.2503027021884918,-0.14090362191200256,0.13656067848205566,0.06506191939115524,0.031441885977983475,1.002890944480896,,,
,,,,,,,65000.0,38000.0,90.0
303.854,0.19854353368282318,0.019485756754875183,-0.06390092521905899,0.06579151004552841,0.0315651074051857,1.0027457475662231,,,
,,,,,,,65000.0,38000.0,90.0
303.864,-0.04450420290231705,0.07970698922872543,-0.2436574250459671,0.06430573016405106,0.03397413343191147,0.9996529817581177,,,
,,,,,,,65000.0,38000.0,90.0
303.874,-0.3751346468925476,-0.5934446454048157,0.10868694633245468,0.0668511614203453,0.036187946796417236,1.0030171871185303,,,
,,,,,,,65000.0,38000.0,90.0
303.884,-1.333021879196167,-0.6282297968864441,0.4778035879135132,0.06703339517116547,0.03378589451313019,1.00495445728302,,,
,,,,,,,65000.0,38000.0,90.0
303.894,1.6633579730987549,-0.17664924263954163,-0.18723797798156738,0.06495795398950577,0.029377393424510956,0.9981256723403931,,,
,,,,,,,65000.0,38000.0,90.0
303.904,-5.241971492767334,0.2980409264564514,0.003093345556408167,0.0626654103398323,0.046576786786317825,1.0027694702148438,,,
,,,,,,,65000.0,38000.0,90.0
303.914,0.631935179233551,-0.49755847454071045,0.07670566439628601,0.06087004020810127,0.027569236233830452,1.0148240327835083,,,
,,,,,,,65000.0,37000.0,90.0
303.924,3.530747890472412,-0.04337290674448013,-0.31330108642578125,0.06648620963096619,0.018578076735138893,0.9960898160934448,,,
,,,,,,,65000.0,37000.0,90.0
303.934,-1.6598284244537354,0.09395415335893631,-0.3420712947845459,0.06391271203756332,0.046839043498039246,1.0067639350891113,,,
,,,,,,,65000.0,37000.0,90.0
303.944,3.9164915084838867,-0.60517418384552,0.36350196599960327,0.06610546261072159,0.03133422136306763,0.9988685846328735,,,
,,,,,,,65000.0,37000.0,90.0
303.954,-2.9283626079559326,1.164165735244751,-0.8546250462532043,0.06695084273815155,0.028897717595100403,0.9934832453727722,,,
,,,,,,,65000.0,37000.0,90.0
303.964,-3.0597665309906006,-0.3583023250102997,0.39190563559532166,0.06153511255979538,0.046854306012392044,1.0182818174362183,,,
,,,,,,,65000.0,37000.0,90.0
303.974,0.8070370554924011,-0.7751569747924805,0.2990971803665161,0.06397093087434769,0.01948835700750351,1.0048010349273682,,,
,,,,,,,65000.0,37000.0,90.0
303.984,-0.35596317052841187,-0.09819378703832626,-0.6544573307037354,0.06631239503622055,0.02960294485092163,0.9978246092796326,,,
,,,,,,,65000.0,37000.0,90.0
303.994,2.6587367057800293,-0.24540457129478455,0.25861379504203796,0.06447064876556396,0.04751027747988701,1.0017189979553223,,,
,,,,,,,65000.0,37000.0,90.0
304.004,-0.1449509859085083,-0.2251730114221573,-0.3771492540836334,0.06493865698575974,0.029071496799588203,0.9967220425605774,,,
,,,,,,,65000.0,37000.0,90.0
304.014,0.47237643599510193,-0.12823866307735443,-0.05399589240550995,0.06572231650352478,0.030043980106711388,1.0086432695388794,,,
,,,,,,,65000.0,37000.0,90.0
304.024,-1.1598267555236816,-0.18889129161834717,-0.046046312898397446,0.06497013568878174,0.036743395030498505,1.0088664293289185,,,
,,,,,,,65000.0,37000.0,90.0
304.034,-2.043515920639038,-0.21941973268985748,0.004553718958050013,0.06543716788291931,0.03141535818576813,0.9989833831787109,,,
,,,,,,,65000.0,37000.0,90.0
304.044,0.8972444534301758,0.04343408718705177,0.059702832251787186,0.06604418903589249,0.03193766251206398,0.9993106722831726,,,
,,,,,,,65000.0,37000.0,90.0
304.054,-0.12335188686847687,0.31151893734931946,0.2017456442117691,0.06475535035133362,0.03653417155146599,1.0050002336502075,,,
,,,,,,,65000.0,37000.0,90.0
304.064,1.9874157905578613,-0.3337916135787964,-0.20665207505226135,0.0667780339717865,0.03231444209814072,1.0058097839355469,,,
,,,,,,,65000.0,37000.0,90.0
304.074,-0.13537804782390594,-0.42165932059288025,-0.5895951986312866,0.0636604055762291,0.03336475417017937,1.003353476524353,,,
,,,,,,,65000.0,37000.0,90.0
304.084,-0.2972278892993927,0.28414061665534973,-0.017407558858394623,0.06391966342926025,0.03738980367779732,1.0018599033355713,,,
,,,,,,,65000.0,36000.0,90.0
304.094,-1.5127421617507935,0.5010329484939575,-0.17951859533786774,0.06307718902826309,0.034928373992443085,1.001090407371521,,,
,,,,,,,65000.0,36000.0,90.0
304.104,-0.3535836935043335,-0.15536034107208252,-0.13993366062641144,0.06528235971927643,0.031588513404130936,1.006751298904419,,,
,,,,,,,65000.0,36000.0,90.0
304.114,0.3934311866760254,-0.5424514412879944,-0.26900798082351685,0.06654780358076096,0.032313354313373566,1.002834677696228,,,
,,,,,,,65000.0,36000.0,90.0
304.124,1.5957231521606445,-0.45799514651298523,-0.22361157834529877,0.0647917240858078,0.030714018270373344,0.9993205070495605,,,
,,,,,,,65000.0,36000.0,90.0
304.134,1.153032660484314,0.1029011458158493,-0.18218690156936646,0.06621461361646652,0.03613459691405296,0.9943265318870544,,,
,,,,,,,65000.0,36000.0,90.0
304.144,-4.736997127532959,0.2114160805940628,-0.2332993894815445,0.06421802937984467,0.047779448330402374,1.0068285465240479,,,
,,,,,,,65000.0,36000.0,90.0
304.154,2.261775016784668,-0.3775932788848877,0.29015177488327026,0.06387152522802353,0.021656285971403122,1.0029761791229248,,,
,,,,,,,65000.0,36000.0,90.0
304.164,-1.3002277612686157,0.510469913482666,-0.3918674886226654,0.06666778773069382,0.030184268951416016,1.0024617910385132,,,
,,,,,,,65000.0,38000.0,90.0
304.174,1.9693944454193115,-0.541367769241333,0.44010260701179504,0.06520015001296997,0.037500374019145966,1.0062264204025269,,,
,,,,,,,65000.0,38000.0,90.0
304.184,-1.0064908266067505,0.12619124352931976,-0.3989458680152893,0.06450232863426208,0.03315715119242668,0.9960494637489319,,,
,,,,,,,65000.0,38000.0,90.0
304.194,0.8219038844108582,-0.05295966565608978,-0.2992507517337799,0.06351365894079208,0.03471028804779053,1.0037797689437866,,,
,,,,,,,65000.0,38000.0,90.0
304.204,-1.9935988187789917,-0.2830028235912323,0.26754093170166016,0.06451670080423355,0.037281714379787445,1.0041135549545288,,,
,,,,,,,65000.0,38000.0,90.0
304.214,-1.868353247642517,0.40091416239738464,-0.07866080850362778,0.0638907253742218,0.03242119401693344,1.0009318590164185,,,
,,,,,,,65000.0,38000.0,90.0
304.224,0.8045166730880737,0.003436669008806348,0.2165403813123703,0.061892058700323105,0.030892806127667427,1.0099307298660278,,,
,,,,,,,65000.0,38000.0,90.0
304.234,6.032848834991455,-0.8196932673454285,-0.11343981325626373,0.06757588684558868,0.021823521703481674,0.9965285658836365,,,
,,,,,,,65000.0,38000.0,90.0
304.244,-1.269793152809143,0.31397682428359985,-0.2962762117385864,0.06481286883354187,0.04570535942912102,0.9943227171897888,,,
,,,,,,,65000.0,38000.0,90.0
304.254,-2.499563217163086,0.0024477646220475435,0.24306726455688477,0.06265068054199219,0.04257429763674736,1.0115171670913696,,,
,,,,,,,65000.0,39000.0,90.0
304.264,0.2625685930252075,-0.09565090388059616,-0.03885316476225853,0.0629495307803154,0.017280692234635353,1.0030767917633057,,,
,,,,,,,65000.0,39000.0,90.0
304.274,-3.6309871673583984,0.4812912940979004,-0.3992084860801697,0.062127240002155304,0.03538307175040245,1.0112731456756592,,,
,,,,,,,65000.0,39000.0,90.0
304.284,2.4571735858917236,-0.651636004447937,0.9123039245605469,0.06534547358751297,0.037496477365493774,0.9993066787719727,,,
,,,,,,,65000.0,39000.0,90.0
304.294,-3.260666608810425,0.23338927328586578,-0.4536970853805542,0.06626290827989578,0.033202674239873886,0.9967820048332214,,,
,,,,,,,65000.0,39000.0,90.0
304.304,8.793237686157227,-0.6614699959754944,0.10935183614492416,0.06648420542478561,0.025884239003062248,0.9975422620773315,,,
,,,,,,,65000.0,39000.0,90.0
304.314,-2.6699635982513428,0.8358666300773621,-0.6831688284873962,0.06786061823368073,0.04235406592488289,0.9970861077308655,,,
,,,,,,,65000.0,39000.0,90.0
304.324,-0.7274439930915833,-0.539854109287262,0.43341100215911865,0.06375878304243088,0.04053959995508194,1.0128976106643677,,,
,,,,,,,65000.0,39000.0,90.0
304.334,-1.8319450616836548,-0.1341971904039383,-0.28681373596191406,0.06525156646966934,0.023593269288539886,1.0014511346817017,,,
,,,,,,,65000.0,40000.0,90.0
304.344,-4.196319103240967,0.3340264856815338,-0.48449286818504333,0.0639987662434578,0.03636137768626213,1.007635474205017,,,
,,,,,,,65000.0,40000.0,90.0
304.354,4.1419806480407715,-0.7095311284065247,0.04070615768432617,0.06807965040206909,0.028037317097187042,1.0003535747528076,,,
,,,,,,,65000.0,40000.0,90.0
304.364,-3.086402177810669,0.9120332598686218,-0.6057418584823608,0.06834769248962402,0.03189704194664955,0.995533287525177,,,
,,,,,,,65000.0,40000.0,90.0
304.374,3.5577163696289062,-1.3008135557174683,0.4628062844276428,0.06273805350065231,0.034286949783563614,1.01236891746521,,,
,,,,,,,65000.0,40000.0,90.0
304.384,1.9555354118347168,-0.4760662615299225,-0.2477698028087616,0.06779582053422928,0.022749431431293488,0.9976043105125427,,,
,,,,,,,65000.0,40000.0,90.0
304.394,-0.21515697240829468,0.14591340720653534,-0.5822662711143494,0.06556111574172974,0.03671122342348099,1.0005171298980713,,,
,,,,,,,65000.0,40000.0,90.0
304.404,-1.5468628406524658,-0.25296711921691895,0.3160223364830017,0.06495153158903122,0.04571530595421791,1.0017164945602417,,,
,,,,,,,65000.0,40000.0,90.0
304.414,-2.9094109535217285,0.6351437568664551,0.02325848489999771,0.06674317270517349,0.028827214613556862,1.0019572973251343,,,
,,,,,,,65000.0,40000.0,90.0
304.424,0.33502355217933655,-0.04326675459742546,0.1040768250823021,0.06461949646472931,0.02944195456802845,1.0096445083618164,,,
,,,,,,,65000.0,39000.0,90.0
304.434,0.46129611134529114,0.06587796658277512,0.33492282032966614,0.06579965353012085,0.033301930874586105,1.0014665126800537,,,
,,,,,,,65000.0,39000.0,90.0
304.444,1.9010220766067505,-0.11812422424554825,-0.021921249106526375,0.06300894916057587,0.033164460211992264,0.9986096024513245,,,
,,,,,,,65000.0,39000.0,90.0
304.454,2.316594123840332,0.19426414370536804,-0.3392651379108429,0.06353700906038284,0.03615589439868927,1.0028249025344849,,,
,,,,,,,65000.0,39000.0,90.0
304.464,-0.30423861742019653,0.28001776337623596,-0.4549739956855774,0.06375627964735031,0.03741130605340004,1.0080437660217285,,,
,,,,,,,65000.0,39000.0,90.0
304.474,-0.36542829871177673,-0.33917248249053955,-0.21283620595932007,0.06434907019138336,0.031209947541356087,1.008073091506958,,,
,,,,,,,65000.0,39000.0,90.0
304.484,-1.7481896877288818,0.44935131072998047,0.01438220962882042,0.06820365786552429,0.034931112080812454,0.9962840676307678,,,
,,,,,,,65000.0,39000.0,90.0
304.494,-5.282873153686523,-0.11365748941898346,0.3917652368545532,0.06424662470817566,0.04227681830525398,1.0116021633148193,,,
,,,,,,,65000.0,39000.0,90.0
304.504,5.0511088371276855,-0.6627492308616638,0.4252612888813019,0.06524316221475601,0.017030982300639153,1.005990982055664,,,
,,,,,,,65000.0,37000.0,90.0
304.514,-0.24997371435165405,0.2716631293296814,-0.530515730381012,0.06746697425842285,0.03500993177294731,0.9939023852348328,,,
,,,,,,,65000.0,37000.0,90.0
304.524,2.7822115421295166,-0.2375803291797638,0.1569732427597046,0.06347696483135223,0.04669583588838577,1.005176067352295,,,
,,,,,,,65000.0,37000.0,90.0
304.534,-0.5367698073387146,0.3616065979003906,-0.287092387676239,0.0663665235042572,0.028697054833173752,0.9983949065208435,,,
,,,,,,,65000.0,37000.0,90.0
304.544,0.6839654445648193,-0.39366185665130615,-0.5054348707199097,0.06489235907793045,0.026699479669332504,1.0111136436462402,,,
,,,,,,,65000.0,37000.0,90.0
304.554,3.0694580078125,0.2711126506328583,0.11028741300106049,0.06731243431568146,0.03462504968047142,0.9872615933418274,,,
,,,,,,,65000.0,37000.0,90.0
304.564,-16.89130401611328,0.9388442635536194,0.06374489516019821,0.06390631198883057,0.06098388135433197,1.0192092657089233,,,
,,,,,,,65000.0,37000.0,90.0
304.574,8.703166007995605,-2.6939072608947754,0.7943347692489624,0.06037558242678642,0.002577971899881959,1.0246880054473877,,,
,,,,,,,65000.0,37000.0,90.0
304.584,-0.2876549959182739,0.44101834297180176,-1.2895562648773193,0.0704982802271843,0.013763178139925003,0.9729515314102173,,,
,,,,,,,65000.0,36000.0,90.0
304.594,3.165797233581543,-0.04692814499139786,0.22925561666488647,0.06436894834041595,0.06907659769058228,1.0047557353973389,,,
,,,,,,,65000.0,36000.0,90.0
304.604,6.784900665283203,-0.5587155222892761,0.18458685278892517,0.06826150417327881,0.02859416790306568,0.9856604933738708,,,
,,,,,,,65000.0,36000.0,90.0
304.614,-7.611859321594238,1.480482816696167,-1.1758227348327637,0.06612309068441391,0.02252337895333767,1.0066864490509033,,,
,,,,,,,65000.0,36000.0,90.0
304.624,5.3785624504089355,-1.8933837413787842,1.1109660863876343,0.0594889298081398,0.039363693445920944,1.0293012857437134,,,
,,,,,,,65000.0,36000.0,90.0
304.634,-8.299769401550293,0.5599750876426697,-0.5560668110847473,0.06348107010126114,0.03140782564878464,0.9911099672317505,,,
,,,,,,,65000.0,36000.0,90.0
304.644,-0.8794428110122681,-0.22584140300750732,0.19931277632713318,0.06266113370656967,0.03941896930336952,1.0068082809448242,,,
,,,,,,,65000.0,36000.0,90.0
304.654,3.3219010829925537,-0.363364040851593,0.468186616897583,0.06502927094697952,0.028591729700565338,0.9918132424354553,,,
,,,,,,,65000.0,36000.0,90.0
304.664,0.35322412848472595,0.3663240671157837,-0.5359867811203003,0.06620794534683228,0.030139964073896408,0.9961183667182922,,,
,,,,,,,65000.0,36000.0,90.0
304.674,5.462328910827637,-0.4459226727485657,0.11954983323812485,0.06331328302621841,0.03799661621451378,1.0110222101211548,,,
,,,,,,,65000.0,39000.0,90.0
304.684,-2.6721067428588867,0.34240958094596863,-0.6342483758926392,0.06268813461065292,0.03508929908275604,0.9989047050476074,,,
,,,,,,,65000.0,39000.0,90.0
304.694,-1.4619158506393433,-0.21152882277965546,0.3268059194087982,0.06297694891691208,0.036956556141376495,1.0094921588897705,,,
,,,,,,,65000.0,39000.0,90.0
304.704,-1.9202362298965454,0.4677874445915222,0.1237235739827156,0.06485085189342499,0.031063660979270935,0.996414065361023,,,
,,,,,,,65000.0,39000.0,90.0
304.714,-7.582332611083984,0.4105982184410095,0.35479864478111267,0.0659213662147522,0.03945469856262207,1.008795976638794,,,
,,,,,,,65000.0,39000.0,90.0
304.724,6.019197940826416,-1.8195030689239502,0.0757792517542839,0.0619393028318882,0.0184079147875309,1.0180565118789673,,,
,,,,,,,65000.0,39000.0,90.0
304.734,11.085063934326172,0.06307044625282288,-1.0938385725021362,0.07118911296129227,0.014088806696236134,0.9662997126579285,,,
,,,,,,,65000.0,39000.0,90.0
304.744,-7.178950309753418,1.7416187524795532,-0.7051305770874023,0.06648776680231094,0.07806584984064102,0.9971781969070435,,,
,,,,,,,65000.0,39000.0,90.0
304.754,4.6502885818481445,-0.8378432989120483,1.4524192810058594,0.06255997717380524,0.03172940015792847,1.0220911502838135,,,
,,,,,,,65000.0,41000.0,90.0
304.764,-7.365480899810791,0.9818585515022278,-0.7631447315216064,0.06666333973407745,0.004660468082875013,1.0038955211639404,,,
,,,,,,,65000.0,41000.0,90.0
304.774,-3.3210959434509277,-0.8028803467750549,-0.027248024940490723,0.061387985944747925,0.04654895141720772,1.0233991146087646,,,
,,,,,,,65000.0,41000.0,90.0
304.784,0.8506159782409668,-0.1493864208459854,0.512144923210144,0.06774990260601044,0.03623878210783005,0.9812363982200623,,,
,,,,,,,65000.0,41000.0,90.0
304.794,-5.91148567199707,0.8954401016235352,-0.6392204165458679,0.0676010400056839,0.032069504261016846,0.9940282702445984,,,
,,,,,,,65000.0,41000.0,90.0
304.804,17.865673065185547,-1.9481406211853027,0.316547155380249,0.06544968485832214,0.01823534443974495,1.010715126991272,,,
,,,,,,,65000.0,41000.0,90.0
304.814,4.072075843811035,1.504323124885559,-1.2186834812164307,0.06982240825891495,0.03277277946472168,0.9716359972953796,,,
,,,,,,,65000.0,41000.0,90.0
304.824,-8.710355758666992,0.8725430965423584,0.12521803379058838,0.05956284701824188,0.07450408488512039,1.030568242073059,,,
,,,,,,,65000.0,41000.0,90.0
304.834,2.6799046993255615,-1.2335542440414429,1.2955620288848877,0.061466749757528305,0.013395421206951141,1.0193486213684082,,,
,,,,,,,65000.0,41000.0,90.0
304.844,-11.05720329284668,1.093221664428711,-1.3415251970291138,0.06517230719327927,0.017568523064255714,0.9979338645935059,,,
,,,,,,,65000.0,42000.0,90.0
304.854,-0.7042851448059082,-1.4992386102676392,0.6008108854293823,0.060860518366098404,0.05289581045508385,1.022120714187622,,,
,,,,,,,65000.0,42000.0,90.0
304.864,2.754136562347412,-0.46986502408981323,0.21372587978839874,0.06990768760442734,0.020535994321107864,0.9765132665634155,,,
,,,,,,,65000.0,42000.0,90.0
304.874,2.513303518295288,0.6540932059288025,-0.7270339131355286,0.06878998875617981,0.026474473997950554,0.982824981212616,,,
,,,,,,,65000.0,42000.0,90.0
304.884,6.655085563659668,-0.5048477649688721,0.30719006061553955,0.0642666146159172,0.04775157570838928,1.0067880153656006,,,
,,,,,,,65000.0,42000.0,90.0
304.894,-6.640758991241455,0.8913228511810303,-0.48888635635375977,0.0641321986913681,0.03309012949466705,1.0156159400939941,,,
,,,,,,,65000.0,42000.0,90.0
304.904,3.737238645553589,-0.9446467161178589,0.04548892378807068,0.06605084985494614,0.016081811860203743,1.0210975408554077,,,
,,,,,,,65000.0,42000.0,90.0
304.914,-0.371805340051651,0.046145468950271606,-0.29185760021209717,0.06805752962827682,0.03441867604851723,0.9911323189735413,,,
,,,,,,,65000.0,42000.0,90.0
304.924,-4.833615303039551,0.11856385320425034,0.0028379284776747227,0.064958855509758,0.05538202449679375,0.9970377683639526,,,
,,,,,,,65000.0,42000.0,90.0
304.934,1.2483421564102173,-0.5422733426094055,0.1829371154308319,0.06283392757177353,0.023292439058423042,1.0014935731887817,,,
,,,,,,,65000.0,39000.0,90.0
304.944,0.5205475687980652,-0.07563132792711258,-0.2106962502002716,0.06276611983776093,0.018101707100868225,1.0046149492263794,,,
,,,,,,,65000.0,39000.0,90.0
304.954,2.0495951175689697,-0.3835124671459198,0.11490999162197113,0.06299758702516556,0.04384937509894371,1.0114232301712036,,,
,,,,,,,65000.0,39000.0,90.0
304.964,0.1933128535747528,-0.7179796695709229,0.005187224131077528,0.06773490458726883,0.03622543439269066,1.0040090084075928,,,
,,,,,,,65000.0,39000.0,90.0
304.974,5.811119556427002,-0.46817633509635925,-0.6004817485809326,0.06842849403619766,0.024427326396107674,0.9855522513389587,,,
,,,,,,,65000.0,39000.0,90.0
304.984,-2.241105318069458,1.8682372570037842,-0.19348075985908508,0.07254224270582199,0.05342855677008629,0.9751090407371521,,,
,,,,,,,65000.0,39000.0,90.0
304.994,-18.811935424804688,1.0533615350723267,0.6091322898864746,0.05896573141217232,0.06742485612630844,1.0385067462921143,,,
,,,,,,,65000.0,39000.0,90.0
305.004,9.507845878601074,-2.5331430435180664,-0.17862246930599213,0.053923945873975754,-0.020373042672872543,1.0308403968811035,,,
,,,,,,,65000.0,39000.0,90.0
305.014,3.067089796066284,0.43067702651023865,-1.641484260559082,0.07503101974725723,0.008695266209542751,0.9778138399124146,,,
,,,,,,,65000.0,38000.0,90.0
305.024,0.05354120582342148,-0.5035048723220825,0.24507124722003937,0.062397364526987076,0.09349934756755829,0.9988933801651001,,,
,,,,,,,65000.0,38000.0,90.0
305.034,9.06745433807373,-0.8201909065246582,0.9297268390655518,0.06824841350317001,0.03239875286817551,0.9738654494285583,,,
,,,,,,,65000.0,38000.0,90.0
305.044,-7.367561340332031,2.673063039779663,-1.4615042209625244,0.0652272030711174,0.013771764002740383,0.9989120364189148,,,
,,,,,,,65000.0,38000.0,90.0
305.054,5.273724555969238,-1.1642042398452759,1.1946849822998047,0.05760039761662483,0.03885123133659363,1.0386135578155518,,,
,,,,,,,65000.0,38000.0,90.0
305.064,-13.898157119750977,0.11129410564899445,-0.2972251772880554,0.060198355466127396,0.036644190549850464,1.0119181871414185,,,
,,,,,,,65000.0,38000.0,90.0
305.074,0.6634888648986816,-1.4456990957260132,-0.04196569696068764,0.060986943542957306,0.016589365899562836,1.0085076093673706,,,
,,,,,,,65000.0,38000.0,90.0
305.084,5.524701118469238,-0.20878277719020844,-0.21112899482250214,0.06995992362499237,0.030017079785466194,0.9717883467674255,,,
,,,,,,,65000.0,38000.0,90.0
305.094,-1.5894173383712769,0.7378692626953125,-0.39994385838508606,0.06811975687742233,0.052372273057699203,0.993889331817627,,,
,,,,,,,65000.0,38000.0,90.0
305.104,9.944034576416016,-0.536588191986084,0.6330603957176208,0.06311774253845215,0.027111073955893517,1.0064842700958252,,,
,,,,,,,65000.0,38000.0,90.0
305.114,-5.885876178741455,1.2224068641662598,-0.9827929735183716,0.062399622052907944,0.028798796236515045,1.0056208372116089,,,
,,,,,,,65000.0,38000.0,90.0
305.124,1.0915447473526,-1.1952351331710815,0.8628249168395996,0.0624191015958786,0.045761216431856155,1.0240055322647095,,,
,,,,,,,65000.0,38000.0,90.0
305.134,-4.73199462890625,-0.16471853852272034,-0.10685203224420547,0.06637801229953766,0.03160534426569939,0.9956521987915039,,,
,,,,,,,65000.0,38000.0,90.0
305.144,-1.1072025299072266,0.3555828630924225,-0.14241699874401093,0.06574837118387222,0.028126975521445274,0.9985066056251526,,,
,,,,,,,65000.0,38000.0,90.0
305.154,2.1645920276641846,-0.11762548238039017,0.2511192560195923,0.06645078212022781,0.03996611386537552,1.0012913942337036,,,
,,,,,,,65000.0,38000.0,90.0
305.164,1.1017812490463257,0.2513241171836853,-0.2669129967689514,0.06666068732738495,0.030499430373311043,1.0004948377609253,,,
,,,,,,,65000.0,38000.0,90.0
305.174,3.59480619430542,-0.10630039125680923,-0.1540360003709793,0.06420667469501495,0.031020743772387505,1.0057424306869507,,,
,,,,,,,65000.0,38000.0,90.0
305.184,-2.813060760498047,-0.09679844230413437,-0.2836616337299347,0.0619039386510849,0.04024253785610199,1.0021463632583618,,,
,,,,,,,65000.0,39000.0,90.0
305.194,-1.1529526710510254,-0.3705315589904785,0.24228398501873016,0.06493278592824936,0.03372053802013397,1.0022032260894775,,,
,,,,,,,65000.0,39000.0,90.0
305.204,-1.629449725151062,0.005844700615853071,-0.282708078622818,0.06537608802318573,0.028201326727867126,0.9985758066177368,,,
,,,,,,,65000.0,39000.0,90.0
305.214,0.5239462852478027,0.09134653955698013,0.1905907541513443,0.06429535895586014,0.03211212530732155,1.0036426782608032,,,
,,,,,,,65000.0,39000.0,90.0
305.224,0.6110065579414368,0.015073676593601704,0.19909538328647614,0.06533587723970413,0.033621836453676224,1.0059891939163208,,,
,,,,,,,65000.0,39000.0,90.0
305.234,1.4471968412399292,-0.5089958310127258,-0.10682395100593567,0.06294866651296616,0.028528904542326927,0.9985664486885071,,,
,,,,,,,65000.0,39000.0,90.0
305.244,0.9146646857261658,-0.28018033504486084,0.10537583380937576,0.06480744481086731,0.03587031736969948,1.0026739835739136,,,
,,,,,,,65000.0,39000.0,90.0
305.254,-1.4603732824325562,0.3078017234802246,-0.08826819062232971,0.06563875079154968,0.03865683451294899,1.0028388500213623,,,
,,,,,,,65000.0,39000.0,90.0
305.264,-1.0010064840316772,0.036904796957969666,-0.11379018425941467,0.06528349220752716,0.031083974987268448,1.0037732124328613,,,
,,,,,,,65000.0,40000.0,90.0
305.274,-0.39981943368911743,-0.2524990141391754,-0.1767546832561493,0.06313487142324448,0.029313459992408752,1.0049412250518799,,,
,,,,,,,65000.0,40000.0,90.0
305.284,1.1379083395004272,0.14277416467666626,-0.07265759259462357,0.06388195604085922,0.03293422982096672,1.0015066862106323,,,
,,,,,,,65000.0,40000.0,90.0
305.294,-0.1063743606209755,0.10610141605138779,-0.0335252620279789,0.06565877795219421,0.03561652824282646,1.0031911134719849,,,
,,,,,,,65000.0,40000.0,90.0
305.304,-0.13382752239704132,0.19071801006793976,-0.22165164351463318,0.06683652102947235,0.03314782306551933,1.0013831853866577,,,
,,,,,,,65000.0,40000.0,90.0
305.314,-2.5916616916656494,-0.06259256601333618,-0.23709417879581451,0.06290866434574127,0.03518326207995415,1.005062460899353,,,
,,,,,,,65000.0,40000.0,90.0
305.324,4.51338005065918,-0.7860409617424011,0.10866720974445343,0.06376803666353226,0.022868720814585686,0.9989072680473328,,,
,,,,,,,65000.0,40000.0,90.0
305.334,-0.45613041520118713,0.2393168956041336,-0.11419367790222168,0.06384053826332092,0.03891557455062866,0.9969857335090637,,,
,,,,,,,65000.0,40000.0,90.0
305.344,-2.033869504928589,-0.16921816766262054,0.19248485565185547,0.06227488070726395,0.046647630631923676,1.0090473890304565,,,
,,,,,,,65000.0,40000.0,90.0
305.354,-0.9321657419204712,-0.2095496505498886,0.07500125467777252,0.06398763507604599,0.02515815757215023,1.0031592845916748,,,
,,,,,,,65000.0,40000.0,90.0
305.364,-1.148376226425171,0.13495129346847534,-0.1005321517586708,0.06431067734956741,0.02922847494482994,1.0064619779586792,,,
,,,,,,,65000.0,40000.0,90.0
305.374,1.787903070449829,-0.20835165679454803,0.34905382990837097,0.06382844597101212,0.034270886331796646,1.0039187669754028,,,
,,,,,,,65000.0,40000.0,90.0
305.384,-0.264423668384552,-0.05269569531083107,-0.21188294887542725,0.06612084805965424,0.030405700206756592,0.997458279132843,,,
,,,,,,,65000.0,40000.0,90.0
305.394,2.310358762741089,-0.27184605598449707,-0.03430197387933731,0.06443274766206741,0.03334478288888931,1.0053194761276245,,,
,,,,,,,65000.0,40000.0,90.0
305.404,-0.9937987327575684,0.21324630081653595,-0.10614006966352463,0.06625775992870331,0.036384742707014084,1.0028821229934692,,,
,,,,,,,65000.0,40000.0,90.0
305.414,-1.2609422206878662,0.12958750128746033,-0.28618842363357544,0.0659339651465416,0.03325587883591652,1.0028223991394043,,,
,,,,,,,65000.0,40000.0,90.0
305.424,-0.3892936110496521,-0.007351712789386511,0.08590277284383774,0.06518405675888062,0.032201606780290604,1.0023714303970337,,,
,,,,,,,65000.0,40000.0,90.0
305.434,-0.6761900186538696,-0.14602361619472504,-0.028008760884404182,0.06359376758337021,0.033400241285562515,1.0031722784042358,,,
,,,,,,,65000.0,40000.0,90.0
305.444,1.4758442640304565,-0.2702663242816925,0.11036115884780884,0.062041014432907104,0.030093152076005936,1.0015745162963867,,,
,,,,,,,65000.0,42000.0,90.0
305.454,0.6124212145805359,-0.027286997064948082,-0.25666940212249756,0.06556353718042374,0.033185381442308426,1.001381516456604,,,
,,,,,,,65000.0,42000.0,90.0
305.464,-1.302123785018921,0.007522475905716419,-0.16591672599315643,0.06627653539180756,0.04010133445262909,1.0027155876159668,,,
,,,,,,,65000.0,42000.0,90.0
305.474,-2.627105474472046,0.0835183784365654,-0.044012799859046936,0.06674318015575409,0.03521222993731499,1.0129992961883545,,,
,,,,,,,65000.0,42000.0,90.0
305.484,6.667074203491211,-0.9758207201957703,0.20648524165153503,0.06514265388250351,0.01648217812180519,0.9961521625518799,,,
,,,,,,,65000.0,42000.0,90.0
305.494,1.0744900703430176,0.40323948860168457,-0.20076340436935425,0.06437923014163971,0.04188106954097748,0.9900292754173279,,,
,,,,,,,65000.0,42000.0,90.0
305.504,-3.3658151626586914,-0.07021434605121613,0.09818660467863083,0.0631135106086731,0.05568397790193558,1.0096831321716309,,,
,,,,,,,65000.0,42000.0,90.0
305.514,-1.4949110746383667,0.25830307602882385,-0.1663355976343155,0.06313241273164749,0.02143944799900055,1.0027843713760376,,,
,,,,,,,65000.0,42000.0,90.0
305.524,-2.3636906147003174,0.2677695155143738,-0.1820930540561676,0.06407582759857178,0.025585154071450233,1.0048325061798096,,,
,,,,,,,65000.0,42000.0,90.0
305.534,1.5393346548080444,-0.2937246561050415,0.3689095973968506,0.06286194920539856,0.03808123990893364,1.0082709789276123,,,
,,,,,,,65000.0,42000.0,90.0
305.544,0.947911262512207,-0.11550290137529373,-0.24365893006324768,0.06705746054649353,0.02865971438586712,0.9922279715538025,,,
,,,,,,,65000.0,42000.0,90.0
305.554,1.4916861057281494,0.13233502209186554,-0.3103157877922058,0.06395168602466583,0.03721356391906738,1.0041123628616333,,,
,,,,,,,65000.0,42000.0,90.0
305.564,0.4567042887210846,-0.0017166411271318793,-0.01603824272751808,0.06448997557163239,0.035228125751018524,1.0077428817749023,,,
,,,,,,,65000.0,42000.0,90.0
305.574,-1.3306331634521484,-0.2667291760444641,-0.28966495394706726,0.06564492732286453,0.029182767495512962,1.004759669303894,,,
,,,,,,,65000.0,42000.0,90.0
305.584,-1.2455267906188965,-0.3668099045753479,-0.37483829259872437,0.06512606143951416,0.034787002950906754,1.003164291381836,,,
,,,,,,,65000.0,42000.0,90.0
305.594,-1.6085643768310547,-0.0910201221704483,-0.006821697112172842,0.06541413813829422,0.036023929715156555,1.0003657341003418,,,
,,,,,,,65000.0,42000.0,90.0
305.604,1.2751107215881348,-0.19362492859363556,0.22867566347122192,0.06588442623615265,0.030410412698984146,0.9991924166679382,,,
,,,,,,,65000.0,42000.0,90.0
305.614,1.0030614137649536,-0.3356359601020813,-0.24448731541633606,0.06438668817281723,0.03507460653781891,1.0040886402130127,,,
,,,,,,,65000.0,42000.0,90.0
305.624,0.9586975574493408,-0.24607953429222107,-0.19869869947433472,0.06487623602151871,0.03495730459690094,1.002755045890808,,,
,,,,,,,65000.0,42000.0,90.0
305.634,-0.04726755991578102,-0.21234716475009918,-0.089961476624012,0.06550883501768112,0.0320855937898159,0.9994267821311951,,,
,,,,,,,65000.0,42000.0,90.0
305.644,-1.3534258604049683,0.17500457167625427,-0.08959341794252396,0.06323660165071487,0.03653150051832199,1.0014712810516357,,,
,,,,,,,65000.0,42000.0,90.0
305.654,-0.691028356552124,0.193160742521286,0.10708954930305481,0.0637466311454773,0.03485747054219246,1.0031667947769165,,,
,,,,,,,65000.0,42000.0,90.0
305.664,-0.5553873181343079,0.01986355148255825,0.033195991069078445,0.06737001985311508,0.030794046819210052,1.0025410652160645,,,
,,,,,,,65000.0,42000.0,90.0
305.674,0.9443089962005615,-0.32333219051361084,-0.07121329754590988,0.06620346009731293,0.03148003667593002,1.0058834552764893,,,
,,,,,,,65000.0,42000.0,90.0
305.684,1.0583478212356567,-0.43084046244621277,0.2239656150341034,0.06603151559829712,0.03627830371260643,1.0004701614379883,,,
,,,,,,,65000.0,42000.0,90.0
305.694,0.061207037419080734,0.061736829578876495,0.04227772727608681,0.06395866721868515,0.0346248559653759,1.0017389059066772,,,
,,,,,,,65000.0,42000.0,90.0
305.704,-0.5707813501358032,0.1936907172203064,-0.08281351625919342,0.06450899690389633,0.035384949296712875,1.0014166831970215,,,
,,,,,,,65000.0,42000.0,90.0
305.714,-0.9387145042419434,-0.04147292673587799,-0.16691942512989044,0.06511729210615158,0.032185617834329605,1.001397967338562,,,
,,,,,,,65000.0,42000.0,90.0
305.724,-0.48044705390930176,-0.11644188314676285,0.29146721959114075,0.06370788812637329,0.03275546804070473,1.005832314491272,,,
,,,,,,,65000.0,42000.0,90.0
305.734,0.5494281649589539,-0.18234200775623322,0.028828581795096397,0.0633070096373558,0.030212773010134697,1.0021215677261353,,,
,,,,,,,65000.0,42000.0,90.0
305.744,0.6458304524421692,-0.014585676603019238,0.032811786979436874,0.0651044026017189,0.03353145346045494,1.0028935670852661,,,
,,,,,,,65000.0,42000.0,90.0
305.754,0.5681633353233337,-0.07617544382810593,0.0907251238822937,0.06449329853057861,0.03523993119597435,1.002897024154663,,,
,,,,,,,65000.0,42000.0,90.0
305.764,0.06583312153816223,-0.1609894335269928,-0.19129283726215363,0.06325558573007584,0.03486437723040581,1.0022045373916626,,,
,,,,,,,65000.0,42000.0,90.0
305.774,-0.9470208883285522,-0.30479004979133606,-0.09456489980220795,0.06503926217556,0.03688269853591919,1.0045777559280396,,,
,,,,,,,65000.0,39000.0,90.0
305.784,-0.31900349259376526,-0.25092679262161255,-0.0022293967194855213,0.06488484144210815,0.03131211921572685,1.0025501251220703,,,
,,,,,,,65000.0,39000.0,90.0
305.794,0.23339909315109253,0.01664431206882,-0.32224997878074646,0.06284499168395996,0.034681931138038635,1.0012226104736328,,,
,,,,,,,65000.0,39000.0,90.0
305.804,1.47147536277771,-0.7053061723709106,-0.07603101432323456,0.0658736526966095,0.03418095409870148,1.0153746604919434,,,
,,,,,,,65000.0,39000.0,90.0
305.814,7.022353649139404,-0.7244025468826294,-0.6081028580665588,0.06755019724369049,0.02429688349366188,0.9969515204429626,,,
,,,,,,,65000.0,39000.0,90.0
305.824,-2.9063148498535156,1.7676225900650024,-0.15956512093544006,0.07051511108875275,0.05180627107620239,0.9725909233093262,,,
,,,,,,,65000.0,39000.0,90.0
305.834,-18.092628479003906,0.9127463698387146,0.4081580638885498,0.05694807693362236,0.06963018327951431,1.0345345735549927,,,
,,,,,,,65000.0,39000.0,90.0
305.844,9.41612720489502,-2.2566707134246826,1.0434670448303223,0.05647711083292961,-0.01716204173862934,1.0286136865615845,,,
,,,,,,,65000.0,39000.0,90.0
305.854,1.9689548015594482,0.18971003592014313,-1.620619535446167,0.07441838830709457,0.008692646399140358,0.9763433337211609,,,
,,,,,,,65000.0,39000.0,90.0
305.864,1.6091156005859375,-0.8336799740791321,-0.39188796281814575,0.06563642621040344,0.08775874227285385,1.004809021949768,,,
,,,,,,,65000.0,39000.0,90.0
305.874,7.4673991203308105,-0.3483853042125702,0.6719197630882263,0.07140965759754181,0.03505773842334747,0.97506183385849,,,
,,,,,,,65000.0,39000.0,90.0
305.884,-8.284270286560059,2.1185615062713623,-1.128334403038025,0.06653471291065216,0.017972245812416077,0.9988900423049927,,,
,,,,,,,65000.0,39000.0,90.0
305.894,4.6107072830200195,-1.1422336101531982,1.0136765241622925,0.05922703072428703,0.03854496777057648,1.0425758361816406,,,
,,,,,,,65000.0,39000.0,90.0
305.904,-8.019946098327637,0.15450461208820343,-0.2500403821468353,0.06625261902809143,0.0253748781979084,1.0033878087997437,,,
,,,,,,,65000.0,39000.0,90.0
305.914,0.5847780108451843,-0.6939671039581299,-0.14812912046909332,0.06757137924432755,0.026482922956347466,0.9965410232543945,,,
,,,,,,,65000.0,39000.0,90.0
305.924,2.9907665252685547,-0.03673842176795006,0.016499482095241547,0.06729798763990402,0.042698416858911514,0.9839751124382019,,,
,,,,,,,65000.0,39000.0,90.0
305.934,-0.22594907879829407,0.33068397641181946,0.1386384516954422,0.0680917501449585,0.036871857941150665,0.9999382495880127,,,
,,,,,,,65000.0,39000.0,90.0
305.944,5.74398946762085,-0.6001593470573425,0.09257704019546509,0.06630051136016846,0.022901786491274834,1.0130290985107422,,,
,,,,,,,65000.0,37000.0,90.0
305.954,-4.179841041564941,0.3517536222934723,-0.5821191072463989,0.06428125500679016,0.03617241233587265,1.0118943452835083,,,
,,,,,,,65000.0,37000.0,90.0
305.964,-0.2542862892150879,-0.6037298440933228,0.16923196613788605,0.06396850943565369,0.03927374631166458,1.0053834915161133,,,
,,,,,,,65000.0,37000.0,90.0
305.974,-2.7084014415740967,0.4906749129295349,0.15593640506267548,0.06648966670036316,0.03241924196481705,0.9912898540496826,,,
,,,,,,,65000.0,37000.0,90.0
305.984,3.8709123134613037,-0.27038535475730896,0.014265584759414196,0.06541222333908081,0.028137048706412315,1.0000654458999634,,,
,,,,,,,65000.0,37000.0,90.0
305.994,2.8767223358154297,0.7197085022926331,-0.16242584586143494,0.06747757643461227,0.0346243791282177,0.9873409271240234,,,
,,,,,,,65000.0,37000.0,90.0
306.004,-12.282278060913086,0.5269410014152527,-0.30364808440208435,0.06259406358003616,0.054368406534194946,1.0222067832946777,,,
,,,,,,,65000.0,37000.0,90.0
306.014,8.746027946472168,-1.8121559619903564,0.7447113990783691,0.06361482292413712,0.004053444601595402,1.0120830535888672,,,
,,,,,,,65000.0,37000.0,90.0
306.024,-2.615712881088257,0.7119174003601074,-1.241693377494812,0.06927475333213806,0.026959117501974106,0.9827399253845215,,,
,,,,,,,65000.0,37000.0,90.0
306.034,3.1936044692993164,-0.7723578214645386,0.703877866268158,0.061264149844646454,0.058269016444683075,1.0080444812774658,,,
,,,,,,,65000.0,35000.0,90.0
306.044,0.8753275275230408,0.46249082684516907,0.39031997323036194,0.06576468795537949,0.02503390982747078,0.9870959520339966,,,
,,,,,,,65000.0,35000.0,90.0
306.054,-3.6018106937408447,0.7559425234794617,-0.7686819434165955,0.06298157572746277,0.025961974635720253,1.015388011932373,,,
,,,,,,,65000.0,35000.0,90.0
306.064,6.68057107925415,-1.3495084047317505,0.28677862882614136,0.060273170471191406,0.03379989415407181,1.0146299600601196,,,
,,,,,,,65000.0,35000.0,90.0
306.074,-7.160820007324219,1.072292447090149,-0.9395831227302551,0.06629613041877747,0.037579815834760666,0.982746958732605,,,
,,,,,,,65000.0,35000.0,90.0
306.084,-2.5984857082366943,-0.1732829511165619,0.38256484270095825,0.06417756527662277,0.04376192390918732,1.0140873193740845,,,
,,,,,,,65000.0,35000.0,90.0
306.094,3.4394285678863525,-0.31151890754699707,0.48172178864479065,0.06949509680271149,0.015731938183307648,0.9977729320526123,,,
,,,,,,,65000.0,35000.0,90.0
306.104,-0.5152157545089722,0.23119810223579407,-0.6198853254318237,0.06618284434080124,0.030951261520385742,1.0032814741134644,,,
,,,,,,,65000.0,35000.0,90.0
306.114,6.45481014251709,-0.9022172093391418,0.3159458637237549,0.06342358887195587,0.04291435331106186,1.0055259466171265,,,
,,,,,,,65000.0,35000.0,90.0
306.124,-3.7029223442077637,0.5419766902923584,-0.5771341919898987,0.06630849838256836,0.039124272763729095,0.9936923980712891,,,
,,,,,,,65000.0,35000.0,90.0
306.134,0.6293910145759583,-0.40830275416374207,-0.1288958191871643,0.06533747911453247,0.037171296775341034,1.0096824169158936,,,
,,,,,,,65000.0,35000.0,90.0
306.144,-3.387730121612549,0.021772067993879318,0.0178337711840868,0.06736629456281662,0.03655119612812996,1.0068325996398926,,,
,,,,,,,65000.0,35000.0,90.0
306.154,-1.3725003004074097,-0.06294386088848114,0.08587051928043365,0.0635429322719574,0.030891474336385727,1.0058867931365967,,,
,,,,,,,65000.0,35000.0,90.0
306.164,1.9784682989120483,-0.5140367150306702,0.41255056858062744,0.061794403940439224,0.03103599138557911,0.9995677471160889,,,
,,,,,,,65000.0,35000.0,90.0
306.174,0.5888547897338867,-0.06095893308520317,0.07164950668811798,0.06540469080209732,0.03292892873287201,0.9978430271148682,,,
,,,,,,,65000.0,35000.0,90.0
306.184,2.484441041946411,-0.5466435551643372,0.432106077671051,0.0648505762219429,0.032990243285894394,1.0046690702438354,,,
,,,,,,,65000.0,35000.0,90.0
306.194,-1.8002032041549683,0.337271511554718,-0.12275125086307526,0.06575208902359009,0.03165090084075928,1.002742052078247,,,
,,,,,,,65000.0,35000.0,90.0
306.204,-1.3942325115203857,-0.13595804572105408,0.1747523695230484,0.06345967203378677,0.03254205733537674,1.0033787488937378,,,
,,,,,,,65000.0,35000.0,90.0
306.214,-0.8597471714019775,-0.3842872381210327,-0.22070325911045074,0.06690859794616699,0.02969812974333763,1.0042983293533325,,,
,,,,,,,65000.0,35000.0,90.0
306.224,-0.14014115929603577,0.005867444444447756,-0.1966734081506729,0.06333479285240173,0.029455307871103287,1.002521276473999,,,
,,,,,,,65000.0,35000.0,90.0
306.234,1.6730269193649292,-0.5472058653831482,0.003811571281403303,0.06275372952222824,0.02949441410601139,0.9988356232643127,,,
,,,,,,,65000.0,35000.0,90.0
306.244,0.9192185997962952,0.325694739818573,0.02097286470234394,0.06340008229017258,0.03447660058736801,1.0025779008865356,,,
,,,,,,,65000.0,35000.0,90.0
306.254,0.42994651198387146,-0.3085803985595703,0.085300512611866,0.06406357884407043,0.03651896491646767,1.0059868097305298,,,
,,,,,,,65000.0,35000.0,90.0
306.264,-1.1146847009658813,0.09375905245542526,-0.21322320401668549,0.06528881937265396,0.03539271280169487,1.0052469968795776,,,
,,,,,,,65000.0,35000.0,90.0
306.274,-0.8549312353134155,-0.1519777774810791,0.024989571422338486,0.06504334509372711,0.03659253939986229,1.0062358379364014,,,
,,,,,,,65000.0,35000.0,90.0
306.284,-0.19643068313598633,0.19221730530261993,-0.07061714679002762,0.0644456297159195,0.03759007528424263,0.998050332069397,,,
,,,,,,,65000.0,37000.0,90.0
306.294,0.7048364281654358,-0.10502352565526962,0.041939858347177505,0.06517039239406586,0.03689432144165039,1.0017404556274414,,,
,,,,,,,65000.0,37000.0,90.0
306.304,0.9985142350196838,-0.7760164737701416,-0.12137258797883987,0.06462091952562332,0.03437411040067673,1.0041098594665527,,,
,,,,,,,65000.0,37000.0,90.0
306.314,0.42689618468284607,0.11870312690734863,0.11597181856632233,0.06367859989404678,0.03827090188860893,1.004425287246704,,,
,,,,,,,65000.0,37000.0,90.0
306.324,-1.0464812517166138,-0.4771551191806793,0.07874911278486252,0.06407105177640915,0.033401623368263245,0.9985647201538086,,,
,,,,,,,65000.0,37000.0,90.0
306.334,-1.8363274335861206,0.5018433332443237,-0.1827351599931717,0.06840168684720993,0.0330110639333725,0.9948760867118835,,,
,,,,,,,65000.0,37000.0,90.0
306.344,-1.1790066957473755,-0.3423801362514496,-0.10599388182163239,0.06258584558963776,0.03748534992337227,1.0173202753067017,,,
,,,,,,,65000.0,37000.0,90.0
306.354,9.95775032043457,-0.6186736822128296,0.039944760501384735,0.06830645352602005,0.012623341754078865,0.9949837327003479,,,
,,,,,,,65000.0,37000.0,90.0
306.364,-4.286177635192871,0.7091108560562134,-0.815839946269989,0.06631000339984894,0.04878653213381767,0.9973583817481995,,,
,,,,,,,65000.0,37000.0,90.0
306.374,0.9064860939979553,-0.7586574554443359,0.6063581705093384,0.0648132935166359,0.04286258667707443,1.0134527683258057,,,
,,,,,,,65000.0,40000.0,90.0
306.384,-3.4040887355804443,0.12878641486167908,-0.3592498302459717,0.06442231684923172,0.015530893579125404,0.9986039996147156,,,
,,,,,,,65000.0,40000.0,90.0
306.394,-1.8152847290039062,-0.19121153652668,-0.5436765551567078,0.06260284036397934,0.0336332842707634,1.0132921934127808,,,
,,,,,,,65000.0,40000.0,90.0
306.404,-0.3776140809059143,-0.7438288331031799,0.4730325937271118,0.06714770942926407,0.038626816123723984,1.0001710653305054,,,
,,,,,,,65000.0,40000.0,90.0
306.414,-3.572089672088623,0.4422505497932434,-0.18991538882255554,0.06388255953788757,0.02893047221004963,1.0145483016967773,,,
,,,,,,,65000.0,40000.0,90.0
306.424,17.47327423095703,-1.9059019088745117,0.03068937361240387,0.06624198704957962,0.006339785177260637,0.9921553134918213,,,
,,,,,,,65000.0,40000.0,90.0
306.434,-3.7236902713775635,1.7392486333847046,-0.9285257458686829,0.06688807159662247,0.05495975911617279,0.9790341854095459,,,
,,,,,,,65000.0,40000.0,90.0
306.444,-1.2175133228302002,-0.1504465788602829,1.1648517847061157,0.058451008051633835,0.05785996839404106,1.026951789855957,,,
,,,,,,,65000.0,40000.0,90.0
306.454,-2.9560861587524414,0.04486214742064476,0.03787260130047798,0.06694704294204712,0.006757733412086964,1.0059038400650024,,,
,,,,,,,65000.0,40000.0,90.0
306.464,-9.037425994873047,0.3724210560321808,-0.808290958404541,0.06499254703521729,0.03036382794380188,1.0159530639648438,,,
,,,,,,,65000.0,41000.0,90.0
306.474,4.686662673950195,-2.114128828048706,0.8662548661231995,0.06525319069623947,0.03966549038887024,1.001118779182434,,,
,,,,,,,65000.0,41000.0,90.0
306.484,-1.4898079633712769,0.9486888647079468,-0.7607021927833557,0.06918530911207199,0.026615073904395103,0.970382034778595,,,
,,,,,,,65000.0,41000.0,90.0
306.494,7.233916759490967,-0.3627115488052368,0.03554675728082657,0.06384192407131195,0.03848302364349365,1.0025478601455688,,,
,,,,,,,65000.0,41000.0,90.0
306.504,0.9854836463928223,-0.10272271186113358,-0.09646681696176529,0.06649576127529144,0.04044187441468239,1.008495569229126,,,
,,,,,,,65000.0,41000.0,90.0
306.514,-4.316812992095947,-0.16656270623207092,-0.5586357116699219,0.06336278468370438,0.0321471206843853,1.0239734649658203,,,
,,,,,,,65000.0,41000.0,90.0
306.524,5.317351818084717,-1.3910856246948242,0.1784525215625763,0.06558166444301605,0.020459426566958427,1.003541111946106,,,
,,,,,,,65000.0,41000.0,90.0
306.534,-7.875155925750732,1.0288814306259155,-0.4177958369255066,0.06563187390565872,0.04741012305021286,0.989706814289093,,,
,,,,,,,65000.0,41000.0,90.0
306.544,0.01098680216819048,-0.7331648468971252,0.7205438017845154,0.06476535648107529,0.04060832038521767,1.0107632875442505,,,
,,,,,,,65000.0,42000.0,90.0
306.554,1.8859890699386597,-0.07153630256652832,-0.3381093740463257,0.06443087011575699,0.009237234480679035,0.9940294027328491,,,
,,,,,,,65000.0,42000.0,90.0
306.564,-0.015915101394057274,-0.03477749601006508,-0.0018567052902653813,0.06408294290304184,0.0369974784553051,1.0121163129806519,,,
,,,,,,,65000.0,42000.0,90.0
306.574,4.039496898651123,-0.8306908011436462,0.42679527401924133,0.06356381624937057,0.036894794553518295,1.0028526782989502,,,
,,,,,,,65000.0,42000.0,90.0
306.584,-3.440828323364258,0.9087581634521484,-0.6741196513175964,0.06599501520395279,0.03036481700837612,0.9905263781547546,,,
,,,,,,,65000.0,42000.0,90.0
306.594,-1.7524521350860596,0.4845147430896759,0.08316774666309357,0.0630081444978714,0.04473415017127991,1.0172897577285767,,,
,,,,,,,65000.0,42000.0,90.0
306.604,2.030512571334839,-0.46677926182746887,0.22998489439487457,0.06400015205144882,0.021768489852547646,1.008664608001709,,,
,,,,,,,65000.0,42000.0,90.0
306.614,3.350337028503418,-0.019400687888264656,-0.35061025619506836,0.06651493161916733,0.02798118069767952,0.9946647882461548,,,
,,,,,,,65000.0,42000.0,90.0
306.624,-2.093681573867798,0.072158083319664,0.006046835333108902,0.06292317807674408,0.055613063275814056,1.000399112701416,,,
,,,,,,,65000.0,42000.0,90.0
306.634,-1.8565185070037842,0.23306556046009064,0.06263405829668045,0.06502004712820053,0.033986929804086685,1.003523826599121,,,
,,,,,,,65000.0,42000.0,90.0
306.644,0.44110196828842163,-0.10648662596940994,-0.29045814275741577,0.06693467497825623,0.02080247737467289,1.0026452541351318,,,
,,,,,,,65000.0,42000.0,90.0
306.654,-1.3055317401885986,-0.2800314426422119,0.009732572361826897,0.061507295817136765,0.03800662234425545,1.0093473196029663,,,
,,,,,,,65000.0,42000.0,90.0
306.664,1.039267659187317,-0.29230600595474243,0.2922740876674652,0.0629064068198204,0.034677617251873016,1.000029444694519,,,
,,,,,,,65000.0,42000.0,90.0
306.674,0.7174242734909058,0.10658824443817139,-0.09411394596099854,0.06581879407167435,0.03373691812157631,0.9965150356292725,,,
,,,,,,,65000.0,42000.0,90.0
306.684,0.598871111869812,-0.02064538188278675,-0.03853306919336319,0.06428536027669907,0.040243733674287796,1.0100291967391968,,,
,,,,,,,65000.0,42000.0,90.0
306.694,-0.7228370308876038,-0.12996597588062286,-0.08940545469522476,0.06574501097202301,0.03260691836476326,1.006859540939331,,,
,,,,,,,65000.0,42000.0,90.0
306.704,-0.9264337420463562,-0.06466574966907501,-0.1620919108390808,0.06249501556158066,0.03264538571238518,1.0052534341812134,,,
,,,,,,,65000.0,42000.0,90.0
306.714,-0.7148109674453735,-0.24265670776367188,0.049435555934906006,0.06346262246370316,0.0385572724044323,1.0029481649398804,,,
,,,,,,,65000.0,42000.0,90.0
306.724,0.24518410861492157,-0.12340045720338821,-0.27767813205718994,0.06653764098882675,0.03276025503873825,1.000913143157959,,,
,,,,,,,65000.0,42000.0,90.0
306.734,0.5623369216918945,0.026652952656149864,0.10962732881307602,0.06562166661024094,0.031301166862249374,1.005744457244873,,,
,,,,,,,65000.0,42000.0,90.0
306.744,0.4390029013156891,-0.3435502052307129,0.07583361119031906,0.06530850380659103,0.03209680691361427,1.0063334703445435,,,
,,,,,,,65000.0,42000.0,90.0
306.754,0.2062031626701355,-0.18405649065971375,-0.13119983673095703,0.06648733466863632,0.032395169138908386,0.9984951615333557,,,
,,,,,,,65000.0,42000.0,90.0
306.764,-1.3426852226257324,0.2965887486934662,-0.08250508457422256,0.06764847785234451,0.03906660154461861,1.0005033016204834,,,
,,,,,,,65000.0,42000.0,90.0
306.774,-0.41154414415359497,0.08559755235910416,0.0201925840228796,0.06429841369390488,0.03673890605568886,0.9993736147880554,,,
,,,,,,,65000.0,42000.0,90.0
306.784,-0.42537161707878113,0.1066020131111145,-0.2562602460384369,0.0646822452545166,0.03220636025071144,1.0006065368652344,,,
,,,,,,,65000.0,42000.0,90.0
306.794,0.13743042945861816,-0.4641110301017761,-0.06598876416683197,0.0651763454079628,0.035235580056905746,1.005257248878479,,,
,,,,,,,65000.0,42000.0,90.0
306.804,1.0345854759216309,-0.012306096963584423,0.13673509657382965,0.06810510158538818,0.031191769987344742,1.0020058155059814,,,
,,,,,,,65000.0,40000.0,90.0
306.814,-0.3691956102848053,-0.3376229703426361,-0.028836555778980255,0.06539319455623627,0.03424595296382904,1.0042269229888916,,,
,,,,,,,65000.0,40000.0,90.0
306.824,-0.2468893826007843,0.034658752381801605,-0.01189724076539278,0.06184080243110657,0.03475198149681091,1.0045545101165771,,,
,,,,,,,65000.0,40000.0,90.0
306.834,-0.489780455827713,0.13343197107315063,-0.04935307055711746,0.06394036114215851,0.03299632668495178,1.0028245449066162,,,
,,,,,,,65000.0,40000.0,90.0
306.844,-0.3217199742794037,-0.24920381605625153,-0.23417700827121735,0.06508678197860718,0.034380391240119934,1.0084779262542725,,,
,,,,,,,65000.0,40000.0,90.0
306.854,2.1656880378723145,-0.8685585856437683,0.01795044168829918,0.06547407805919647,0.028457671403884888,1.0083975791931152,,,
,,,,,,,65000.0,40000.0,90.0
306.864,3.2173845767974854,-0.02323976531624794,-0.2025727778673172,0.06956950575113297,0.03174719214439392,0.9838379621505737,,,
,,,,,,,65000.0,40000.0,90.0
306.874,-11.1337308883667,0.9265449643135071,0.024190576747059822,0.06153976917266846,0.06368561089038849,1.00421142578125,,,
,,,,,,,65000.0,40000.0,90.0
306.884,-1.073734998703003,-0.7838128805160522,0.7991213798522949,0.0594649612903595,0.02167177014052868,1.022206425666809,,,
,,,,,,,65000.0,40000.0,90.0
306.894,4.926673889160156,-0.6505478024482727,-0.4475826323032379,0.06644385308027267,0.0020466477144509554,0.9921746253967285,,,
,,,,,,,65000.0,36000.0,90.0
306.904,-0.14955730736255646,0.08974026888608932,-0.2366444319486618,0.06528037786483765,0.053800422698259354,0.9967002868652344,,,
,,,,,,,65000.0,36000.0,90.0
306.914,5.170608043670654,-1.1225756406784058,0.9314485192298889,0.06421532481908798,0.04342999309301376,0.9954109787940979,,,
,,,,,,,65000.0,36000.0,90.0
306.924,2.7049639225006104,0.3118932247161865,-1.3252592086791992,0.06902553886175156,0.011369609273970127,0.9976248741149902,,,
,,,,,,,65000.0,36000.0,90.0
306.934,1.3318804502487183,1.429376482963562,2.0119221210479736,0.07151228189468384,0.04669131711125374,0.9878019690513611,,,
,,,,,,,65000.0,36000.0,90.0
306.944,-24.108585357666016,-0.07896175235509872,-0.48023340106010437,0.057020194828510284,0.07770933210849762,1.033089280128479,,,
,,,,,,,65000.0,36000.0,90.0
306.954,5.519852161407471,-2.289125680923462,-0.9512684941291809,0.051870908588171005,-0.02328905463218689,1.0368841886520386,,,
,,,,,,,65000.0,36000.0,90.0
306.964,7.0233612060546875,0.12218941748142242,-0.633985698223114,0.07553915679454803,-0.007248655427247286,0.9837821125984192,,,
,,,,,,,65000.0,36000.0,90.0
306.974,0.14990828931331635,-1.1058961153030396,-0.8036869168281555,0.06679544597864151,0.09052833169698715,0.9942108988761902,,,
,,,,,,,65000.0,32767.0,90.0
306.984,9.532414436340332,-1.1661337614059448,1.216799259185791,0.07238849997520447,0.05038056895136833,0.9718376994132996,,,
,,,,,,,65000.0,32767.0,90.0
306.994,-7.592831134796143,2.9236488342285156,-0.9303365349769592,0.06874106824398041,0.011721485294401646,0.9925965070724487,,,
,,,,,,,65000.0,32767.0,90.0
307.004,8.531413078308105,-1.1734418869018555,0.49349457025527954,0.06108196824789047,0.02725701965391636,1.0420273542404175,,,
,,,,,,,65000.0,32767.0,90.0
307.014,-9.205489158630371,0.15969218313694,0.30180537700653076,0.06385907530784607,0.04378519207239151,1.0027674436569214,,,
,,,,,,,65000.0,32767.0,90.0
307.024,-10.1943941116333,0.1906147599220276,-0.2043944150209427,0.06415455043315887,0.043119195848703384,1.0162019729614258,,,
,,,,,,,65000.0,32767.0,90.0
307.034,6.542079448699951,-1.4093661308288574,0.10819476842880249,0.06874172389507294,0.015521494671702385,0.9866476058959961,,,
,,,,,,,65000.0,32767.0,90.0
307.044,-5.216638088226318,1.2920063734054565,-1.343854546546936,0.06607431918382645,0.036353182047605515,0.9901047348976135,,,
,,,,,,,65000.0,32767.0,90.0
307.054,16.424755096435547,-1.5400887727737427,1.294942021369934,0.06501501798629761,0.03379807248711586,1.0054796934127808,,,
,,,,,,,65000.0,32767.0,90.0
307.064,-2.294921398162842,1.1045866012573242,-1.041937232017517,0.07009761035442352,0.03161570802330971,0.9946186542510986,,,
,,,,,,,65000.0,32767.0,90.0
307.074,-0.20690672099590302,-0.43828558921813965,-0.000718740455340594,0.06168118119239807,0.04463988170027733,1.0229249000549316,,,
,,,,,,,57000.0,32767.0,90.0
307.084,-5.914070129394531,-0.40874168276786804,0.1516488939523697,0.06347796320915222,0.03454560413956642,1.0121363401412964,,,
,,,,,,,57000.0,32767.0,90.0
307.094,-3.1357522010803223,-0.14616826176643372,0.18253082036972046,0.06488332897424698,0.021991631016135216,0.9983965754508972,,,
,,,,,,,57000.0,32767.0,90.0
307.104,1.254066824913025,-0.9534397721290588,0.5869132876396179,0.06377744674682617,0.0353543646633625,1.0009815692901611,,,
,,,,,,,57000.0,32767.0,90.0
307.114,1.955963373184204,1.8219362497329712,0.34574756026268005,0.07741740345954895,0.030058009549975395,0.9934454560279846,,,
,,,,,,,57000.0,32767.0,90.0
307.124,1.7223126888275146,0.6835188865661621,-1.3717281818389893,0.057617418467998505,0.030927123501896858,1.003831148147583,,,
,,,,,,,57000.0,32767.0,90.0
307.134,-0.6553109288215637,-1.0021313428878784,0.03157325088977814,0.0643690824508667,0.038378629833459854,1.0138804912567139,,,
,,,,,,,57000.0,32767.0,90.0
307.144,0.37936440110206604,-0.6005663871765137,0.5341924428939819,0.06720650941133499,0.026341034099459648,0.999568521976471,,,
,,,,,,,57000.0,32767.0,90.0
307.154,0.5180265307426453,0.07646900415420532,-0.0032384381629526615,0.06592009216547012,0.03187687322497368,0.996429443359375,,,
,,,,,,,44000.0,32767.0,90.0
307.164,-2.5341079235076904,0.7588018774986267,-0.19913406670093536,0.0663791075348854,0.04634609818458557,1.0107346773147583,,,
,,,,,,,44000.0,32767.0,90.0
307.174,-2.3340280055999756,-0.16662369668483734,-0.19021564722061157,0.061753492802381516,0.03275708109140396,1.0103449821472168,,,
,,,,,,,44000.0,32767.0,90.0
307.184,1.2722324132919312,-1.4675787687301636,-0.18441763520240784,0.06564158201217651,0.022161822766065598,0.9991351366043091,,,
,,,,,,,44000.0,32767.0,90.0
307.194,5.721888065338135,0.4940868318080902,0.7133890390396118,0.0749887153506279,0.029811546206474304,0.9849213361740112,,,
,,,,,,,44000.0,32767.0,90.0
307.204,0.611015260219574,1.2196290493011475,-0.14649714529514313,0.07796633988618851,0.047240033745765686,1.002396821975708,,,
,,,,,,,44000.0,32767.0,90.0
307.214,-6.516083240509033,1.0674519538879395,-0.7399423122406006,0.048382390290498734,0.04381773993372917,1.01314115524292,,,
,,,,,,,44000.0,32767.0,90.0
307.224,-3.2457079887390137,-2.6039912700653076,-0.32711857557296753,0.06761853396892548,0.019732879474759102,1.0155022144317627,,,
,,,,,,,44000.0,32767.0,90.0
307.234,5.205338954925537,-0.9104642868041992,0.24030020833015442,0.06557177007198334,0.017295174300670624,0.9912784099578857,,,
,,,,,,,44000.0,32767.0,90.0
307.244,1.8405300378799438,0.6321607828140259,-0.16409069299697876,0.06958576291799545,0.040334317833185196,0.9915335774421692,,,
,,,,,,,32767.0,32767.0,90.0
307.254,1.1182732582092285,0.07039335370063782,-0.5996875166893005,0.06615463644266129,0.04204127937555313,1.0053091049194336,,,
,,,,,,,32767.0,32767.0,90.0
307.264,-5.142037391662598,-0.6324744820594788,-0.38678187131881714,0.07266019284725189,0.03113875724375248,1.0032562017440796,,,
,,,,,,,32767.0,32767.0,90.0
307.274,4.353142261505127,0.04000891000032425,0.8886106014251709,0.07496275752782822,0.025622425600886345,1.006126880645752,,,
,,,,,,,32767.0,32767.0,90.0
307.284,-0.5234638452529907,2.3455004692077637,0.012437007389962673,0.06290823221206665,0.026951033622026443,1.0028373003005981,,,
,,,,,,,32767.0,32767.0,90.0
307.294,-4.635293960571289,-0.5076723098754883,-0.8575210571289062,0.05867810919880867,0.04057728126645088,1.0193140506744385,,,
,,,,,,,32767.0,32767.0,90.0
307.304,0.08667538315057755,-2.3772027492523193,0.019793733954429626,0.06184186786413193,0.03247976303100586,1.001880407333374,,,
,,,,,,,32767.0,32767.0,90.0
307.314,3.316096305847168,-0.3435608744621277,0.4973442554473877,0.06698045134544373,0.023186657577753067,0.9762819409370422,,,
,,,,,,,32767.0,32767.0,90.0
307.324,2.9559550285339355,1.5927709341049194,-0.2166174203157425,0.07419388741254807,0.03877132758498192,1.0021127462387085,,,
,,,,,,,32767.0,32767.0,90.0
307.334,2.28072190284729,0.32873058319091797,-0.6000986099243164,0.05774207413196564,0.039660096168518066,1.016819953918457,,,
,,,,,,,32767.0,32767.0,90.0
307.344,-7.029667854309082,-0.9078036546707153,-1.050771951675415,0.06851751357316971,0.0320039801299572,1.0149239301681519,,,
,,,,,,,32767.0,32767.0,90.0
307.354,1.3136076927185059,-1.086743712425232,0.6824288964271545,0.06337576359510422,0.035505421459674835,1.001333475112915,,,
,,,,,,,32767.0,32767.0,90.0
307.364,0.04435961693525314,-0.1508636325597763,0.35510343313217163,0.06695043295621872,0.04107862338423729,0.9827022552490234,,,
,,,,,,,32767.0,32767.0,90.0
307.374,0.9529176354408264,0.0502748042345047,0.13346152007579803,0.06572142243385315,0.036319833248853683,0.9930516481399536,,,
,,,,,,,32767.0,32767.0,90.0
307.384,-0.32588690519332886,0.705305278301239,-0.3453698754310608,0.06483462452888489,0.029619619250297546,1.007817268371582,,,
,,,,,,,32767.0,32767.0,90.0
307.394,-0.9984462261199951,-0.12275801599025726,-0.41910770535469055,0.06159815192222595,0.029203683137893677,1.0158861875534058,,,
,,,,,,,32767.0,32767.0,90.0
307.404,2.07954478263855,-0.8568539619445801,0.04208992049098015,0.06173725798726082,0.02702181413769722,1.0076135396957397,,,
,,,,,,,32767.0,32767.0,90.0
307.414,-0.39182084798812866,0.14481376111507416,0.10542760044336319,0.0668748989701271,0.032054297626018524,0.9963008761405945,,,
,,,,,,,32767.0,32767.0,90.0
307.424,-0.384748637676239,0.3293694257736206,0.25836217403411865,0.0640818253159523,0.03774319589138031,1.0018424987792969,,,
,,,,,,,32767.0,32767.0,90.0
307.434,-1.6181397438049316,0.4980308413505554,-0.273115336894989,0.06277165561914444,0.026194380596280098,1.0045932531356812,,,
,,,,,,,32767.0,32767.0,90.0
307.444,1.0180652141571045,-0.3346095383167267,-0.017069008201360703,0.061315614730119705,0.027964971959590912,1.0072280168533325,,,
,,,,,,,32767.0,32767.0,90.0
307.454,0.542449414730072,-0.3882703185081482,-0.0959952250123024,0.06327269971370697,0.03873468562960625,1.001439094543457,,,
,,,,,,,32767.0,32767.0,90.0
307.464,0.4315960705280304,-0.17659205198287964,0.03676163777709007,0.06536760926246643,0.035742126405239105,0.9944733381271362,,,
,,,,,,,32767.0,32767.0,90.0
307.474,0.3811427354812622,0.08584413677453995,0.034555062651634216,0.0667058676481247,0.03697846457362175,1.001451849937439,,,
,,,,,,,32767.0,32767.0,90.0
307.484,-1.2327651977539062,0.12942259013652802,-0.07045333832502365,0.06649531424045563,0.03517907112836838,1.008941411972046,,,
,,,,,,,32767.0,36000.0,90.0
307.494,-0.7329564690589905,-0.5408613085746765,-0.18494465947151184,0.06411682069301605,0.03147001191973686,1.0022884607315063,,,
,,,,,,,41000.0,36000.0,90.0
307.504,-0.9844692945480347,0.24707652628421783,-0.2495250552892685,0.06606660783290863,0.03200607746839523,0.9937578439712524,,,
,,,,,,,41000.0,36000.0,90.0
307.514,-4.909504413604736,0.12425877898931503,0.4988400936126709,0.06638981401920319,0.04195795953273773,1.005052089691162,,,
,,,,,,,41000.0,36000.0,90.0
307.524,4.596593379974365,-0.7868401408195496,-0.7401059865951538,0.0551859475672245,0.019867513328790665,1.026343584060669,,,
,,,,,,,41000.0,36000.0,90.0
307.534,9.299819946289062,-1.618996500968933,-0.5735167264938354,0.06825459003448486,0.01973535120487213,0.9837119579315186,,,
,,,,,,,41000.0,36000.0,90.0
307.544,-0.6601159572601318,-1.9968321323394775,0.6454820036888123,0.07087348401546478,0.07579945027828217,0.9859269261360168,,,
,,,,,,,41000.0,36000.0,90.0
307.554,-1.8486417531967163,5.086513042449951,1.4624239206314087,0.06679391860961914,0.042109664529561996,0.9810108542442322,,,
,,,,,,,41000.0,36000.0,90.0
307.564,-5.883456230163574,-2.247070789337158,-1.0246827602386475,0.07667437195777893,0.016233675181865692,1.0314726829528809,,,
,,,,,,,41000.0,36000.0,90.0
307.574,-5.776154518127441,4.1415863037109375,0.31932446360588074,0.027872376143932343,0.014838271774351597,1.0155494213104248,,,
,,,,,,,63000.0,36000.0,90.0
307.584,-2.3333613872528076,-4.284539699554443,-1.139647364616394,0.06388113647699356,-0.005677180830389261,0.9925187826156616,,,
,,,,,,,63000.0,36000.0,90.0
307.594,15.626643180847168,1.0160980224609375,-0.7631889581680298,0.09992282837629318,0.02124830335378647,0.9872705340385437,,,
,,,,,,,63000.0,36000.0,90.0
307.604,2.801558256149292,2.514572858810425,0.5436977744102478,0.07759617269039154,0.09061002731323242,1.032318115234375,,,
,,,,,,,63000.0,36000.0,90.0
307.614,-6.154188632965088,-1.9403679370880127,-0.3197857439517975,0.0515827015042305,0.0464409776031971,1.0440689325332642,,,
,,,,,,,63000.0,36000.0,90.0
307.624,0.49504244327545166,-1.9085431098937988,-1.1175813674926758,0.06288554519414902,0.014944515191018581,1.0218195915222168,,,
,,,,,,,63000.0,36000.0,90.0
307.634,-2.8509230613708496,-2.472022294998169,0.0717451274394989,0.05316027253866196,0.0509573295712471,0.9749158620834351,,,
,,,,,,,63000.0,36000.0,90.0
307.644,4.701594829559326,1.1581480503082275,0.3890873193740845,0.08124347031116486,0.06119334697723389,0.973249614238739,,,
,,,,,,,63000.0,36000.0,90.0
307.654,-0.7482089996337891,-0.6142967939376831,0.6969160437583923,0.09154083579778671,0.039678335189819336,0.9775343537330627,,,
,,,,,,,63000.0,45000.0,90.0
307.664,-6.377796649932861,2.629183292388916,-0.7283883094787598,0.06171135976910591,0.037560902535915375,0.9887441396713257,,,
,,,,,,,65535.0,45000.0,90.0
307.674,1.3801422119140625,-0.1446978747844696,-0.09115629643201828,0.05454318970441818,0.015355600044131279,1.0078846216201782,,,
,,,,,,,65535.0,45000.0,90.0
307.684,1.6039623022079468,1.0426466464996338,-3.10009503364563,0.09168663620948792,0.03971836715936661,1.0208395719528198,,,
,,,,,,,65535.0,45000.0,90.0
307.694,-12.07796859741211,3.900700092315674,-1.414583683013916,0.12456303089857101,0.12800930440425873,1.1497007608413696,,,
,,,,,,,65535.0,45000.0,90.0
307.704,5.478783130645752,-11.774520874023438,1.5600885152816772,-0.07250265777111053,-0.06563553214073181,0.9333983659744263,,,
,,,,,,,65535.0,45000.0,90.0
307.714,34.192684173583984,1.118146300315857,1.269281029701233,0.08624142408370972,-0.0652599185705185,0.9004090428352356,,,
,,,,,,,65535.0,45000.0,90.0
307.724,-2.0400938987731934,5.502527713775635,-2.200798988342285,0.21412931382656097,0.18160605430603027,1.0334762334823608,,,
,,,,,,,65535.0,45000.0,90.0
307.734,-28.488037109375,2.232386589050293,2.456342935562134,-0.013131633400917053,0.12685593962669373,0.9842850565910339,,,
,,,,,,,65535.0,54000.0,90.0
307.744,3.2073776721954346,-0.8458699584007263,1.7505007982254028,0.05817333236336708,-0.07010460644960403,1.0046594142913818,,,
,,,,,,,65535.0,54000.0,90.0
307.754,-2.405951738357544,0.2668481171131134,-1.6540882587432861,0.0823865756392479,-0.025819359347224236,1.064332365989685,,,
,,,,,,,65535.0,54000.0,90.0
307.764,0.9829064011573792,-2.9295780658721924,-1.9207018613815308,0.026264503598213196,0.039119090884923935,1.0162982940673828,,,
,,,,,,,65535.0,54000.0,90.0
307.774,-7.421298503875732,2.416473388671875,-2.196382522583008,0.09155210107564926,0.0342097282409668,0.992820143699646,,,
,,,,,,,65535.0,54000.0,90.0
307.784,2.0414624214172363,-2.598358392715454,-4.312592029571533,0.09010026603937149,0.03165856748819351,1.0138435363769531,,,
,,,,,,,65535.0,54000.0,90.0
307.794,10.564249038696289,-1.5054144859313965,1.8112380504608154,0.05154387652873993,0.032979805022478104,0.9918003678321838,,,
,,,,,,,65535.0,54000.0,90.0
307.804,11.153066635131836,-1.8901723623275757,-0.9227954745292664,0.08065573871135712,0.05325112119317055,0.9583367705345154,,,
,,,,,,,65535.0,54000.0,90.0
307.814,0.6630709767341614,2.173583507537842,3.305652618408203,0.0789460837841034,0.09607402235269547,0.971479594707489,,,
,,,,,,,65535.0,54000.0,90.0
307.824,-1.2720880508422852,1.380118727684021,4.562739849090576,0.0701904371380806,0.0694764032959938,1.005789875984192,,,
,,,,,,,65535.0,54000.0,90.0
307.834,-15.429815292358398,2.868255615234375,-1.5724269151687622,0.06043795496225357,0.008523707278072834,1.0114550590515137,,,
,,,,,,,65535.0,54000.0,90.0
307.844,3.838961601257324,-1.7421373128890991,0.799871027469635,0.054331399500370026,0.007224696688354015,1.0624535083770752,,,
,,,,,,,65535.0,54000.0,90.0
307.854,-0.9978558421134949,-1.5767229795455933,1.7482534646987915,0.06176082044839859,0.026459820568561554,1.018059492111206,,,
,,,,,,,65535.0,54000.0,90.0
307.864,-5.962740421295166,-1.026273250579834,-2.0529446601867676,0.05500228330492973,0.037908926606178284,0.9902312159538269,,,
,,,,,,,65535.0,54000.0,90.0
307.874,-1.314090371131897,-0.8214867115020752,-0.4740377366542816,0.08174116909503937,0.04653601720929146,0.9905162453651428,,,
,,,,,,,65535.0,54000.0,90.0
307.884,5.881652355194092,-0.9488726258277893,-0.3231218457221985,0.06834815442562103,0.026701709255576134,0.9826589226722717,,,
,,,,,,,65535.0,54000.0,90.0
307.894,4.931290149688721,1.2889481782913208,0.1599937230348587,0.06690768897533417,0.024042358621954918,0.992023766040802,,,
,,,,,,,65535.0,54000.0,90.0
307.904,2.1022837162017822,0.4629356265068054,-0.2762506604194641,0.05989665910601616,0.03758702427148819,1.0142881870269775,,,
,,,,,,,65535.0,54000.0,90.0
307.914,-2.9724700450897217,-1.0244520902633667,-0.5262902975082397,0.06099987402558327,0.026355408132076263,1.0157885551452637,,,
,,,,,,,65535.0,54000.0,90.0
307.924,-2.5245230197906494,-0.19697469472885132,-0.12693248689174652,0.06399659812450409,0.019182847812771797,1.0057311058044434,,,
,,,,,,,65535.0,54000.0,90.0
307.934,-1.2999778985977173,0.4545349180698395,0.40957868099212646,0.06660842895507812,0.02769145742058754,1.0018068552017212,,,
,,,,,,,65535.0,54000.0,90.0
307.944,-2.0279324054718018,0.026455065235495567,0.0007878098986111581,0.0653769001364708,0.03827574849128723,0.9987297058105469,,,
,,,,,,,65535.0,54000.0,90.0
307.954,0.7044696807861328,-0.3596562445163727,-0.08795002847909927,0.06653669476509094,0.037043385207653046,0.9966062307357788,,,
,,,,,,,65535.0,54000.0,90.0
307.964,1.1666507720947266,0.4907638430595398,0.07891970127820969,0.0670892670750618,0.037314724177122116,0.9998756051063538,,,
,,,,,,,65535.0,54000.0,90.0
307.974,1.648515224456787,-0.38960355520248413,0.07149460166692734,0.06654557585716248,0.040019113570451736,1.0099756717681885,,,
,,,,,,,65535.0,54000.0,90.0
307.984,0.9184464812278748,-0.6977835297584534,-0.17529267072677612,0.06813312321901321,0.038643740117549896,1.0060169696807861,,,
,,,,,,,65535.0,54000.0,90.0
307.994,-0.10714685171842575,-0.48063069581985474,-0.3596891760826111,0.06881124526262283,0.042156148701906204,0.9973807334899902,,,
,,,,,,,65535.0,54000.0,90.0
308.004,-0.18341346085071564,0.19633398950099945,-0.4286044239997864,0.0668095275759697,0.0436062291264534,0.9963333010673523,,,
,,,,,,,65535.0,54000.0,90.0
308.014,-0.49106672406196594,0.03043041191995144,0.20983582735061646,0.06383655965328217,0.03972679376602173,1.0016796588897705,,,
,,,,,,,65535.0,54000.0,90.0
308.024,-1.3837345838546753,0.18596850335597992,-0.12377925217151642,0.0628761276602745,0.035204194486141205,1.004555583000183,,,
,,,,,,,65535.0,54000.0,90.0
308.034,-2.0133566856384277,-0.22729136049747467,-0.20825454592704773,0.06292907893657684,0.03266313299536705,1.0078136920928955,,,
,,,,,,,65535.0,54000.0,90.0
308.044,0.031066233292222023,-0.3083428144454956,-0.0409124530851841,0.06459154188632965,0.03068521060049534,1.000913143157959,,,
,,,,,,,65535.0,54000.0,90.0
308.054,0.9509403109550476,-0.5106366872787476,0.11627361923456192,0.06752460449934006,0.027605416253209114,0.9981828331947327,,,
,,,,,,,65535.0,54000.0,90.0
308.064,1.4159982204437256,-0.4230117201805115,0.032761625945568085,0.06537627428770065,0.027300624176859856,1.0032830238342285,,,
,,,,,,,65535.0,54000.0,90.0
308.074,0.8573286533355713,-0.4002164602279663,-0.09448744356632233,0.06181589886546135,0.027951762080192566,1.006334662437439,,,
,,,,,,,65535.0,52000.0,90.0
308.084,-0.4751250445842743,-0.19694635272026062,-0.07304131239652634,0.061956703662872314,0.026567813009023666,1.0044044256210327,,,
,,,,,,,65535.0,52000.0,90.0
308.094,-0.9346870183944702,0.011930898763239384,-0.30678510665893555,0.06315496563911438,0.03321627900004387,1.000060796737671,,,
,,,,,,,65535.0,52000.0,90.0
308.104,-0.5833993554115295,0.03478337079286575,0.173850417137146,0.06243874132633209,0.034044716507196426,1.0025825500488281,,,
,,,,,,,65535.0,52000.0,90.0
308.114,0.22935675084590912,-0.9674806594848633,0.0797356367111206,0.06545084714889526,0.030894890427589417,1.0082571506500244,,,
,,,,,,,65535.0,52000.0,90.0
308.124,2.3834564685821533,-0.6348270177841187,-0.2072831392288208,0.06684602797031403,0.029592890292406082,1.005115270614624,,,
,,,,,,,65535.0,52000.0,90.0
308.134,0.8700377345085144,0.3160390257835388,-0.46350759267807007,0.06961548328399658,0.042814016342163086,0.985377848148346,,,
,,,,,,,65535.0,52000.0,90.0
308.144,-6.490875244140625,1.3370428085327148,0.09747140109539032,0.06782663613557816,0.05589168891310692,1.0004491806030273,,,
,,,,,,,65535.0,52000.0,90.0
308.154,-3.585909128189087,-0.6450694799423218,0.4019177556037903,0.060366448014974594,0.03379785642027855,1.0181657075881958,,,
,,,,,,,65535.0,48000.0,90.0
308.164,3.5856950283050537,-0.9119186997413635,-0.11992327868938446,0.06733245402574539,0.017210014164447784,1.0131460428237915,,,
,,,,,,,65535.0,48000.0,90.0
308.174,6.720395565032959,-0.686866819858551,-0.1910853534936905,0.06835014373064041,0.040523190051317215,0.9944795966148376,,,
,,,,,,,65535.0,48000.0,90.0
308.184,4.212525367736816,-1.3025922775268555,-0.08299008756875992,0.06836938112974167,0.05631466954946518,0.9966447353363037,,,
,,,,,,,65535.0,48000.0,90.0
308.194,3.8549466133117676,-0.2974940240383148,-0.43364453315734863,0.06737782061100006,0.031129470095038414,0.9871193170547485,,,
,,,,,,,65535.0,48000.0,90.0
308.204,-3.6148509979248047,2.6882731914520264,2.7588706016540527,0.07342687249183655,0.04377519339323044,0.9817162752151489,,,
,,,,,,,65535.0,48000.0,90.0
308.214,-14.891305923461914,1.48702073097229,-0.40239018201828003,0.06707387417554855,0.05348210409283638,1.011898159980774,,,
,,,,,,,65535.0,48000.0,90.0
308.224,-13.635245323181152,0.7772188186645508,-1.4448683261871338,0.04575347155332565,0.00162025960162282,1.0537457466125488,,,
,,,,,,,65535.0,48000.0,90.0
308.234,8.127825736999512,-3.326653003692627,-2.884817361831665,0.044983044266700745,-0.030125806108117104,1.0344346761703491,,,
,,,,,,,65535.0,48000.0,90.0
308.244,14.869988441467285,-2.9099113941192627,0.0507470928132534,0.07237512618303299,0.025269217789173126,0.9874458909034729,,,
,,,,,,,65535.0,47000.0,90.0
308.254,4.084519386291504,-0.03719267249107361,0.06337220966815948,0.07587285339832306,0.08592735230922699,0.9510304927825928,,,
,,,,,,,65535.0,47000.0,90.0
308.264,-6.338356971740723,1.863516092300415,-0.6529598832130432,0.06820665299892426,0.06398531049489975,0.9707937836647034,,,
,,,,,,,65535.0,47000.0,90.0
308.274,-0.56272292137146,1.111023187637329,0.7471268177032471,0.06676765531301498,0.011168737895786762,1.0152003765106201,,,
,,,,,,,65535.0,47000.0,90.0
308.284,1.4027553796768188,0.4663963317871094,0.03121143952012062,0.05366295948624611,0.010377694852650166,1.0368776321411133,,,
,,,,,,,65535.0,47000.0,90.0
308.294,0.06568162888288498,-1.4014322757720947,0.152947798371315,0.06274057179689407,0.03952743113040924,1.0233938694000244,,,
,,,,,,,65535.0,47000.0,90.0
308.304,-5.4389472007751465,-0.13040846586227417,-0.719172477722168,0.06864051520824432,0.051528450101614,0.983927845954895,,,
,,,,,,,65535.0,47000.0,90.0
308.314,-7.111013889312744,0.8493329286575317,-0.35668838024139404,0.06995954364538193,0.05239628255367279,0.9923785924911499,,,
,,,,,,,65535.0,47000.0,90.0
308.324,3.1584205627441406,-0.8807606101036072,0.5379492044448853,0.06564734131097794,0.028016068041324615,1.0104888677597046,,,
,,,,,,,65535.0,44000.0,90.0
308.334,8.659680366516113,-0.9660282135009766,-0.3267618715763092,0.06799644231796265,0.01583598554134369,1.0010669231414795,,,
,,,,,,,65535.0,44000.0,90.0
308.344,4.399753093719482,-0.134201779961586,-0.5605339407920837,0.06791912764310837,0.05335008352994919,0.9981861710548401,,,
,,,,,,,65535.0,44000.0,90.0
308.354,-2.644873857498169,-0.01829744689166546,-0.02488671988248825,0.06604170799255371,0.0647500604391098,1.0007576942443848,,,
,,,,,,,65535.0,44000.0,90.0
308.364,-1.106016993522644,-0.8685194849967957,0.19444797933101654,0.06401407718658447,0.02321300096809864,1.0145299434661865,,,
,,,,,,,65535.0,44000.0,90.0
308.374,6.114211559295654,-0.025352459400892258,-0.2021198719739914,0.06457582861185074,0.008572805672883987,0.9885657429695129,,,
,,,,,,,65535.0,44000.0,90.0
308.384,-7.542272567749023,3.2859606742858887,0.8688685894012451,0.08058764040470123,0.06476196646690369,0.9829311370849609,,,
,,,,,,,65535.0,44000.0,90.0
308.394,-22.883037567138672,2.2461392879486084,-1.167291283607483,0.05454934388399124,0.05734354257583618,1.0309793949127197,,,
,,,,,,,65535.0,44000.0,90.0
308.404,-5.355194091796875,-3.0303988456726074,-3.4012465476989746,0.038680076599121094,-0.030919447541236877,1.056958556175232,,,
,,,,,,,65535.0,44000.0,90.0
308.414,25.88662338256836,-3.4083809852600098,1.1126818656921387,0.06793281435966492,-0.040715694427490234,1.005315899848938,,,
,,,,,,,65535.0,41000.0,90.0
308.424,11.465165138244629,-0.32490092515945435,-1.6038001775741577,0.07978484779596329,0.06894838809967041,0.9441280364990234,,,
,,,,,,,65535.0,41000.0,90.0
308.434,-8.914422988891602,1.4541949033737183,-0.3750927150249481,0.06818380206823349,0.12579715251922607,0.9747570157051086,,,
,,,,,,,65535.0,41000.0,90.0
308.444,1.0393259525299072,0.5970446467399597,1.6012072563171387,0.06745247542858124,0.03353826701641083,1.007390022277832,,,
,,,,,,,65535.0,41000.0,90.0
308.454,1.2892426252365112,1.9301925897598267,1.854134202003479,0.07014615833759308,-0.013311875984072685,1.0017426013946533,,,
,,,,,,,65535.0,41000.0,90.0
308.464,-3.87420654296875,1.1665058135986328,0.9060053825378418,0.061270974576473236,0.05603288859128952,1.0191097259521484,,,
,,,,,,,65535.0,41000.0,90.0
308.474,-21.962238311767578,-0.08857306838035583,-1.0105301141738892,0.04975483566522598,0.06419236212968826,1.0439025163650513,,,
,,,,,,,65535.0,41000.0,90.0
308.484,5.458589553833008,-3.986138343811035,-2.5372719764709473,0.05154208093881607,-0.02107982151210308,1.0341273546218872,,,
,,,,,,,65535.0,37000.0,90.0
308.494,22.11209487915039,-1.5559780597686768,0.4020707905292511,0.08663341403007507,-0.004449289292097092,0.9709876775741577,,,
,,,,,,,65535.0,37000.0,90.0
308.504,-3.2970523834228516,1.1311914920806885,-0.6710020899772644,0.07534423470497131,0.10896427184343338,0.9559955596923828,,,
,,,,,,,65535.0,37000.0,90.0
308.514,-1.5858603715896606,-0.409919410943985,1.2456351518630981,0.06976224482059479,0.09468960016965866,0.9917121529579163,,,
,,,,,,,65535.0,37000.0,90.0
308.524,-0.6991031169891357,0.7430086135864258,0.17834508419036865,0.07414350658655167,-0.000929152884054929,1.0070966482162476,,,
,,,,,,,65535.0,37000.0,90.0
308.534,3.2615621089935303,2.803060531616211,2.3742852210998535,0.06635886430740356,0.007062222342938185,1.0037496089935303,,,
,,,,,,,65535.0,37000.0,90.0
308.544,-19.454980850219727,0.27049919962882996,-0.7958527207374573,0.047486770898103714,0.08342405408620834,1.0276648998260498,,,
,,,,,,,65535.0,37000.0,90.0
308.554,-9.420726776123047,-1.8607802391052246,-4.281849384307861,0.04429275542497635,0.004371160641312599,1.0553961992263794,,,
,,,,,,,65535.0,37000.0,90.0
308.564,21.69496726989746,-1.6312929391860962,2.5920968055725098,0.06515463441610336,-0.04665481671690941,0.999230146408081,,,
,,,,,,,65535.0,37000.0,90.0
308.574,5.337693691253662,-0.7124777436256409,-3.00687313079834,0.07895123958587646,0.05611281096935272,0.96668541431427,,,
,,,,,,,65535.0,37000.0,90.0
308.584,-2.1023752689361572,0.1556953489780426,0.02254096046090126,0.06536908447742462,0.10887419432401657,0.9783410429954529,,,
,,,,,,,65535.0,37000.0,90.0
308.594,-7.851968288421631,2.154512882232666,0.8104562163352966,0.06528012454509735,0.034203410148620605,0.9884651899337769,,,
,,,,,,,65535.0,37000.0,90.0
308.604,1.3957374095916748,0.17798705399036407,0.03553395718336105,0.06838648021221161,-0.01805204339325428,1.0265921354293823,,,
,,,,,,,65535.0,37000.0,90.0
308.614,1.2082781791687012,-0.5188471078872681,-0.05652793124318123,0.05716410651803017,0.031011240556836128,1.0404306650161743,,,
,,,,,,,65535.0,37000.0,90.0
308.624,-1.7676961421966553,-0.7508755922317505,0.16158682107925415,0.05982363596558571,0.04787785932421684,1.010165810585022,,,
,,,,,,,65535.0,37000.0,90.0
308.634,1.8896780014038086,-0.36388909816741943,-0.5286250114440918,0.07099508494138718,0.032594598829746246,0.9747248888015747,,,
,,,,,,,65535.0,37000.0,90.0
308.644,0.8952189683914185,0.5981974601745605,-0.4124436378479004,0.07015648484230042,0.046287067234516144,0.9820631742477417,,,
,,,,,,,65535.0,37000.0,90.0
308.654,2.032932996749878,0.581652820110321,0.8728860020637512,0.06657599657773972,0.04549388960003853,1.0073257684707642,,,
,,,,,,,65535.0,37000.0,90.0
308.664,-3.0853166580200195,0.17431817948818207,-0.34151050448417664,0.06621015071868896,0.028191234916448593,1.0187197923660278,,,
,,,,,,,65535.0,38000.0,90.0
308.674,0.707722544670105,-0.6781615614891052,-0.24725434184074402,0.0646815225481987,0.02839653193950653,1.0141850709915161,,,
,,,,,,,65535.0,38000.0,90.0
308.684,-3.171182155609131,-0.22042614221572876,-0.16304372251033783,0.06579656153917313,0.04254104942083359,0.9967957139015198,,,
,,,,,,,65535.0,38000.0,90.0
308.694,2.2689614295959473,-0.286193311214447,0.22526131570339203,0.06725727766752243,0.034682709723711014,0.9865886569023132,,,
,,,,,,,65535.0,38000.0,90.0
308.704,0.0024859816767275333,0.86626136302948,0.021980995312333107,0.06533706933259964,0.03256235644221306,0.9968973398208618,,,
,,,,,,,65535.0,38000.0,90.0
308.714,1.7165615558624268,0.02162616327404976,0.09010423719882965,0.06153847649693489,0.03353963792324066,1.016581416130066,,,
,,,,,,,65535.0,38000.0,90.0
308.724,-0.44154465198516846,-0.6060140132904053,-0.15716664493083954,0.06301060318946838,0.02610946074128151,1.013338565826416,,,
,,,,,,,65535.0,38000.0,90.0
308.734,0.30449536442756653,-0.5236399173736572,-0.4184893071651459,0.06326347589492798,0.023970961570739746,1.0024199485778809,,,
,,,,,,,65535.0,38000.0,90.0
308.744,-0.7168734669685364,0.03261695057153702,0.2105530947446823,0.06515634804964066,0.03969794511795044,0.9909215569496155,,,
,,,,,,,65535.0,38000.0,90.0
308.754,-2.6744253635406494,0.19648922979831696,0.021126510575413704,0.06441083550453186,0.031678248196840286,1.000322937965393,,,
,,,,,,,65535.0,39000.0,90.0
308.764,1.7724379301071167,-0.4213427007198334,-0.10456030815839767,0.06276550143957138,0.017291359603405,1.008979320526123,,,
,,,,,,,65535.0,39000.0,90.0
308.774,-1.0277634859085083,-0.20498770475387573,-0.14684602618217468,0.061658721417188644,0.03350306302309036,1.0136548280715942,,,
,,,,,,,65535.0,39000.0,90.0
308.784,2.421057939529419,-0.36520588397979736,0.10424357652664185,0.06526672840118408,0.03748679906129837,1.0061850547790527,,,
,,,,,,,65535.0,39000.0,90.0
308.794,-2.4651474952697754,0.039117686450481415,-0.4899589419364929,0.06695529073476791,0.0387369729578495,1.0013961791992188,,,
,,,,,,,65535.0,39000.0,90.0
308.804,6.133325099945068,-0.5474295020103455,0.01956990920007229,0.06682007759809494,0.03002701885998249,0.9969635605812073,,,
,,,,,,,65535.0,39000.0,90.0
308.814,-2.987260103225708,0.7944329380989075,-0.49778544902801514,0.06617356836795807,0.04648879915475845,0.9982117414474487,,,
,,,,,,,65535.0,39000.0,90.0
308.824,-0.9096677899360657,-0.3687661588191986,0.2613174319267273,0.06548179686069489,0.04389183223247528,1.014185905456543,,,
,,,,,,,65535.0,39000.0,90.0
308.834,-0.7742424011230469,-0.36742404103279114,-0.22910180687904358,0.06808644533157349,0.03119700960814953,0.9996131062507629,,,
,,,,,,,65535.0,39000.0,90.0
308.844,-2.1346981525421143,-0.07792260497808456,-0.16238145530223846,0.06675536185503006,0.04249536618590355,1.004757285118103,,,
,,,,,,,65535.0,41000.0,90.0
308.854,3.3265624046325684,-0.5567994713783264,0.30102261900901794,0.06859156489372253,0.03515692800283432,0.9999324083328247,,,
,,,,,,,65535.0,41000.0,90.0
308.864,-2.4002864360809326,0.4758243262767792,-0.4142450988292694,0.06705178320407867,0.03346453979611397,0.9983335137367249,,,
,,,,,,,65535.0,41000.0,90.0
308.874,4.322896957397461,-0.36913415789604187,0.2105284333229065,0.06370445340871811,0.032505545765161514,1.007432460784912,,,
,,,,,,,65535.0,41000.0,90.0
308.884,-5.091777801513672,0.6136190295219421,-0.1729024052619934,0.06470650434494019,0.03566787764430046,1.0024410486221313,,,
,,,,,,,65535.0,41000.0,90.0
308.894,-3.7234859466552734,-0.9714654684066772,0.3690972924232483,0.06058429181575775,0.02920812927186489,1.020810842514038,,,
,,,,,,,65535.0,41000.0,90.0
308.904,11.471896171569824,-1.4029995203018188,-0.028184253722429276,0.06506101787090302,0.002201912458986044,0.9898379445075989,,,
,,,,,,,65535.0,41000.0,90.0
308.914,-0.3240601718425751,1.5227099657058716,-0.6923187971115112,0.06604822725057602,0.046056415885686874,0.9716243147850037,,,
,,,,,,,65535.0,41000.0,90.0
308.924,-5.275157928466797,-0.00021448767802212387,0.831913411617279,0.05894800275564194,0.06663693487644196,1.0205847024917603,,,
,,,,,,,65535.0,41000.0,90.0
308.934,2.542329788208008,-0.43861865997314453,0.039909761399030685,0.06405679136514664,0.0009176403982564807,1.007179617881775,,,
,,,,,,,65535.0,41000.0,90.0
308.944,-5.831372261047363,0.847648024559021,-1.0422903299331665,0.06587765365839005,0.021384065970778465,1.011041522026062,,,
,,,,,,,65535.0,41000.0,90.0
308.954,3.2082107067108154,-1.5470832586288452,0.45017731189727783,0.06175197660923004,0.052006978541612625,1.0153025388717651,,,
,,,,,,,65535.0,41000.0,90.0
308.964,0.44365110993385315,0.2330443114042282,-0.4998895525932312,0.07037448137998581,0.02792934514582157,0.9782336354255676,,,
,,,,,,,65535.0,41000.0,90.0
308.974,0.6321065425872803,0.6952362656593323,-0.18644647300243378,0.06732243299484253,0.041034597903490067,0.9991217255592346,,,
,,,,,,,65535.0,41000.0,90.0
308.984,3.1840877532958984,-0.6743758320808411,0.6344634294509888,0.0649561733007431,0.040878526866436005,1.010601282119751,,,
,,,,,,,65535.0,41000.0,90.0
308.994,-4.573993682861328,0.5338019728660583,-0.3266088366508484,0.06457118690013885,0.02930878847837448,1.006291389465332,,,
,,,,,,,65535.0,41000.0,90.0
309.004,1.6763805150985718,-0.7149828672409058,0.005411683581769466,0.061781562864780426,0.03497222065925598,1.010645866394043,,,
,,,,,,,65535.0,41000.0,90.0
309.014,-2.346334457397461,0.10288140922784805,-0.1698002964258194,0.0670015811920166,0.04243376851081848,0.9926677942276001,,,
,,,,,,,65535.0,41000.0,90.0
309.024,-0.43717795610427856,0.019964367151260376,0.39713767170906067,0.06759218871593475,0.0339660570025444,0.9990178346633911,,,
,,,,,,,65535.0,41000.0,90.0
309.034,2.2044565677642822,-0.21805723011493683,0.026653364300727844,0.06658495217561722,0.030371906235814095,1.0021030902862549,,,
,,,,,,,65535.0,41000.0,90.0
309.044,-0.272895485162735,-0.17246514558792114,-0.019776146858930588,0.06379471719264984,0.03734085336327553,1.0105195045471191,,,
,,,,,,,65535.0,41000.0,90.0
309.054,0.6427385210990906,-0.30113571882247925,0.35391491651535034,0.062490373849868774,0.03572586923837662,1.0079948902130127,,,
,,,,,,,65535.0,41000.0,90.0
309.064,-1.523268222808838,0.09081415832042694,-0.3090366721153259,0.06290610879659653,0.030746668577194214,0.9966127276420593,,,
,,,,,,,65535.0,41000.0,90.0
309.074,-0.1011224240064621,0.21812115609645844,0.05632809177041054,0.06299848854541779,0.035466212779283524,1.0018274784088135,,,
,,,,,,,65535.0,41000.0,90.0
309.084,-1.142683506011963,0.1478153020143509,0.1776469349861145,0.064316026866436,0.030140811577439308,1.0041741132736206,,,
,,,,,,,65535.0,41000.0,90.0
309.094,0.7537714838981628,-0.035891640931367874,0.032990459352731705,0.06382390111684799,0.024653781205415726,1.0074422359466553,,,
,,,,,,,65535.0,43000.0,90.0
309.104,1.4040313959121704,-0.055824488401412964,0.03282006457448006,0.06435883045196533,0.03304578736424446,1.005527377128601,,,
,,,,,,,65535.0,43000.0,90.0
309.114,-0.5005657076835632,-0.3691989481449127,-0.29890403151512146,0.06380908936262131,0.036589596420526505,1.001701831817627,,,
,,,,,,,65535.0,43000.0,90.0
309.124,-1.0554964542388916,0.608197033405304,-0.11613480001688004,0.06585738062858582,0.03396550565958023,0.9936507940292358,,,
,,,,,,,65535.0,43000.0,90.0
309.134,-6.144548416137695,0.06793089956045151,-0.20794706046581268,0.06634607911109924,0.04249531775712967,1.0138386487960815,,,
,,,,,,,65535.0,43000.0,90.0
309.144,7.31999397277832,-1.8934301137924194,0.5070518851280212,0.06409808248281479,0.01675749011337757,1.0189920663833618,,,
,,,,,,,65535.0,43000.0,90.0
309.154,10.706853866577148,-0.33623194694519043,-0.7842214107513428,0.07250365614891052,0.015289824455976486,0.9691247344017029,,,
,,,,,,,65535.0,43000.0,90.0
309.164,-8.021364212036133,1.9477697610855103,0.20250926911830902,0.06901843845844269,0.08178076893091202,0.9928136467933655,,,
,,,,,,,65535.0,43000.0,90.0
309.174,-1.9787706136703491,-0.6591553688049316,1.1497615575790405,0.05448852479457855,0.04667888954281807,1.0266884565353394,,,
,,,,,,,65535.0,43000.0,90.0
309.184,-0.5967046618461609,0.2959204316139221,-0.6625324487686157,0.06952041387557983,-0.008510387502610683,1.0019451379776,,,
,,,,,,,65535.0,42000.0,90.0
309.194,-3.620681047439575,-0.1842573583126068,-0.531154453754425,0.06329715251922607,0.042509473860263824,1.0139356851577759,,,
,,,,,,,65535.0,42000.0,90.0
309.204,2.57190203666687,-1.7476238012313843,1.181618332862854,0.059249430894851685,0.048255808651447296,1.0020992755889893,,,
,,,,,,,65535.0,42000.0,90.0
309.214,1.892296552658081,0.1564355194568634,-0.6123213768005371,0.06981789320707321,0.014616408385336399,0.9754164814949036,,,
,,,,,,,65535.0,42000.0,90.0
309.224,1.6537567377090454,0.00879731122404337,-0.39070993661880493,0.06426678597927094,0.04567915201187134,1.003751277923584,,,
,,,,,,,65535.0,42000.0,90.0
309.234,1.438462495803833,0.04146178066730499,0.39626938104629517,0.06294439733028412,0.038380950689315796,1.0064364671707153,,,
,,,,,,,65535.0,42000.0,90.0
309.244,-7.031472682952881,1.021608829498291,-0.17674359679222107,0.06457661837339401,0.02492210641503334,1.0071152448654175,,,
,,,,,,,65535.0,42000.0,90.0
309.254,-0.6325144171714783,-0.5795733332633972,0.17601542174816132,0.05851859226822853,0.02765217423439026,1.0257880687713623,,,
,,,,,,,65535.0,42000.0,90.0
309.264,3.5702388286590576,-0.6023601293563843,-0.08750929683446884,0.06854257732629776,0.020774563774466515,0.9943470358848572,,,
,,,,,,,65535.0,42000.0,90.0
309.274,-2.7839818000793457,0.6144878268241882,-0.4449279010295868,0.06960313767194748,0.0461464524269104,0.9906488060951233,,,
,,,,,,,65535.0,42000.0,90.0
309.284,4.50791597366333,-0.7272784113883972,0.6159622073173523,0.06357137858867645,0.04027501866221428,1.0043153762817383,,,
,,,,,,,65535.0,42000.0,90.0
309.294,0.6160847544670105,0.2662930488586426,-0.34581154584884644,0.06628288328647614,0.02409818209707737,0.9993079900741577,,,
,,,,,,,65535.0,42000.0,90.0
309.304,-2.2549891471862793,0.061467163264751434,-0.3725464642047882,0.062283530831336975,0.04268670827150345,1.017282485961914,,,
,,,,,,,65535.0,42000.0,90.0
309.314,-0.498063862323761,-0.8118257522583008,-0.08143699914216995,0.064313143491745,0.04135509580373764,1.0058375597000122,,,
,,,,,,,65535.0,42000.0,90.0
309.324,-2.510944128036499,0.07126887887716293,-0.3621213734149933,0.06915882229804993,0.03190338984131813,0.9909201860427856,,,
,,,,,,,65535.0,42000.0,90.0
309.334,0.6261973977088928,-0.0698029100894928,0.31263864040374756,0.06496652215719223,0.04080607742071152,1.001242756843567,,,
,,,,,,,65535.0,42000.0,90.0
309.344,1.47100031375885,0.20188796520233154,0.19734026491641998,0.06668782234191895,0.03164943307638168,1.0013558864593506,,,
,,,,,,,65535.0,41000.0,90.0
309.354,0.9645248651504517,0.09713779389858246,-0.1951511949300766,0.06703901290893555,0.02813532017171383,1.005845069885254,,,
,,,,,,,65535.0,41000.0,90.0
309.364,0.4172517657279968,-0.7485593557357788,0.04031003266572952,0.06632547080516815,0.038161035627126694,1.008518099784851,,,
,,,,,,,65535.0,41000.0,90.0
309.374,-0.8446856141090393,0.044179096817970276,-0.0694250762462616,0.06501638144254684,0.030930325388908386,0.9984506368637085,,,
,,,,,,,65535.0,41000.0,90.0
309.384,-0.5185425281524658,-0.16881349682807922,-0.2750757038593292,0.06567549705505371,0.029692726209759712,1.002957820892334,,,
,,,,,,,65535.0,41000.0,90.0
309.394,-0.0833602100610733,0.16333825886249542,0.07707144320011139,0.0638841763138771,0.032883379608392715,0.9994814395904541,,,
,,,,,,,65535.0,41000.0,90.0
309.404,-4.036954879760742,0.3257274329662323,-0.21617628633975983,0.06326370686292648,0.035125505179166794,1.0044745206832886,,,
,,,,,,,65535.0,41000.0,90.0
309.414,1.3389782905578613,-0.6909942626953125,-0.1299954652786255,0.06254304200410843,0.022996727377176285,1.009324073791504,,,
,,,,,,,65535.0,41000.0,90.0
309.424,3.4686262607574463,-0.0850592851638794,-0.10471440851688385,0.06789233535528183,0.029128216207027435,0.9962900876998901,,,
,,,,,,,65535.0,37000.0,90.0
309.434,-0.6746935844421387,-0.13355611264705658,-0.10108531266450882,0.06734871864318848,0.04467552527785301,1.0028784275054932,,,
,,,,,,,65535.0,37000.0,90.0
309.444,1.3068082332611084,-0.2517099380493164,0.19078141450881958,0.064223513007164,0.031577810645103455,1.0001438856124878,,,
,,,,,,,65535.0,37000.0,90.0
309.454,-2.4012911319732666,0.31342968344688416,-0.421661913394928,0.06595995277166367,0.03359539806842804,1.005033254623413,,,
,,,,,,,65535.0,37000.0,90.0
309.464,4.549294948577881,-1.6820660829544067,0.09709668159484863,0.0646682009100914,0.03391425311565399,1.0194463729858398,,,
,,,,,,,65535.0,37000.0,90.0
309.474,6.590866565704346,0.41756683588027954,1.0093989372253418,0.06967947632074356,0.029886892065405846,0.9693863987922668,,,
,,,,,,,65535.0,37000.0,90.0
309.484,-21.11549186706543,2.1197078227996826,-0.9354599118232727,0.0743609145283699,0.08328024297952652,1.0052001476287842,,,
,,,,,,,65535.0,37000.0,90.0
309.494,-8.754660606384277,-0.9529926776885986,-1.8491371870040894,0.04878389835357666,0.02323947474360466,1.0514718294143677,,,
,,,,,,,65535.0,37000.0,90.0
309.504,17.124868392944336,-1.5607728958129883,1.4135780334472656,0.06555396318435669,-0.03712461516261101,1.0006217956542969,,,
,,,,,,,65535.0,37000.0,90.0
309.514,-0.104893758893013,-0.8641533851623535,-2.133518934249878,0.0742054209113121,0.05574759840965271,0.9825889468193054,,,
,,,,,,,65535.0,32767.0,90.0
309.524,6.546341896057129,-1.0549646615982056,0.8643980026245117,0.06879893690347672,0.09141171723604202,0.9890449643135071,,,
,,,,,,,65535.0,32767.0,90.0
309.534,-5.748176097869873,2.1685702800750732,-0.0033933825325220823,0.0704793855547905,0.027637042105197906,0.9778459668159485,,,
,,,,,,,65535.0,32767.0,90.0
309.544,5.465083599090576,0.4411856234073639,-0.30452409386634827,0.07121170312166214,-0.0032574660144746304,1.0236274003982544,,,
,,,,,,,65535.0,32767.0,90.0
309.554,0.34883561730384827,0.024391092360019684,1.6286207437515259,0.05920330807566643,0.04472765326499939,1.0125384330749512,,,
,,,,,,,65535.0,32767.0,90.0
309.564,-19.648637771606445,0.897879958152771,-0.20600932836532593,0.0567585714161396,0.0534500777721405,1.0271180868148804,,,
,,,,,,,65535.0,32767.0,90.0
309.574,5.968075275421143,-3.359389066696167,-1.418717384338379,0.06171037256717682,-0.009864584542810917,1.017903447151184,,,
,,,,,,,65535.0,32767.0,90.0
309.584,2.329493522644043,0.7685818672180176,-0.9652561545372009,0.0712277740240097,0.008773106150329113,0.9873131513595581,,,
,,,,,,,65535.0,32767.0,90.0
309.594,9.696385383605957,-0.3968207836151123,1.0938410758972168,0.06771771609783173,0.061200495809316635,0.9814677238464355,,,
,,,,,,,65535.0,32767.0,90.0
309.604,-2.23638916015625,0.6697736978530884,-0.5253554582595825,0.0675615668296814,0.05607185140252113,0.9841053485870361,,,
,,,,,,,65535.0,32767.0,90.0
309.614,-0.9511829018592834,0.29300567507743835,0.20873592793941498,0.06529217958450317,0.024533158168196678,1.0069001913070679,,,
,,,,,,,65535.0,32767.0,90.0
309.624,-3.830660581588745,-0.05014028027653694,-0.23038633167743683,0.05606365576386452,0.029749689623713493,1.026202917098999,,,
,,,,,,,65535.0,32767.0,90.0
309.634,-0.7501164078712463,-0.9979809522628784,0.5344625115394592,0.06066753715276718,0.033443521708250046,1.0161374807357788,,,
,,,,,,,65535.0,32767.0,90.0
309.644,-1.4504704475402832,-0.4965699017047882,-0.46872594952583313,0.06377804279327393,0.03362394496798515,0.994295597076416,,,
,,,,,,,65535.0,32767.0,90.0
309.654,1.677640438079834,-0.005949826445430517,-0.22076086699962616,0.0739729255437851,0.04096199944615364,0.9847988486289978,,,
,,,,,,,65535.0,32767.0,90.0
309.664,1.2035247087478638,0.14839524030685425,-0.02524915710091591,0.06699074804782867,0.04488697648048401,0.9958419799804688,,,
,,,,,,,65535.0,32767.0,90.0
309.674,2.18108868598938,-0.5525762438774109,-0.17632289230823517,0.0649820938706398,0.027340104803442955,1.0057209730148315,,,
,,,,,,,65535.0,32767.0,90.0
309.684,-1.1824933290481567,0.13889914751052856,-0.1615348905324936,0.06263771653175354,0.03210093453526497,1.013229489326477,,,
,,,,,,,65535.0,32767.0,90.0
309.694,-1.8880512714385986,-0.6329534649848938,0.3525574505329132,0.06264512985944748,0.03873138502240181,1.009431004524231,,,
,,,,,,,48000.0,32767.0,90.0
309.704,-2.9035415649414062,0.022945420816540718,-0.192169189453125,0.06592849642038345,0.027551565319299698,0.9931710362434387,,,
,,,,,,,48000.0,32767.0,90.0
309.714,1.1959929466247559,0.034421660006046295,0.0994797796010971,0.07084359228610992,0.0324341356754303,0.9950389862060547,,,
,,,,,,,48000.0,32767.0,90.0
309.724,0.9144847393035889,-1.6977758407592773,0.6583583354949951,0.06764160096645355,0.04234465956687927,1.0068213939666748,,,
,,,,,,,48000.0,32767.0,90.0
309.734,2.0526320934295654,1.0533863306045532,0.5041366815567017,0.07018137723207474,0.029861046001315117,1.0001705884933472,,,
,,,,,,,48000.0,32767.0,90.0
309.744,1.1891050338745117,0.7611269950866699,-0.7901063561439514,0.06723702698945999,0.02536611817777157,0.9999042749404907,,,
,,,,,,,48000.0,32767.0,90.0
309.754,-3.494365692138672,1.1461142301559448,-0.2766326069831848,0.06732527911663055,0.044771239161491394,1.0222619771957397,,,
,,,,,,,48000.0,32767.0,90.0
309.764,-6.0042195320129395,-1.6372294425964355,-0.2648695707321167,0.05962396040558815,0.02645622007548809,1.0148224830627441,,,
,,,,,,,48000.0,32767.0,90.0
309.774,2.826993227005005,-1.6346290111541748,0.1797809898853302,0.06986719369888306,0.012096654623746872,0.9885160326957703,,,
,,,,,,,32767.0,32767.0,90.0
309.784,5.0796427726745605,-0.5701936483383179,0.21437834203243256,0.06291788816452026,0.04181747883558273,0.9805771112442017,,,
,,,,,,,32767.0,32767.0,90.0
309.794,-0.9252793788909912,0.6514530181884766,0.9074416756629944,0.08374021202325821,0.0447288416326046,0.9991995692253113,,,
,,,,,,,32767.0,32767.0,90.0
309.804,0.23063044250011444,-0.14665865898132324,-0.7082214951515198,0.062067750841379166,0.026897786185145378,1.0029876232147217,,,
,,,,,,,32767.0,32767.0,90.0
309.814,-0.4510948956012726,1.2617639303207397,0.354783833026886,0.07718639820814133,0.030031094327569008,1.0199257135391235,,,
,,,,,,,32767.0,32767.0,90.0
309.824,-0.42076048254966736,0.4330248534679413,-0.05893811956048012,0.05353018268942833,0.02376040630042553,1.0185234546661377,,,
,,,,,,,32767.0,32767.0,90.0
309.834,-3.1362569332122803,-1.403252190357307e-05,-0.6354186534881592,0.06284933537244797,0.026553543284535408,1.0116603374481201,,,
,,,,,,,32767.0,32767.0,90.0
309.844,-4.391125202178955,-1.4138882160186768,-0.3333509862422943,0.06161896884441376,0.04887332022190094,0.9964123964309692,,,
,,,,,,,32767.0,32767.0,90.0
309.854,5.717101573944092,-3.0058443546295166,1.1282907724380493,0.06487490236759186,0.03153923153877258,0.978797972202301,,,
,,,,,,,32767.0,32767.0,90.0
309.864,5.111927509307861,2.1468088626861572,-0.4341266453266144,0.09116239100694656,0.023239366710186005,0.981916069984436,,,
,,,,,,,32767.0,32767.0,90.0
309.874,-0.7891518473625183,1.2608747482299805,-0.3079826831817627,0.07750335335731506,0.04571801796555519,1.0112642049789429,,,
,,,,,,,32767.0,32767.0,90.0
309.884,-2.9569149017333984,1.3978559970855713,-0.3891882598400116,0.04233913868665695,0.03404669836163521,1.016275405883789,,,
,,,,,,,32767.0,32767.0,90.0
309.894,-4.04940938949585,-0.6056628227233887,-0.7992540001869202,0.0657103955745697,0.01929769292473793,1.0332424640655518,,,
,,,,,,,32767.0,32767.0,90.0
309.904,4.262567520141602,-2.227573871612549,0.7455464601516724,0.05726145580410957,0.03132691979408264,1.0100224018096924,,,
,,,,,,,32767.0,32767.0,90.0
309.914,0.9086287617683411,-0.5926600098609924,0.29145312309265137,0.06414949148893356,0.046063438057899475,0.9795283675193787,,,
,,,,,,,32767.0,32767.0,90.0
309.924,-1.2532488107681274,0.15619200468063354,-0.18925794959068298,0.08080914616584778,0.04478368163108826,0.9855448007583618,,,
,,,,,,,32767.0,32767.0,90.0
309.934,-1.9747933149337769,0.9494494199752808,-0.5647848844528198,0.06438139826059341,0.031087936833500862,0.9928228855133057,,,
,,,,,,,32767.0,32767.0,90.0
309.944,-0.34388065338134766,0.5893812775611877,-0.06564322859048843,0.05906229093670845,0.02826172113418579,1.0135672092437744,,,
,,,,,,,32767.0,32767.0,90.0
309.954,2.427920341491699,-1.0138903856277466,0.31718116998672485,0.06039291247725487,0.02868044190108776,1.0182565450668335,,,
,,,,,,,32767.0,32767.0,90.0
309.964,0.4144793152809143,-0.8407567739486694,0.14085128903388977,0.06592927873134613,0.03540736809372902,0.9994028210639954,,,
,,,,,,,32767.0,32767.0,90.0
309.974,-0.2057734578847885,0.13234595954418182,0.04586659371852875,0.06995952129364014,0.041038189083337784,0.9845792651176453,,,
,,,,,,,32767.0,32767.0,90.0
309.984,-1.8476648330688477,1.148760437965393,0.06810395419597626,0.06881224364042282,0.044841744005680084,1.0027464628219604,,,
,,,,,,,32767.0,32767.0,90.0
309.994,-1.0998581647872925,-0.23033641278743744,0.13260066509246826,0.05833067372441292,0.023659635335206985,1.0132652521133423,,,
,,,,,,,32767.0,32767.0,90.0
310.004,1.793721079826355,-0.1845422238111496,-0.2677260637283325,0.06393484026193619,0.020339392125606537,1.0087543725967407,,,
,,,,,,,32767.0,32767.0,90.0
310.014,1.2194973230361938,-0.43567416071891785,0.16700555384159088,0.06632810831069946,0.04457850381731987,1.0073940753936768,,,
,,,,,,,32767.0,32767.0,90.0
310.024,-0.6653520464897156,-0.3736079931259155,0.010494318790733814,0.06771961599588394,0.03373873978853226,0.9909536242485046,,,
,,,,,,,32767.0,32767.0,90.0
310.034,0.62425297498703,0.6995627284049988,-0.11396333575248718,0.06645547598600388,0.026414571329951286,0.9928991198539734,,,
,,,,,,,32767.0,32767.0,90.0
310.044,-1.457072377204895,-0.15435712039470673,0.014282372780144215,0.06071750819683075,0.04752647504210472,1.0148478746414185,,,
,,,,,,,32767.0,32767.0,90.0
310.054,-1.3569598197937012,-0.40012937784194946,-0.0598909892141819,0.06171676144003868,0.021254418417811394,1.0116245746612549,,,
,,,,,,,32767.0,32767.0,90.0
310.064,1.6634972095489502,-0.04952260106801987,-0.5173295140266418,0.06665349006652832,0.018880536779761314,1.0010533332824707,,,
,,,,,,,32767.0,32767.0,90.0
310.074,0.4985886812210083,0.10190867632627487,0.1659129410982132,0.06479232758283615,0.04822302609682083,1.0010602474212646,,,
,,,,,,,32767.0,32767.0,90.0
310.084,-0.4964348077774048,-0.09759198129177094,0.08157891035079956,0.06542297452688217,0.02903037704527378,0.9942229390144348,,,
,,,,,,,32767.0,32767.0,90.0
310.094,1.2043874263763428,0.513441264629364,-0.5187747478485107,0.06557689607143402,0.027108047157526016,1.0025132894515991,,,
,,,,,,,32767.0,32767.0,90.0
310.104,-0.9214006662368774,-0.3565172851085663,-0.03649440407752991,0.06252641975879669,0.043888211250305176,1.0133527517318726,,,
,,,,,,,32767.0,32767.0,90.0
310.114,-1.3643594980239868,-0.3933074176311493,-0.11917413771152496,0.06499121338129044,0.026966147124767303,1.0021748542785645,,,
,,,,,,,32767.0,32767.0,90.0
310.124,0.9396092891693115,-0.08158428966999054,-0.3917730152606964,0.06566202640533447,0.029062839224934578,0.9950140118598938,,,
,,,,,,,32767.0,32767.0,90.0
310.134,0.6444521546363831,-0.17546346783638,0.4894939661026001,0.062447432428598404,0.04586878791451454,1.004630208015442,,,
,,,,,,,32767.0,32767.0,90.0
310.144,-0.23982666432857513,-0.0734953060746193,-0.061629392206668854,0.06669113039970398,0.027122316882014275,1.0022103786468506,,,
,,,,,,,32767.0,32767.0,90.0
310.154,0.7724792957305908,-0.0911397933959961,-0.2348332405090332,0.06691579520702362,0.0284535251557827,1.0047413110733032,,,
,,,,,,,32767.0,32767.0,90.0
310.164,-0.7903051972389221,-0.33108073472976685,0.09717503935098648,0.061007704585790634,0.0412752665579319,1.0092676877975464,,,
,,,,,,,32767.0,32767.0,90.0
310.174,-0.8835360407829285,-0.2530709207057953,-0.002312200842425227,0.0641699880361557,0.02765730768442154,1.001109004020691,,,
,,,,,,,32767.0,32767.0,90.0
310.184,0.7090845108032227,-0.18185760080814362,-0.3287021517753601,0.066419318318367,0.03102140501141548,1.0009979009628296,,,
,,,,,,,32767.0,32767.0,90.0
310.194,-0.075248584151268,-0.16024236381053925,0.21468843519687653,0.06446082144975662,0.03904227167367935,1.008259654045105,,,
,,,,,,,32767.0,32767.0,90.0
310.204,0.15934014320373535,-0.278834730386734,-0.12986038625240326,0.06436215341091156,0.029552889987826347,1.0045561790466309,,,
,,,,,,,32767.0,32767.0,90.0
310.214,0.5746396780014038,-0.020840110257267952,-0.48725566267967224,0.06369933485984802,0.03206196427345276,1.0040743350982666,,,
,,,,,,,32767.0,32767.0,90.0
310.224,-0.3034209907054901,-0.29475077986717224,0.03362606093287468,0.06402576714754105,0.04074903577566147,1.0026178359985352,,,
,,,,,,,32767.0,32767.0,90.0
310.234,-0.5795300006866455,0.11389800161123276,-0.020827265456318855,0.06712047010660172,0.03172653913497925,0.9986814856529236,,,
,,,,,,,32767.0,32767.0,90.0
310.244,-0.019298046827316284,0.030732735991477966,-0.151725634932518,0.06468295305967331,0.033610377460718155,1.001474142074585,,,
,,,,,,,32767.0,32767.0,90.0
310.254,0.1720171868801117,-0.1070694699883461,-0.07978422194719315,0.06306988000869751,0.0357806421816349,1.0045723915100098,,,
,,,,,,,32767.0,32767.0,90.0
310.264,0.3336191773414612,0.0008498489041812718,-0.18559271097183228,0.06497664749622345,0.03008309006690979,1.0011054277420044,,,
,,,,,,,32767.0,32767.0,90.0
310.274,0.11808783560991287,0.047368742525577545,-0.2722318470478058,0.06561440974473953,0.033719323575496674,1.0017248392105103,,,
,,,,,,,32767.0,32767.0,90.0
310.284,-0.20407918095588684,-0.08181268721818924,0.07808820903301239,0.06365085393190384,0.0372113399207592,1.006773829460144,,,
,,,,,,,32767.0,32767.0,90.0
310.294,-0.5257617831230164,0.32884305715560913,0.07582362741231918,0.0643339604139328,0.028663307428359985,1.0044881105422974,,,
,,,,,,,32767.0,32767.0,90.0
310.304,-0.16012641787528992,-0.3976040184497833,-0.10778403282165527,0.06323307007551193,0.0327993743121624,1.001446008682251,,,
,,,,,,,32767.0,32767.0,90.0
310.314,0.06072486191987991,-0.19755232334136963,-0.19540797173976898,0.06621024757623672,0.03624355047941208,1.0031224489212036,,,
,,,,,,,32767.0,32767.0,90.0
310.324,0.14980976283550262,0.04112536832690239,0.044696126133203506,0.06536662578582764,0.03260352835059166,1.0003135204315186,,,
,,,,,,,32767.0,32767.0,90.0
310.334,0.22868116199970245,0.05773545056581497,-0.07030059397220612,0.06420804560184479,0.03458605706691742,1.0006030797958374,,,
,,,,,,,32767.0,32767.0,90.0
310.344,-0.11006259173154831,-0.3247482478618622,0.03410976752638817,0.06398192048072815,0.03438069298863411,1.0043258666992188,,,
,,,,,,,32767.0,32767.0,90.0
310.354,-0.2961288094520569,-0.04409755393862724,-0.028838779777288437,0.06583740562200546,0.030544128268957138,1.0053120851516724,,,
,,,,,,,32767.0,32767.0,90.0
310.364,-0.06702285259962082,-0.17828863859176636,-0.07351681590080261,0.06610619276762009,0.03352059796452522,1.0027552843093872,,,
,,,,,,,32767.0,32767.0,90.0
310.374,-0.21380715072155,-0.19132111966609955,-0.2178470343351364,0.06319079548120499,0.03342610225081444,1.0011101961135864,,,
,,,,,,,32767.0,32767.0,90.0
310.384,0.40317603945732117,-0.17567619681358337,-0.08000590652227402,0.06369989365339279,0.03192055597901344,1.0015099048614502,,,
,,,,,,,32767.0,32767.0,90.0
310.394,0.40077903866767883,-0.1660148948431015,0.12665341794490814,0.06414338201284409,0.03372680023312569,1.0027523040771484,,,
,,,,,,,32767.0,32767.0,90.0
310.404,-0.14406156539916992,0.07967085391283035,-0.03491897135972977,0.06451841443777084,0.03429783508181572,1.0032219886779785,,,
,,,,,,,32767.0,32767.0,90.0
310.414,-0.24953629076480865,-0.10751192271709442,-0.09495710581541061,0.06425551325082779,0.033730633556842804,1.0027949810028076,,,
,,,,,,,32767.0,32767.0,90.0
310.424,-0.1679188758134842,-0.10339752584695816,0.07098904252052307,0.0634809136390686,0.034334827214479446,1.003245234489441,,,
,,,,,,,32767.0,32767.0,90.0
310.434,-0.07410085946321487,0.1291773021221161,-0.1911342293024063,0.06541839987039566,0.034849848598241806,1.0040600299835205,,,
,,,,,,,32767.0,32767.0,90.0
310.444,0.02527959644794464,0.2586352229118347,-0.08712880313396454,0.06548067182302475,0.032833244651556015,1.0027546882629395,,,
,,,,,,,32767.0,32767.0,90.0
310.454,0.26193228363990784,-0.24707138538360596,-0.20129874348640442,0.06457465887069702,0.03377603366971016,1.0036925077438354,,,
,,,,,,,32767.0,32767.0,90.0
310.464,0.06333936750888824,0.1739284098148346,0.14388342201709747,0.06670980155467987,0.035286955535411835,1.0029191970825195,,,
,,,,,,,32767.0,32767.0,90.0
310.474,-0.33721041679382324,-0.6380940079689026,-0.27088868618011475,0.06452591717243195,0.030772991478443146,1.0023356676101685,,,
,,,,,,,32767.0,32767.0,90.0
310.484,-0.16615919768810272,0.058634672313928604,-0.22300612926483154,0.06232934817671776,0.032377518713474274,1.0031216144561768,,,
,,,,,,,32767.0,32767.0,90.0
310.494,-0.2872787117958069,-0.19710272550582886,-0.2694038450717926,0.06275826692581177,0.03411383181810379,1.0047860145568848,,,
,,,,,,,32767.0,32767.0,90.0
310.504,-0.07510389387607574,0.09845954179763794,-0.04257304593920708,0.06477776169776917,0.03382321074604988,1.0041025876998901,,,
,,,,,,,32767.0,32767.0,90.0
310.514,0.2752726376056671,-0.1807718724012375,-0.16518455743789673,0.06387222558259964,0.031835298985242844,1.0016584396362305,,,
,,,,,,,32767.0,32767.0,90.0
310.524,0.19704613089561462,0.1842273324728012,-0.0304819718003273,0.0660732313990593,0.031741708517074585,1.0034528970718384,,,
,,,,,,,32767.0,32767.0,90.0
310.534,-0.2042882889509201,-0.21365903317928314,-0.17065052688121796,0.06338313966989517,0.033379971981048584,1.0046223402023315,,,
,,,,,,,32767.0,32767.0,90.0
310.544,-0.1326877474784851,-0.12892380356788635,-0.2793642580509186,0.06383491307497025,0.030322443693876266,1.003636360168457,,,
,,,,,,,32767.0,32767.0,90.0
310.554,-0.16850265860557556,-0.06848839670419693,0.2403271347284317,0.06470619142055511,0.03377428278326988,1.0062114000320435,,,
,,,,,,,32767.0,32767.0,90.0
310.564,-0.11689693480730057,-0.04418448731303215,-0.06396417319774628,0.06531895697116852,0.03391798585653305,1.0054707527160645,,,
,,,,,,,32767.0,32767.0,90.0
310.574,0.12915757298469543,-0.22972871363162994,-0.06885049492120743,0.06325860321521759,0.030803442001342773,1.0006814002990723,,,
,,,,,,,32767.0,32767.0,90.0
310.584,0.1673973947763443,0.09468922764062881,0.15904580056667328,0.06541429460048676,0.03444937989115715,1.0000910758972168,,,
,,,,,,,32767.0,32767.0,90.0
310.594,-0.012792441993951797,-0.3163001239299774,-0.05934520438313484,0.06383241713047028,0.03549394756555557,1.0026828050613403,,,
,,,,,,,32767.0,32767.0,90.0
310.604,0.016949363052845,0.35464993119239807,-0.14491574466228485,0.06457100063562393,0.033442217856645584,1.0035409927368164,,,
,,,,,,,32767.0,32767.0,90.0
310.614,0.1307431012392044,-0.38996708393096924,0.12906472384929657,0.06514006108045578,0.03249160572886467,1.0021339654922485,,,
,,,,,,,32767.0,32767.0,90.0
310.624,0.014233398251235485,-0.29561761021614075,0.013904509134590626,0.06700845062732697,0.031633131206035614,0.9992145895957947,,,
,,,,,,,32767.0,32767.0,90.0
310.634,0.10180774331092834,-0.17315742373466492,-0.07704975455999374,0.06453533470630646,0.032307155430316925,1.0026273727416992,,,
,,,,,,,32767.0,32767.0,90.0
310.644,0.209869846701622,-0.17989405989646912,-0.171200692653656,0.0650792047381401,0.03344171866774559,1.003199815750122,,,
,,,,,,,32767.0,32767.0,90.0
310.654,-0.23806077241897583,-0.07661685347557068,0.11641362309455872,0.06209663301706314,0.03249295428395271,0.9996565580368042,,,
,,,,,,,32767.0,32767.0,90.0
310.664,-0.0568147674202919,0.10506191849708557,-0.04293859750032425,0.06490610539913177,0.03321889042854309,1.0022966861724854,,,
,,,,,,,32767.0,32767.0,90.0
310.674,-0.31009092926979065,0.016522206366062164,-0.0014492750633507967,0.06289000809192657,0.033241938799619675,1.0037450790405273,,,
,,,,,,,32767.0,32767.0,90.0
310.684,0.10988274961709976,-0.10457422584295273,-0.15856456756591797,0.06537532806396484,0.02920130081474781,1.0024490356445312,,,
,,,,,,,32767.0,32767.0,90.0
310.694,0.24359242618083954,0.14273029565811157,0.15071552991867065,0.06315157562494278,0.03808226436376572,1.0043798685073853,,,
,,,,,,,32767.0,32767.0,90.0
310.704,-0.02732619270682335,-0.03968743979930878,0.10725361108779907,0.06280045211315155,0.03449041768908501,1.0016376972198486,,,
,,,,,,,32767.0,32767.0,90.0
310.714,0.4787661135196686,-0.13922207057476044,-0.23958779871463776,0.06467637419700623,0.03346909210085869,1.0019614696502686,,,
,,,,,,,32767.0,32767.0,90.0
310.724,-0.5074020028114319,-0.06696633249521255,0.16590245068073273,0.0614033006131649,0.037966303527355194,1.0063669681549072,,,
,,,,,,,32767.0,32767.0,90.0
310.734,-0.11576011776924133,-0.3630685806274414,-0.17087087035179138,0.06515183299779892,0.02692292630672455,1.000842571258545,,,
,,,,,,,32767.0,32767.0,90.0
310.744,0.3670673966407776,0.340243399143219,-0.23337878286838531,0.06611724197864532,0.03367087244987488,0.9993001818656921,,,
,,,,,,,32767.0,32767.0,90.0
310.754,-0.5229865908622742,-0.3592587113380432,0.3378136157989502,0.06432443112134933,0.0405915305018425,1.0051254034042358,,,
,,,,,,,32767.0,32767.0,90.0
310.764,0.0029375154990702868,-0.015566550195217133,0.06197711452841759,0.06554998457431793,0.02719498611986637,1.0000627040863037,,,
,,,,,,,32767.0,32767.0,90.0
310.774,0.5227413773536682,-0.010231406427919865,-0.21983522176742554,0.0646255761384964,0.03407923877239227,1.0057668685913086,,,
,,,,,,,32767.0,32767.0,90.0
310.784,-0.7286391258239746,-0.4510210454463959,0.0902872383594513,0.0626295953989029,0.038768935948610306,1.0086942911148071,,,
,,,,,,,32767.0,32767.0,90.0
310.794,-0.1354651302099228,-0.05491293594241142,-0.11887116730213165,0.06467759609222412,0.025539860129356384,1.000244140625,,,
,,,,,,,32767.0,32767.0,90.0
310.804,0.25036653876304626,0.18370261788368225,0.03944609314203262,0.06754468381404877,0.03393140062689781,1.0022823810577393,,,
,,,,,,,32767.0,32767.0,90.0
310.814,-0.4243299663066864,-0.5686624050140381,-0.059539735317230225,0.06422089785337448,0.037784360349178314,1.0059622526168823,,,
,,,,,,,32767.0,32767.0,90.0
310.824,0.07384613901376724,-0.1692921668291092,-0.3190138638019562,0.06499387323856354,0.027348319068551064,1.002271056175232,,,
,,,,,,,32767.0,32767.0,90.0
310.834,0.5718324780464172,0.09472636878490448,0.18806327879428864,0.0636158287525177,0.03359038755297661,1.0022162199020386,,,
,,,,,,,32767.0,32767.0,90.0
310.844,-0.24311214685440063,-0.010030175559222698,0.17553073167800903,0.06309771537780762,0.03607010468840599,1.0053865909576416,,,
,,,,,,,32767.0,32767.0,90.0
310.854,-0.12003476917743683,-0.0017363185761496425,-0.00013853618293069303,0.06342433393001556,0.029798848554491997,1.001244068145752,,,
,,,,,,,32767.0,32767.0,90.0
310.864,0.18129652738571167,-0.04501013085246086,-0.22499115765094757,0.0635869950056076,0.034136492758989334,1.0033495426177979,,,
,,,,,,,32767.0,32767.0,90.0
310.874,-0.1658911406993866,-0.402398943901062,-0.08972936868667603,0.06363972276449203,0.034933608025312424,1.0043646097183228,,,
,,,,,,,27000.0,32767.0,90.0
310.884,-0.13473734259605408,0.07401396334171295,-0.028059231117367744,0.06402371823787689,0.03129393607378006,1.0045907497406006,,,
,,,,,,,27000.0,32767.0,90.0
310.894,0.28003787994384766,0.047077953815460205,-0.09549333155155182,0.06556541472673416,0.036180976778268814,1.0007516145706177,,,
,,,,,,,27000.0,32767.0,90.0
310.904,-0.7682169079780579,-2.0784997940063477,0.44883161783218384,0.06844025105237961,0.03652029111981392,0.9964272379875183,,,
,,,,,,,27000.0,32767.0,90.0
310.914,3.590578556060791,0.9636867046356201,0.40193769335746765,0.07682819664478302,0.030460504814982414,0.9993225932121277,,,
,,,,,,,27000.0,32767.0,90.0
310.924,-4.669642925262451,2.6630733013153076,-0.7862499952316284,0.05327934771776199,0.03106994740664959,1.005261778831482,,,
,,,,,,,27000.0,32767.0,90.0
310.934,-4.056375980377197,-2.1239097118377686,-0.3845006227493286,0.06559079885482788,0.038872331380844116,1.028293251991272,,,
,,,,,,,27000.0,32767.0,90.0
310.944,4.592540740966797,-2.381516933441162,0.5592988133430481,0.0619780495762825,0.021168898791074753,0.991717517375946,,,
,,,,,,,27000.0,32767.0,90.0
310.954,2.932687282562256,0.721653401851654,0.2680649757385254,0.07076428085565567,0.03459220379590988,0.9838178157806396,,,
,,,,,,,17000.0,32767.0,90.0
310.964,0.012794766575098038,0.9730410575866699,0.17133167386054993,0.06105630844831467,0.043201930820941925,1.0108542442321777,,,
,,,,,,,17000.0,32767.0,90.0
310.974,-5.070492744445801,-0.787688672542572,0.30105060338974,0.0704752579331398,0.027040909975767136,1.019864559173584,,,
,,,,,,,17000.0,32767.0,90.0
310.984,-1.1652748584747314,-0.23041276633739471,-0.5649723410606384,0.06757473945617676,0.030907342210412025,1.0048110485076904,,,
,,,,,,,17000.0,32767.0,90.0
310.994,3.4988973140716553,1.1675286293029785,0.2983507513999939,0.06793303787708282,0.02967406064271927,0.9983232021331787,,,
,,,,,,,17000.0,32767.0,90.0
311.004,0.9649882316589355,1.4140745401382446,0.22921104729175568,0.07352731376886368,0.028243593871593475,1.0032391548156738,,,
,,,,,,,17000.0,32767.0,90.0
311.014,-3.0726864337921143,-0.4186990559101105,-1.1022930145263672,0.05909247696399689,0.044966358691453934,1.0144497156143188,,,
,,,,,,,17000.0,32767.0,90.0
311.024,-3.600600242614746,-1.4546080827713013,-0.26294782757759094,0.06353484094142914,0.03657351806759834,1.0053105354309082,,,
,,,,,,,17000.0,32767.0,90.0
311.034,3.0483477115631104,-0.6303471326828003,0.5289812088012695,0.06762759387493134,0.01885182224214077,0.9857492446899414,,,
,,,,,,,7000.0,32767.0,90.0
311.044,3.8529462814331055,-0.4569379985332489,0.4045003354549408,0.06877696514129639,0.036157943308353424,0.9942945241928101,,,
,,,,,,,7000.0,32767.0,90.0
311.054,1.0627418756484985,0.2668692469596863,0.10640214383602142,0.06702767312526703,0.041330378502607346,1.0071488618850708,,,
,,,,,,,7000.0,32767.0,90.0
311.064,-3.834771156311035,0.8305822610855103,-0.6578462719917297,0.06950150430202484,0.028674280270934105,1.0070159435272217,,,
,,,,,,,7000.0,32767.0,90.0
311.074,-0.6665852665901184,0.5292913913726807,-0.03785631060600281,0.06838478147983551,0.02961454540491104,1.0142940282821655,,,
,,,,,,,7000.0,32767.0,90.0
311.084,0.150071382522583,-0.22478434443473816,0.3514804244041443,0.06252928078174591,0.03067982941865921,1.006618618965149,,,
,,,,,,,7000.0,32767.0,90.0
311.094,-0.041707493364810944,-0.37827858328819275,0.010392877273261547,0.066232830286026,0.030202781781554222,0.9985057711601257,,,
,,,,,,,7000.0,32767.0,90.0
311.104,0.6767707467079163,-0.5882768630981445,-0.08335080742835999,0.06561356037855148,0.03402022272348404,0.9924529790878296,,,
,,,,,,,7000.0,32767.0,90.0
311.114,0.12224384397268295,0.8871558904647827,0.3555673062801361,0.06551583856344223,0.04488856717944145,1.0048551559448242,,,
,,,,,,,7000.0,32767.0,90.0
311.124,0.01056971587240696,-0.9177268743515015,0.2249724417924881,0.05985023453831673,0.024866608902812004,1.0057756900787354,,,
,,,,,,,0.0,32767.0,90.0
311.134,1.147639513015747,0.7403026223182678,-0.4604727029800415,0.0666622444987297,0.024265211075544357,1.0026932954788208,,,
,,,,,,,0.0,32767.0,90.0
311.144,-1.1529728174209595,-0.40576523542404175,0.23822522163391113,0.06548860669136047,0.044650498777627945,1.005908489227295,,,
,,,,,,,0.0,32767.0,90.0
311.154,-0.9891226291656494,0.1513659954071045,-0.07572724670171738,0.06876435875892639,0.03301013261079788,1.0025895833969116,,,
,,,,,,,0.0,32767.0,90.0
311.164,0.21928244829177856,-0.6692277193069458,-0.2709116041660309,0.06358589977025986,0.02663434110581875,1.000203013420105,,,
,,,,,,,0.0,32767.0,90.0
311.174,0.44203120470046997,0.3270975947380066,0.03160163387656212,0.06464865058660507,0.03812998905777931,1.0091681480407715,,,
,,,,,,,0.0,32767.0,90.0
311.184,-0.27078989148139954,-0.6976865530014038,-0.20826852321624756,0.06150052696466446,0.03225523233413696,1.002073884010315,,,
,,,,,,,0.0,32767.0,90.0
311.194,0.694237232208252,0.3021675944328308,-0.15200404822826385,0.06791020929813385,0.027946986258029938,0.9997924566268921,,,
,,,,,,,0.0,32767.0,90.0
311.204,-0.07606852054595947,-0.2832444906234741,0.02947423607110977,0.06441061198711395,0.04280070215463638,1.0053486824035645,,,
,,,,,,,0.0,32767.0,90.0
311.214,-0.9827228784561157,0.13122117519378662,0.1862582117319107,0.06614697724580765,0.0334133505821228,1.0047048330307007,,,
,,,,,,,0.0,32767.0,90.0
311.224,0.22655019164085388,-0.19978578388690948,-0.09133071452379227,0.06427618116140366,0.025393452495336533,0.9982613325119019,,,
,,,,,,,0.0,32767.0,90.0
311.234,0.09161027520895004,-0.2479727566242218,-0.17386633157730103,0.06390275806188583,0.040614496916532516,1.0046439170837402,,,
,,,,,,,0.0,32767.0,90.0
311.244,-0.02042895369231701,-0.2462034970521927,0.1448005884885788,0.06336887180805206,0.038397613912820816,1.0061533451080322,,,
,,,,,,,0.0,32767.0,90.0
311.254,0.419635146856308,-0.06080494821071625,-0.19380255043506622,0.06648740917444229,0.027916820719838142,0.9987127184867859,,,
,,,,,,,0.0,32767.0,90.0
311.264,0.6897401213645935,0.2783896327018738,0.057273782789707184,0.06626259535551071,0.040515776723623276,1.0047742128372192,,,
,,,,,,,0.0,32767.0,90.0
311.274,-1.1337631940841675,-0.344920814037323,-0.04041028022766113,0.06397079676389694,0.03808855265378952,1.0057175159454346,,,
,,,,,,,0.0,32767.0,90.0
311.284,-0.3386855125427246,0.11566650867462158,-0.028353039175271988,0.06497012823820114,0.01899992860853672,0.9993252158164978,,,
,,,,,,,0.0,32767.0,90.0
311.294,0.352772057056427,0.11499292403459549,-0.2970837354660034,0.06337437033653259,0.03495140001177788,1.0047268867492676,,,
,,,,,,,0.0,32767.0,90.0
311.304,-0.5330928564071655,0.01160785648971796,0.09569276869297028,0.06372659653425217,0.03491000458598137,1.0006612539291382,,,
,,,,,,,0.0,32767.0,90.0
311.314,0.5550200939178467,-0.014502463862299919,-0.1877415031194687,0.066474549472332,0.02721896395087242,0.9980054497718811,,,
,,,,,,,0.0,32767.0,90.0
311.324,0.13496415317058563,-0.2553226947784424,-0.23448492586612701,0.06386834383010864,0.03892157971858978,1.00479257106781,,,
,,,,,,,0.0,32767.0,90.0
311.334,-0.5005380511283875,-0.35808229446411133,-0.06287501752376556,0.06346463412046432,0.038074180483818054,1.0048855543136597,,,
,,,,,,,0.0,32767.0,90.0
311.344,-0.18346711993217468,0.2597734034061432,0.09284088760614395,0.06317161023616791,0.031099427491426468,1.0015989542007446,,,
,,,,,,,0.0,32767.0,90.0
311.354,-0.27633798122406006,-0.20171445608139038,-0.12279291450977325,0.06328729540109634,0.034765858203172684,1.0017740726470947,,,
,,,,,,,0.0,32767.0,90.0
311.364,-0.12951712310314178,-0.19917349517345428,-0.22591479122638702,0.06768196821212769,0.03541935235261917,1.001036524772644,,,
,,,,,,,0.0,32767.0,90.0
311.374,-0.07682177424430847,0.2015525996685028,0.09634237736463547,0.06789463013410568,0.029617436230182648,1.0016506910324097,,,
,,,,,,,0.0,32767.0,90.0
311.384,0.3118922710418701,-0.2765251696109772,-0.0536402091383934,0.06547737866640091,0.030737148597836494,1.0039286613464355,,,
,,,,,,,0.0,32767.0,90.0
311.394,0.02687583677470684,0.27992555499076843,-0.004688565153628588,0.06356697529554367,0.03404207155108452,1.006630778312683,,,
,,,,,,,0.0,32767.0,90.0
311.404,-0.33739998936653137,-0.20456580817699432,-0.2803843915462494,0.06384584307670593,0.03377912938594818,1.0024964809417725,,,
,,,,,,,0.0,32767.0,90.0
311.414,0.1411295086145401,0.11216907203197479,0.07960771769285202,0.0646173283457756,0.03606858849525452,1.0032849311828613,,,
,,,,,,,0.0,32767.0,90.0
311.424,-0.20716087520122528,-0.2878655791282654,0.002040500519797206,0.06622761487960815,0.03131861239671707,1.0036962032318115,,,
,,,,,,,0.0,32767.0,90.0
311.434,0.22375832498073578,-0.1258966326713562,-0.029490618035197258,0.06595460325479507,0.02993752248585224,1.0057415962219238,,,
,,,,,,,0.0,32767.0,90.0
311.444,0.09361673146486282,-0.08806801587343216,0.17997488379478455,0.06484167277812958,0.0338408499956131,1.0046488046646118,,,
,,,,,,,0.0,30000.0,90.0
311.454,0.10696902126073837,-0.22318091988563538,0.15393760800361633,0.0659145787358284,0.03248099982738495,1.0047270059585571,,,
,,,,,,,0.0,30000.0,90.0
311.464,4.405333518981934,-0.06338124722242355,-0.41161152720451355,0.06649715453386307,0.027161451056599617,0.9993793964385986,,,
,,,,,,,0.0,30000.0,90.0
311.474,-1.885678768157959,0.43448102474212646,-0.19638828933238983,0.06135199964046478,0.04256686195731163,0.9895018339157104,,,
,,,,,,,0.0,30000.0,90.0
311.484,-9.562469482421875,0.47489133477211,-0.041641540825366974,0.06127316877245903,0.045812882483005524,1.0195469856262207,,,
,,,,,,,0.0,30000.0,90.0
311.494,4.340462684631348,-1.434874176979065,0.7140035033226013,0.06387203186750412,0.004534824285656214,1.0082275867462158,,,
,,,,,,,0.0,30000.0,90.0
311.504,0.22771190106868744,0.15041892230510712,-0.7734147906303406,0.06682026386260986,0.022001992911100388,0.9914737939834595,,,
,,,,,,,0.0,30000.0,90.0
311.514,5.897914409637451,-0.7993770837783813,0.35872671008110046,0.06336459517478943,0.05341099575161934,0.9978792667388916,,,
,,,,,,,0.0,30000.0,90.0
311.524,-0.46180111169815063,0.3937804400920868,-0.25753161311149597,0.06574777513742447,0.03247449919581413,0.9910669922828674,,,
,,,,,,,0.0,30000.0,90.0
311.534,-1.9400917291641235,0.5392650365829468,-0.6897866725921631,0.06330438703298569,0.03212171792984009,1.0113353729248047,,,
,,,,,,,0.0,30000.0,90.0
311.544,-1.659281849861145,-0.4408392012119293,0.06277043372392654,0.06183875724673271,0.036250367760658264,1.0153006315231323,,,
,,,,,,,0.0,30000.0,90.0
311.554,-3.14029598236084,0.18842251598834991,-0.1661718785762787,0.06466162204742432,0.027292482554912567,1.0014070272445679,,,
,,,,,,,0.0,30000.0,90.0
311.564,2.69865345954895,-0.371018648147583,0.15894508361816406,0.06746892631053925,0.032282792031764984,0.9985434412956238,,,
,,,,,,,0.0,30000.0,90.0
311.574,0.33122801780700684,-0.024980925023555756,-0.08864689618349075,0.06414194405078888,0.04193611815571785,0.9965399503707886,,,
,,,,,,,0.0,30000.0,90.0
311.584,2.3017070293426514,0.1296410709619522,0.08092206716537476,0.06550030410289764,0.02948092669248581,1.0032931566238403,,,
,,,,,,,0.0,30000.0,90.0
311.594,0.44962626695632935,0.3144533634185791,-0.20375610888004303,0.06567525118589401,0.025128459557890892,1.0095869302749634,,,
,,,,,,,0.0,30000.0,90.0
311.604,-2.440232276916504,-0.08389845490455627,-0.11091787368059158,0.06385399401187897,0.037167005240917206,1.008889079093933,,,
,,,,,,,0.0,30000.0,90.0
311.614,-1.3240023851394653,-0.22858627140522003,-0.15909267961978912,0.06449846923351288,0.03473855182528496,0.9989872574806213,,,
,,,,,,,0.0,30000.0,90.0
311.624,-0.6948350071907043,0.24468491971492767,-0.00748185021802783,0.06411352753639221,0.029989277943968773,0.9935265183448792,,,
,,,,,,,0.0,30000.0,90.0
311.634,1.6513216495513916,-0.2131921947002411,0.002056468278169632,0.06259220093488693,0.03459400683641434,1.0053815841674805,,,
,,,,,,,0.0,30000.0,90.0
311.644,0.8976535201072693,-0.24499979615211487,0.1045047864317894,0.06467936187982559,0.03213173896074295,1.0059230327606201,,,
,,,,,,,0.0,30000.0,90.0
311.654,0.7637596726417542,-0.08997134864330292,0.04326910525560379,0.06381906569004059,0.034214556217193604,1.0049904584884644,,,
,,,,,,,0.0,30000.0,90.0
311.664,-0.49042627215385437,-0.29835668206214905,-0.0761546790599823,0.06286009401082993,0.040494196116924286,1.0024316310882568,,,
,,,,,,,0.0,30000.0,90.0
311.674,-1.7838804721832275,0.14500939846038818,0.15767449140548706,0.0650336891412735,0.03619309142231941,0.9992397427558899,,,
,,,,,,,0.0,30000.0,90.0
311.684,-0.4683467447757721,-0.14112676680088043,-0.12906357645988464,0.06571663916110992,0.027915380895137787,1.00194251537323,,,
,,,,,,,0.0,30000.0,90.0
311.694,0.330447256565094,-0.09560468792915344,-0.34209349751472473,0.0664198249578476,0.02422778680920601,1.0063406229019165,,,
,,,,,,,0.0,30000.0,90.0
311.704,1.4398345947265625,-0.039683323353528976,0.08414850383996964,0.06469528377056122,0.029714316129684448,1.0069891214370728,,,
,,,,,,,0.0,30000.0,90.0
311.714,0.7829277515411377,-0.487111896276474,-0.33835265040397644,0.06363820284605026,0.035599805414676666,1.0023092031478882,,,
,,,,,,,0.0,30000.0,90.0
311.724,-0.3098480701446533,-0.19882792234420776,-0.3674951493740082,0.06504780799150467,0.034705936908721924,1.001158595085144,,,
,,,,,,,0.0,30000.0,90.0
311.734,-1.185836672782898,0.19083087146282196,-0.00842839665710926,0.06401707977056503,0.035796016454696655,1.0043580532073975,,,
,,,,,,,0.0,30000.0,90.0
311.744,-0.8111633658409119,-0.07719165086746216,-0.09405940026044846,0.06516066938638687,0.03323332592844963,1.0065364837646484,,,
,,,,,,,0.0,30000.0,90.0
311.754,0.2858123779296875,0.3106696903705597,-0.17360907793045044,0.06424247473478317,0.0351172499358654,1.0026487112045288,,,
,,,,,,,0.0,30000.0,90.0
311.764,0.743262767791748,-0.36899110674858093,-0.2939923405647278,0.06534842401742935,0.041838787496089935,1.0018028020858765,,,
,,,,,,,0.0,29000.0,90.0
311.774,0.681540310382843,0.12515708804130554,0.28589409589767456,0.06645655632019043,0.03164622187614441,1.0018014907836914,,,
,,,,,,,0.0,29000.0,90.0
311.784,-0.03160827234387398,0.013425816781818867,-0.249213308095932,0.06610316783189774,0.024126728996634483,1.0039186477661133,,,
,,,,,,,0.0,29000.0,90.0
311.794,-0.8333544731140137,-0.21700796484947205,0.06206129118800163,0.06521584093570709,0.03187892213463783,1.007218837738037,,,
,,,,,,,0.0,29000.0,90.0
311.804,0.698512852191925,0.22036884725093842,-0.09521771222352982,0.06511911749839783,0.026853283867239952,1.0011639595031738,,,
,,,,,,,0.0,29000.0,90.0
311.814,-0.27916982769966125,0.16161134839057922,-0.3114054203033447,0.06670327484607697,0.0358605794608593,1.0001059770584106,,,
,,,,,,,0.0,29000.0,90.0
311.824,-1.9204589128494263,-0.32308053970336914,0.1405964344739914,0.06318806856870651,0.040052834898233414,1.0102956295013428,,,
,,,,,,,0.0,29000.0,90.0
311.834,1.5379222631454468,0.049552515149116516,-0.05342340096831322,0.0666915699839592,0.025058578699827194,1.0041133165359497,,,
,,,,,,,0.0,29000.0,90.0
311.844,0.5206722617149353,-0.02970910631120205,-0.4481240510940552,0.0645342767238617,0.034455228596925735,1.0019363164901733,,,
,,,,,,,0.0,29000.0,90.0
311.854,0.7703158259391785,-0.6228570342063904,0.20631955564022064,0.06284135580062866,0.042659420520067215,1.0035462379455566,,,
,,,,,,,0.0,28000.0,90.0
311.864,-1.026344656944275,-0.12291818857192993,-0.2785990238189697,0.0651228278875351,0.03005220554769039,0.9983938932418823,,,
,,,,,,,0.0,28000.0,90.0
311.874,-0.13745994865894318,-0.13740110397338867,0.17274345457553864,0.06601068377494812,0.032347582280635834,1.006817102432251,,,
,,,,,,,0.0,28000.0,90.0
311.884,0.21799933910369873,-0.5970372557640076,-0.022680852562189102,0.06498098373413086,0.02779042348265648,1.00468909740448,,,
,,,,,,,0.0,28000.0,90.0
311.894,-1.0079342126846313,-0.22958871722221375,0.23613567650318146,0.06232994794845581,0.03267892450094223,1.0028988122940063,,,
,,,,,,,0.0,28000.0,90.0
311.904,-2.128760576248169,0.07777732610702515,0.07846598327159882,0.06160305440425873,0.03664911910891533,1.007162094116211,,,
,,,,,,,0.0,28000.0,90.0
311.914,1.4357037544250488,-0.4361385405063629,0.11273851245641708,0.06335116177797318,0.03007504530251026,0.9990915656089783,,,
,,,,,,,0.0,28000.0,90.0
311.924,1.6586410999298096,0.2163667231798172,-0.10614859312772751,0.06356728821992874,0.03316124528646469,0.9998342394828796,,,
,,,,,,,0.0,28000.0,90.0
311.934,0.849502682685852,-0.11890804767608643,-0.04803792014718056,0.06426174938678741,0.03869857266545296,1.0068587064743042,,,
,,,,,,,0.0,27000.0,90.0
311.944,-1.287846326828003,-0.14373907446861267,-0.03596438094973564,0.06132936105132103,0.035100776702165604,1.001869797706604,,,
,,,,,,,0.0,27000.0,90.0
311.954,-0.8904942870140076,-0.07918816059827805,-0.056172385811805725,0.06293386220932007,0.03360508382320404,1.0023868083953857,,,
,,,,,,,0.0,27000.0,90.0
311.964,0.9329663515090942,0.25887078046798706,-0.08389749377965927,0.06433501094579697,0.033461377024650574,0.999660074710846,,,
,,,,,,,0.0,27000.0,90.0
311.974,-1.999865174293518,-0.33947262167930603,-0.05936799570918083,0.06549793481826782,0.03572091460227966,1.003626823425293,,,
,,,,,,,0.0,27000.0,90.0
311.984,0.46578478813171387,-0.08646555244922638,0.1064951941370964,0.06392606347799301,0.026350008323788643,1.0015870332717896,,,
,,,,,,,0.0,27000.0,90.0
311.994,0.5631404519081116,-0.29423364996910095,-0.1025671437382698,0.06395766884088516,0.03103574737906456,1.0005807876586914,,,
,,,,,,,0.0,27000.0,90.0
312.004,1.146191120147705,-0.6941667199134827,0.3891392648220062,0.05682869255542755,0.02217164635658264,0.9842686653137207,,,
,,,,,,,0.0,27000.0,90.0
312.014,3.9259655475616455,-0.13812406361103058,-2.8443236351013184,0.07880896329879761,0.01976601593196392,0.9833889603614807,,,
,,,,,,,0.0,27000.0,90.0
312.024,1.8510535955429077,7.442965507507324,3.5348458290100098,0.12747474014759064,0.1202622652053833,1.082338571548462,,,
,,,,,,,0.0,30000.0,90.0
312.034,-11.075776100158691,-10.181513786315918,-0.41405966877937317,-0.03418591618537903,-0.012316325679421425,0.9437366127967834,,,
,,,,,,,0.0,30000.0,90.0
312.044,6.837856769561768,7.604172229766846,-1.675601601600647,0.12809452414512634,0.007441023364663124,1.0358917713165283,,,
,,,,,,,0.0,30000.0,90.0
312.054,2.688481092453003,-4.5284037590026855,1.7248070240020752,0.06736897677183151,0.08261986821889877,1.0396462678909302,,,
,,,,,,,0.0,30000.0,90.0
312.064,-9.93148136138916,0.38346123695373535,-1.8564139604568481,0.039404187351465225,0.017393402755260468,0.9579540491104126,,,
,,,,,,,0.0,30000.0,90.0
312.074,6.74448299407959,-1.5423083305358887,0.5499227046966553,0.10091358423233032,0.03882765769958496,1.0134484767913818,,,
,,,,,,,0.0,30000.0,90.0
312.084,-2.607292652130127,1.2176662683486938,0.5486047267913818,0.06271549314260483,0.0432724766433239,0.9993367791175842,,,
,,,,,,,0.0,30000.0,90.0
312.094,2.811284065246582,-0.6053982973098755,-0.5853008031845093,0.06409298628568649,-0.0036188368685543537,0.9768385887145996,,,
,,,,,,,0.0,30000.0,90.0
312.104,3.7762393951416016,1.829019546508789,-0.8739317059516907,0.07922016084194183,0.045964136719703674,1.017835021018982,,,
,,,,,,,0.0,32767.0,90.0
312.114,-6.034456253051758,-1.7342748641967773,1.2752176523208618,0.044880930334329605,0.04990613833069801,1.0199646949768066,,,
,,,,,,,2000.0,32767.0,90.0
312.124,-0.6664527058601379,0.9725338220596313,-0.45628273487091064,0.07262033224105835,-0.0010242454009130597,1.0000277757644653,,,
,,,,,,,2000.0,32767.0,90.0
312.134,1.950338363647461,-0.3102671802043915,-0.5621140599250793,0.06601231545209885,0.042781755328178406,1.0066252946853638,,,
,,,,,,,2000.0,32767.0,90.0
312.144,-5.181562900543213,-0.29426929354667664,0.6171628832817078,0.06262025982141495,0.060329560190439224,1.0024259090423584,,,
,,,,,,,2000.0,32767.0,90.0
312.154,2.9829514026641846,-1.3297796249389648,-0.3202594220638275,0.06790425628423691,0.009396607987582684,0.9999302625656128,,,
,,,,,,,2000.0,32767.0,90.0
312.164,12.110448837280273,0.3061191737651825,-0.45550867915153503,0.07239654660224915,0.019621210172772408,0.9846261143684387,,,
,,,,,,,2000.0,32767.0,90.0
312.174,-6.759301662445068,0.2114318162202835,-0.18217584490776062,0.06114432215690613,0.07311663031578064,1.008478045463562,,,
,,,,,,,2000.0,32767.0,90.0
312.184,0.326325923204422,-0.01984836347401142,0.8900746703147888,0.06663184612989426,0.03146282583475113,1.0150285959243774,,,
,,,,,,,2000.0,32767.0,90.0
312.194,-6.4091901779174805,0.18878385424613953,-0.7776365280151367,0.06277161091566086,0.00867472868412733,1.0023585557937622,,,
,,,,,,,2000.0,36000.0,90.0
312.204,-0.42456284165382385,0.17247481644153595,0.3058474659919739,0.0666501447558403,0.034916214644908905,1.0108000040054321,,,
,,,,,,,20000.0,36000.0,90.0
312.214,1.9668797254562378,0.13686884939670563,0.2414678931236267,0.06928984820842743,0.03935070335865021,0.9981831312179565,,,
,,,,,,,20000.0,36000.0,90.0
312.224,-0.7404232025146484,-0.05464263632893562,-0.0739603117108345,0.06973717361688614,0.03552018105983734,0.988871693611145,,,
,,,,,,,20000.0,36000.0,90.0
312.234,-0.05302051454782486,-0.7775689363479614,-0.9904566407203674,0.07200346887111664,0.03544969484210014,1.0252422094345093,,,
,,,,,,,20000.0,36000.0,90.0
312.244,14.115850448608398,-2.4254918098449707,0.06272324919700623,0.0697799101471901,0.017914341762661934,1.0051761865615845,,,
,,,,,,,20000.0,36000.0,90.0
312.254,-6.217685222625732,0.660082995891571,-1.090864896774292,0.0686001405119896,0.05652625113725662,0.9902055263519287,,,
,,,,,,,20000.0,36000.0,90.0
312.264,-1.5903849601745605,-0.4049969017505646,1.0616437196731567,0.06279423087835312,0.0625189021229744,1.0069502592086792,,,
,,,,,,,20000.0,36000.0,90.0
312.274,-2.877448797225952,-0.21552471816539764,0.5495585203170776,0.06823399662971497,0.02297508902847767,0.9981359839439392,,,
,,,,,,,20000.0,35000.0,90.0
312.284,-2.242499589920044,1.0164345502853394,-0.666764497756958,0.0687929168343544,0.016175201162695885,1.0122909545898438,,,
,,,,,,,39000.0,35000.0,90.0
312.294,-1.4064946174621582,-0.2635955810546875,-1.2087267637252808,0.06148257479071617,0.03731011971831322,1.0104899406433105,,,
,,,,,,,39000.0,35000.0,90.0
312.304,2.464813470840454,-0.945507287979126,-0.5163305997848511,0.06358249485492706,0.035736002027988434,1.005637764930725,,,
,,,,,,,39000.0,35000.0,90.0
312.314,3.1845080852508545,-0.452705979347229,0.37706834077835083,0.06835907697677612,0.030138405039906502,0.9863465428352356,,,
,,,,,,,39000.0,35000.0,90.0
312.324,1.4419288635253906,-2.1018624305725098,-0.507638692855835,0.07329113036394119,0.04387660324573517,1.0049937963485718,,,
,,,,,,,39000.0,35000.0,90.0
312.334,-1.4127086400985718,-0.7174084782600403,-0.9984332323074341,0.07480261474847794,0.03900449723005295,1.0115764141082764,,,
,,,,,,,39000.0,35000.0,90.0
312.344,-14.321704864501953,5.168535232543945,-1.5739858150482178,0.050618089735507965,0.05575740709900856,1.0066663026809692,,,
,,,,,,,39000.0,35000.0,90.0
312.354,-4.126004695892334,-7.800424575805664,5.98211669921875,0.052873652428388596,0.05085387080907822,1.019589900970459,,,
,,,,,,,39000.0,39000.0,90.0
312.364,35.853389739990234,6.82543420791626,-2.0965449810028076,0.1561819463968277,-0.02813989482820034,0.9095388650894165,,,
,,,,,,,39000.0,39000.0,90.0
312.374,-41.19844055175781,22.161762237548828,-6.925543785095215,0.08711499720811844,0.03248301148414612,0.8666629791259766,,,
,,,,,,,50000.0,39000.0,90.0
312.384,28.900840759277344,-15.25924301147461,1.7752442359924316,0.036317694932222366,0.14061497151851654,1.1289280652999878,,,
,,,,,,,50000.0,39000.0,90.0
312.394,-2.4672019481658936,-5.041420936584473,3.580773115158081,0.022008005529642105,0.039949603378772736,1.0747851133346558,,,
,,,,,,,50000.0,39000.0,90.0
312.404,-17.013574600219727,19.548301696777344,-2.1036477088928223,0.023186644539237022,-0.09883329272270203,1.1008397340774536,,,
,,,,,,,50000.0,39000.0,90.0
312.414,48.654659271240234,-23.52259063720703,-4.226648330688477,0.05999132990837097,-0.04267021268606186,1.1109204292297363,,,
,,,,,,,50000.0,39000.0,90.0
312.424,-38.43903350830078,-8.164066314697266,4.425368785858154,0.044298481196165085,0.16921521723270416,0.8960851430892944,,,
,,,,,,,50000.0,39000.0,90.0
312.434,4.383073806762695,7.598543643951416,0.6349967122077942,0.11520667374134064,0.10552619397640228,0.905788242816925,,,
,,,,,,,50000.0,39000.0,90.0
312.444,-14.02947998046875,1.9381059408187866,3.17722225189209,0.14012788236141205,-0.004229632206261158,0.8937497138977051,,,
,,,,,,,50000.0,32767.0,90.0
312.454,17.513154983520508,5.405308723449707,-3.487720489501953,0.09695572406053543,0.02638675831258297,1.0180498361587524,,,
,,,,,,,65000.0,32767.0,90.0
312.464,-4.573063373565674,3.532792091369629,2.445793867111206,0.011761744506657124,0.03378962352871895,1.0659469366073608,,,
,,,,,,,65000.0,32767.0,90.0
312.474,4.596343994140625,-5.291053771972656,1.414939284324646,0.047590482980012894,-0.007551896385848522,1.1026239395141602,,,
,,,,,,,65000.0,32767.0,90.0
312.484,2.7701427936553955,-4.535852432250977,-3.397068977355957,0.05553710088133812,0.02317272312939167,1.0334184169769287,,,
,,,,,,,65000.0,32767.0,90.0
312.494,11.890325546264648,-1.3716932535171509,5.349531173706055,0.07495035976171494,0.0699886903166771,0.9300790429115295,,,
,,,,,,,65000.0,32767.0,90.0
312.504,-24.688875198364258,2.1455581188201904,-0.3076319396495819,0.12340045720338821,0.1108364388346672,0.9367578029632568,,,
,,,,,,,65000.0,32767.0,90.0
312.514,-24.730976104736328,3.2656800746917725,-4.249696254730225,0.08319539576768875,0.015112222172319889,1.0074087381362915,,,
,,,,,,,65000.0,32767.0,90.0
312.524,31.861478805541992,-0.8204712271690369,4.370612621307373,0.028312643989920616,-0.0529174767434597,1.0297847986221313,,,
,,,,,,,65000.0,32767.0,90.0
312.534,6.11340856552124,1.5655641555786133,-2.601860523223877,0.06400299072265625,0.021652333438396454,1.0196583271026611,,,
,,,,,,,65000.0,35000.0,90.0
312.544,2.1573269367218018,-3.4070098400115967,-0.6966750621795654,0.05640815570950508,0.10815607011318207,1.0363563299179077,,,
,,,,,,,65535.0,35000.0,90.0
312.554,-7.683032989501953,-1.5919826030731201,0.258944571018219,0.05616854876279831,0.06601495295763016,0.9752804636955261,,,
,,,,,,,65535.0,35000.0,90.0
312.564,-3.642071008682251,1.7086457014083862,0.15645712614059448,0.08239465206861496,0.002090814523398876,0.9707211852073669,,,
,,,,,,,65535.0,35000.0,90.0
312.574,0.7603602409362793,1.6374261379241943,0.4852818250656128,0.06795716285705566,0.0312906838953495,1.0164178609848022,,,
,,,,,,,65535.0,35000.0,90.0
312.584,-0.936500072479248,-2.6447482109069824,-1.2934352159500122,0.05795421078801155,0.028045576065778732,1.029693841934204,,,
,,,,,,,65535.0,35000.0,90.0
312.594,5.392177104949951,-0.2609311044216156,0.8050175905227661,0.0642966628074646,0.017805080860853195,0.9980898499488831,,,
,,,,,,,65535.0,35000.0,90.0
312.604,-2.8827874660491943,0.1676151305437088,-0.6217090487480164,0.0697103887796402,0.04768176004290581,0.9758674502372742,,,
,,,,,,,65535.0,35000.0,90.0
312.614,0.9936900734901428,-0.14571663737297058,0.06796089559793472,0.0668226107954979,0.03871282935142517,0.9954553246498108,,,
,,,,,,,65535.0,35000.0,90.0
312.624,0.3864905834197998,1.1445720195770264,0.987623393535614,0.06208164617419243,0.01339330617338419,1.0157257318496704,,,
,,,,,,,65535.0,39000.0,90.0
312.634,-3.0101075172424316,-0.9554713368415833,-0.45062023401260376,0.0650397315621376,0.025805359706282616,1.0200824737548828,,,
,,,,,,,65535.0,39000.0,90.0
312.644,-5.732532978057861,-0.4261346459388733,-0.47622793912887573,0.0617058128118515,0.04835325479507446,1.0049200057983398,,,
,,,,,,,65535.0,39000.0,90.0
312.654,-4.875894069671631,-0.9551907181739807,-1.2201303243637085,0.0648982897400856,0.03451467305421829,1.013668179512024,,,
,,,,,,,65535.0,39000.0,90.0
312.664,20.64403533935547,-1.4188942909240723,0.32818248867988586,0.06980729848146439,-0.0016326454933732748,0.9819737672805786,,,
,,,,,,,65535.0,39000.0,90.0
312.674,1.5716434717178345,1.7094768285751343,-1.425843596458435,0.07598525285720825,0.06261137127876282,0.9588421583175659,,,
,,,,,,,65535.0,39000.0,90.0
312.684,-8.938986778259277,1.01942777633667,0.3911747336387634,0.06263874471187592,0.09199965745210648,1.0231740474700928,,,
,,,,,,,65535.0,39000.0,90.0
312.694,1.5032321214675903,-0.2712479531764984,1.5623457431793213,0.06363045424222946,0.0030026156455278397,1.0192595720291138,,,
,,,,,,,65535.0,39000.0,90.0
312.704,-10.810018539428711,1.261898398399353,-1.4018771648406982,0.06811276823282242,0.0048638517037034035,1.0159026384353638,,,
,,,,,,,65535.0,39000.0,90.0
312.714,6.470841884613037,-2.175888776779175,-0.5040208101272583,0.06174979358911514,0.0456884503364563,1.018013834953308,,,
,,,,,,,65535.0,37000.0,90.0
312.724,-3.1795456409454346,1.2112412452697754,0.7720368504524231,0.07154469937086105,0.041472017765045166,0.9747641682624817,,,
,,,,,,,65535.0,37000.0,90.0
312.734,5.352670192718506,-0.724838137626648,-0.3732384741306305,0.06862284243106842,0.03281422331929207,0.9812248945236206,,,
,,,,,,,65535.0,37000.0,90.0
312.744,2.4084596633911133,-0.008044913411140442,0.02267574332654476,0.062481384724378586,0.046810414642095566,1.0008783340454102,,,
,,,,,,,65535.0,37000.0,90.0
312.754,-1.9990798234939575,-0.5217161178588867,-0.40738263726234436,0.06065111607313156,0.028758972883224487,1.026476263999939,,,
,,,,,,,65535.0,37000.0,90.0
312.764,5.146274566650391,0.22060833871364594,1.2956289052963257,0.06998325884342194,0.01736513338983059,0.9930967688560486,,,
,,,,,,,65535.0,37000.0,90.0
312.774,-19.908931732177734,0.8797345757484436,-0.9382161498069763,0.05938604101538658,0.06807436794042587,1.0111883878707886,,,
,,,,,,,65535.0,37000.0,90.0
312.784,3.961663246154785,-1.8995623588562012,-0.961448609828949,0.055410198867321014,0.01390350703150034,1.023653268814087,,,
,,,,,,,65535.0,37000.0,90.0
312.794,4.999264240264893,0.7559313774108887,-0.24554874002933502,0.07521601766347885,-0.0020770388655364513,0.9866489768028259,,,
,,,,,,,65535.0,37000.0,90.0
312.804,-0.851654052734375,-0.7803192734718323,-0.5075823664665222,0.06491927057504654,0.06172366812825203,1.001357078552246,,,
,,,,,,,65535.0,35000.0,90.0
312.814,7.046114921569824,-1.465245008468628,0.5806493163108826,0.06781230121850967,0.046671174466609955,0.9869541525840759,,,
,,,,,,,65535.0,35000.0,90.0
312.824,-7.078625679016113,1.9424526691436768,-0.9351202845573425,0.06606212258338928,0.01789787784218788,0.9912266731262207,,,
,,,,,,,65535.0,35000.0,90.0
312.834,5.091914176940918,-0.27030396461486816,0.6783696413040161,0.059785861521959305,0.031372763216495514,1.030706524848938,,,
,,,,,,,65535.0,35000.0,90.0
312.844,-5.379931449890137,-0.6558488011360168,-0.42031461000442505,0.06278249621391296,0.035586338490247726,1.0187277793884277,,,
,,,,,,,65535.0,35000.0,90.0
312.854,2.8170266151428223,-0.7058156728744507,-0.5017828941345215,0.06947165727615356,0.019326627254486084,0.9912325143814087,,,
,,,,,,,65535.0,35000.0,90.0
312.864,-7.366330146789551,0.8598229885101318,-0.29059937596321106,0.06675736606121063,0.05420297756791115,0.9925263524055481,,,
,,,,,,,65535.0,35000.0,90.0
312.874,4.08775520324707,-0.9737951755523682,0.695243775844574,0.06661351025104523,0.029224352911114693,1.0027389526367188,,,
,,,,,,,65535.0,35000.0,90.0
312.884,2.0931949615478516,0.10915999859571457,-0.4262092113494873,0.06778756529092789,0.020420528948307037,1.0002259016036987,,,
,,,,,,,65535.0,35000.0,90.0
312.894,0.7275251746177673,0.053272590041160583,-0.21128511428833008,0.06429772824048996,0.04341937601566315,1.0152920484542847,,,
,,,,,,,65535.0,32767.0,90.0
312.904,0.5634102821350098,-0.5604923367500305,0.36615005135536194,0.06836225092411041,0.03592945262789726,0.9978828430175781,,,
,,,,,,,65535.0,32767.0,90.0
312.914,-3.4049293994903564,0.4865822196006775,-0.39947766065597534,0.06773293763399124,0.025976253673434258,0.9928222894668579,,,
,,,,,,,65535.0,32767.0,90.0
312.924,3.6190319061279297,-0.4465150535106659,0.47010594606399536,0.06461582332849503,0.036624569445848465,1.0095914602279663,,,
,,,,,,,65535.0,32767.0,90.0
312.934,-1.4400453567504883,0.31626346707344055,-0.265097975730896,0.06533104926347733,0.028572726994752884,0.9963664412498474,,,
,,,,,,,65535.0,32767.0,90.0
312.944,-5.2124834060668945,0.14891916513442993,0.0745759978890419,0.06265200674533844,0.04145712032914162,1.0076916217803955,,,
,,,,,,,65535.0,32767.0,90.0
312.954,0.06205642968416214,-0.7687332630157471,0.11559812724590302,0.062377508729696274,0.0264592282474041,1.0086570978164673,,,
,,,,,,,65535.0,32767.0,90.0
312.964,1.980734944343567,-0.41541987657546997,-0.34545549750328064,0.06859245151281357,0.016959108412265778,0.9934213161468506,,,
,,,,,,,65535.0,32767.0,90.0
312.974,3.6723945140838623,-0.14767417311668396,-0.16369259357452393,0.06696472316980362,0.03818811476230621,1.0009173154830933,,,
,,,,,,,65535.0,36000.0,90.0
312.984,1.4127236604690552,0.1107286736369133,0.19375145435333252,0.06381066888570786,0.04039183259010315,1.0046782493591309,,,
,,,,,,,55000.0,36000.0,90.0
312.994,-2.211794376373291,-0.17775461077690125,-0.5632269978523254,0.06503619253635406,0.024253755807876587,1.0079339742660522,,,
,,,,,,,55000.0,36000.0,90.0
313.004,-2.9069607257843018,0.35833656787872314,0.19217824935913086,0.06602679938077927,0.032351475208997726,1.0060251951217651,,,
,,,,,,,55000.0,36000.0,90.0
313.014,-7.434330463409424,0.48546189069747925,0.7269008755683899,0.0651833638548851,0.043898895382881165,1.0087050199508667,,,
,,,,,,,55000.0,36000.0,90.0
313.024,5.048076152801514,-2.7993876934051514,-0.5671172142028809,0.06478270143270493,0.011560341343283653,1.0136902332305908,,,
,,,,,,,55000.0,36000.0,90.0
313.034,15.598331451416016,0.7226717472076416,0.7017259001731873,0.08552156388759613,0.011013953946530819,0.9677399396896362,,,
,,,,,,,55000.0,36000.0,90.0
313.044,-6.9503173828125,2.6136953830718994,-2.4089407920837402,0.06705128401517868,0.08786354213953018,1.0007811784744263,,,
,,,,,,,55000.0,36000.0,90.0
313.054,-1.706028938293457,-1.3276474475860596,1.0455747842788696,0.06143631786108017,0.05083233118057251,1.0318936109542847,,,
,,,,,,,55000.0,36000.0,90.0
313.064,-6.814441204071045,-0.8000248670578003,-0.07722604274749756,0.06691555678844452,0.003124095732346177,1.006954550743103,,,
,,,,,,,55000.0,35000.0,90.0
313.074,2.407649517059326,-1.636350393295288,-0.010711265727877617,0.06500542163848877,0.03081764280796051,1.0044416189193726,,,
,,,,,,,46000.0,35000.0,90.0
313.084,1.6778223514556885,-0.5024245977401733,0.2965393662452698,0.07395923882722855,0.05183388292789459,0.9857911467552185,,,
,,,,,,,46000.0,35000.0,90.0
313.094,-1.9834939241409302,2.485325574874878,-0.7626904845237732,0.0710800439119339,0.03392486646771431,0.9957099556922913,,,
,,,,,,,46000.0,35000.0,90.0
313.104,4.270461559295654,-1.5594329833984375,-0.2842952311038971,0.06808552891016006,0.029015518724918365,1.0047862529754639,,,
,,,,,,,46000.0,35000.0,90.0
313.114,-1.8094712495803833,0.2745998501777649,0.9807408452033997,0.07219631224870682,0.03369417041540146,1.012507438659668,,,
,,,,,,,46000.0,35000.0,90.0
313.124,4.292993545532227,0.13635297119617462,-0.14022082090377808,0.05849231407046318,0.02308746427297592,1.006495475769043,,,
,,,,,,,46000.0,35000.0,90.0
313.134,-10.521217346191406,0.4682725965976715,-0.9869832396507263,0.06268926709890366,0.04798416793346405,1.006355881690979,,,
,,,,,,,46000.0,35000.0,90.0
313.144,-3.052385091781616,-1.3338340520858765,0.5830464363098145,0.06486762315034866,0.03579796478152275,1.0135085582733154,,,
,,,,,,,46000.0,35000.0,90.0
313.154,5.488086223602295,-0.6735639572143555,0.35463088750839233,0.07249124348163605,0.011958329007029533,0.9857187867164612,,,
,,,,,,,46000.0,35000.0,90.0
313.164,1.050405502319336,0.5736692547798157,-0.7969092726707458,0.07340656965970993,0.032155852764844894,0.9946790337562561,,,
,,,,,,,41000.0,35000.0,90.0
313.174,4.425747871398926,-0.2648766040802002,0.28770580887794495,0.06057152524590492,0.049667131155729294,1.0065388679504395,,,
,,,,,,,41000.0,35000.0,90.0
313.184,-4.199645042419434,0.3713114261627197,-0.5192714929580688,0.06384843587875366,0.03148072957992554,1.0090693235397339,,,
,,,,,,,41000.0,35000.0,90.0
313.194,2.0744104385375977,-0.9103723168373108,-0.10363983362913132,0.06452808529138565,0.028377389535307884,1.007857322692871,,,
,,,,,,,41000.0,35000.0,90.0
313.204,-1.0410304069519043,-1.4542042016983032,0.5001825094223022,0.06978972256183624,0.04008780047297478,0.9981985688209534,,,
,,,,,,,41000.0,35000.0,90.0
313.214,-1.2509750127792358,2.084949254989624,0.5595037341117859,0.07208657264709473,0.03731577843427658,0.9978660345077515,,,
,,,,,,,41000.0,35000.0,90.0
313.224,-4.6506147384643555,1.1621979475021362,-0.9511199593544006,0.05860166996717453,0.03314939886331558,1.0104002952575684,,,
,,,,,,,41000.0,35000.0,90.0
313.234,2.2257606983184814,-2.134256601333618,-0.5907108783721924,0.06262203305959702,0.032657746225595474,1.017966628074646,,,
,,,,,,,41000.0,35000.0,90.0
313.244,2.0468008518218994,-0.3827992379665375,0.4859387278556824,0.0650724247097969,0.031020693480968475,0.985844612121582,,,
,,,,,,,38000.0,35000.0,90.0
313.254,4.28438663482666,-0.8390392065048218,0.7337954640388489,0.06730671226978302,0.044812023639678955,0.9862710237503052,,,
,,,,,,,38000.0,35000.0,90.0
313.264,-1.1133556365966797,2.1536178588867188,-0.028805948793888092,0.07390670478343964,0.04350077733397484,0.9955262541770935,,,
,,,,,,,38000.0,35000.0,90.0
313.274,-3.2628347873687744,0.378832072019577,-0.4454288184642792,0.060763880610466,0.035615675151348114,1.019641637802124,,,
,,,,,,,38000.0,35000.0,90.0
313.284,-2.4579994678497314,-1.1981765031814575,0.13662447035312653,0.05858922377228737,0.02181800827383995,1.0217374563217163,,,
,,,,,,,38000.0,35000.0,90.0
313.294,3.1995036602020264,0.2164703905582428,0.3363569974899292,0.06679990142583847,0.019706973806023598,1.008192777633667,,,
,,,,,,,38000.0,35000.0,90.0
313.304,-0.8251990675926208,-0.028894267976284027,-0.556488037109375,0.06467645615339279,0.03946637734770775,0.9972789287567139,,,
,,,,,,,38000.0,35000.0,90.0
313.314,1.372681975364685,-1.0312520265579224,0.3253099024295807,0.06337418407201767,0.03835466876626015,0.9939397573471069,,,
,,,,,,,38000.0,35000.0,90.0
313.324,-0.5757788419723511,0.6725964546203613,-0.28667113184928894,0.06412389874458313,0.025326509028673172,0.993346095085144,,,
,,,,,,,38000.0,35000.0,90.0
313.334,0.9030275940895081,0.003053986234590411,0.0046536545269191265,0.06200806051492691,0.03411487117409706,1.016652226448059,,,
,,,,,,,37000.0,35000.0,90.0
313.344,-1.8986986875534058,-0.35598644614219666,-0.11251787841320038,0.06301017105579376,0.029995935037732124,1.01235830783844,,,
,,,,,,,37000.0,35000.0,90.0
313.354,-0.7484214305877686,-0.6696634888648987,-0.273090124130249,0.06015577167272568,0.03147152066230774,1.0036630630493164,,,
,,,,,,,37000.0,35000.0,90.0
313.364,1.0859204530715942,-1.4819532632827759,-0.06523902714252472,0.06581446528434753,0.04144866019487381,0.996979296207428,,,
,,,,,,,37000.0,35000.0,90.0
313.374,1.4635369777679443,0.11470481008291245,1.6480203866958618,0.06791707873344421,0.04492489993572235,0.9963225722312927,,,
,,,,,,,37000.0,35000.0,90.0
313.384,0.8353244066238403,0.034021370112895966,1.80144202709198,0.07338865101337433,0.0362594909965992,1.0020112991333008,,,
,,,,,,,37000.0,35000.0,90.0
313.394,0.9277363419532776,0.41300249099731445,1.1691869497299194,0.0669407919049263,0.03412015736103058,0.9987077713012695,,,
,,,,,,,37000.0,35000.0,90.0
313.404,0.3074626922607422,0.8267389535903931,0.6723925471305847,0.06416378170251846,0.03521514683961868,1.0012379884719849,,,
,,,,,,,37000.0,32767.0,90.0
313.414,0.33555325865745544,0.8295618295669556,0.8709288239479065,0.06444691866636276,0.032042380422353745,1.009103775024414,,,
,,,,,,,36000.0,32767.0,90.0
313.424,-3.7987759113311768,-0.1914072036743164,-0.1323418766260147,0.062078800052404404,0.035565707832574844,1.0109111070632935,,,
,,,,,,,36000.0,32767.0,90.0
313.434,1.2883065938949585,-0.9198834300041199,0.2165669947862625,0.06030060723423958,0.02864767611026764,1.0079132318496704,,,
,,,,,,,36000.0,32767.0,90.0
313.444,3.7353925704956055,-1.0696333646774292,0.699647068977356,0.0666138306260109,0.032946888357400894,0.9904851317405701,,,
,,,,,,,36000.0,32767.0,90.0
313.454,2.2040154933929443,1.0439121723175049,2.3258116245269775,0.07386049628257751,0.051229529082775116,0.9827839136123657,,,
,,,,,,,36000.0,32767.0,90.0
313.464,-10.967915534973145,1.6321594715118408,-0.8296718597412109,0.059071023017168045,0.04083959385752678,0.9962646961212158,,,
,,,,,,,36000.0,32767.0,90.0
313.474,3.3827712535858154,-1.7567799091339111,-0.4600667357444763,0.05720924213528633,0.01484046969562769,1.0260124206542969,,,
,,,,,,,36000.0,32767.0,90.0
313.484,-1.1401911973953247,-0.5552699565887451,1.0736682415008545,0.05564047396183014,0.037744924426078796,1.0063244104385376,,,
,,,,,,,36000.0,32767.0,90.0
313.494,6.3570556640625,-1.0042455196380615,8.799094200134277,0.0556032620370388,0.07204248011112213,0.9989213347434998,,,
,,,,,,,36000.0,32767.0,90.0
313.504,0.09554940462112427,4.961666107177734,6.556212902069092,0.07983863353729248,0.0526544563472271,0.9493893384933472,,,
,,,,,,,35000.0,32767.0,90.0
313.514,-5.509201526641846,10.913556098937988,6.819037914276123,0.09303076565265656,0.02759155072271824,0.9407868385314941,,,
,,,,,,,35000.0,32767.0,90.0
313.524,4.734341621398926,12.281088829040527,9.852021217346191,0.09308245033025742,0.05231140926480293,0.9522668123245239,,,
,,,,,,,35000.0,32767.0,90.0
313.534,-5.239566802978516,18.847604751586914,10.721416473388672,0.06878652423620224,0.06544369459152222,0.9403604865074158,,,
,,,,,,,35000.0,32767.0,90.0
313.544,-12.959112167358398,23.609418869018555,9.210390090942383,0.07428265362977982,0.05540435388684273,0.9663415551185608,,,
,,,,,,,35000.0,32767.0,90.0
313.554,-9.62203598022461,22.488378524780273,10.760032653808594,0.0687699168920517,0.046382591128349304,1.002517819404602,,,
,,,,,,,35000.0,32767.0,90.0
313.564,-2.655834436416626,22.718883514404297,11.479463577270508,0.03961701691150665,0.02994094416499138,1.0044097900390625,,,
,,,,,,,35000.0,32767.0,90.0
313.574,-4.933501720428467,23.383337020874023,8.120197296142578,0.0215514674782753,0.00838515255600214,1.0030566453933716,,,
,,,,,,,35000.0,32767.0,90.0
313.584,-8.41731071472168,20.784828186035156,7.318629264831543,0.03713381662964821,0.004289321135729551,1.0422837734222412,,,
,,,,,,,35000.0,32767.0,90.0
313.594,-5.260541915893555,18.171192169189453,6.644708633422852,0.03199252486228943,0.0030951406806707382,1.0464187860488892,,,
,,,,,,,35000.0,32767.0,90.0
313.604,-9.236676216125488,18.31647300720215,3.931713581085205,0.020308244973421097,0.007018060889095068,1.016107201576233,,,
,,,,,,,35000.0,32767.0,90.0
313.614,-10.831084251403809,16.580856323242188,2.0271265506744385,0.033867910504341125,0.007638206239789724,1.0153207778930664,,,
,,,,,,,35000.0,32767.0,90.0
313.624,-6.70725154876709,15.184113502502441,0.7823872566223145,0.03329514339566231,0.006160639226436615,1.0094177722930908,,,
,,,,,,,35000.0,32767.0,90.0
313.634,-8.222352981567383,14.90766716003418,-1.2268677949905396,0.020475152879953384,0.0062831733375787735,1.0019505023956299,,,
,,,,,,,35000.0,32767.0,90.0
313.644,-10.455940246582031,15.111281394958496,-1.8503001928329468,0.014930615201592445,0.012785346247255802,1.0101332664489746,,,
,,,,,,,35000.0,32767.0,90.0
313.654,-10.962239265441895,14.422628402709961,-0.7250836491584778,0.016282018274068832,0.019776783883571625,1.021733045578003,,,
,,,,,,,35000.0,32767.0,90.0
313.664,-11.231216430664062,14.285221099853516,-0.863448441028595,0.009451881051063538,0.011366341263055801,1.0118871927261353,,,
,,,,,,,35000.0,32767.0,90.0
313.674,-9.337326049804688,15.715682029724121,-0.47765353322029114,0.03416113555431366,0.008539737202227116,0.9962514638900757,,,
,,,,,,,32767.0,32767.0,90.0
313.684,-7.526016712188721,16.821598052978516,-0.06555342674255371,0.025708094239234924,0.013961074873805046,0.9702887535095215,,,
,,,,,,,32767.0,32767.0,90.0
313.694,-7.031487941741943,18.69341278076172,0.10712480545043945,0.01858890987932682,0.023067282512784004,0.9687967300415039,,,
,,,,,,,32767.0,32767.0,90.0
313.704,-10.311983108520508,21.25309944152832,0.18158628046512604,0.025998134166002274,0.014915022067725658,0.9831353425979614,,,
,,,,,,,32767.0,32767.0,90.0
313.714,-12.398116111755371,21.427175521850586,-2.120805501937866,0.013013748452067375,-0.003472398966550827,0.9947145581245422,,,
,,,,,,,32767.0,32767.0,90.0
313.724,-10.151907920837402,18.90738296508789,-0.9547793865203857,-0.004768785554915667,0.0020940438844263554,1.0153886079788208,,,
,,,,,,,32767.0,32767.0,90.0
313.734,-8.331106185913086,20.918954849243164,-0.625460684299469,-0.021398646757006645,-0.0028050984255969524,1.0188747644424438,,,
,,,,,,,32767.0,32767.0,90.0
313.744,-4.808962821960449,19.188995361328125,-2.9246959686279297,-0.027672331780195236,-0.03406292572617531,1.1141178607940674,,,
,,,,,,,32767.0,32767.0,90.0
313.755,-6.125744342803955,5.5115251541137695,-2.186640977859497,-0.046408962458372116,-0.02494978718459606,1.06367826461792,,,
,,,,,,,32767.0,32767.0,90.0
313.764,-1.8509671688079834,8.345962524414062,-5.020552635192871,0.004194085486233234,0.009487484581768513,0.9814491271972656,,,
,,,,,,,32767.0,32767.0,90.0
313.774,-7.958329200744629,13.482645988464355,-4.395871639251709,0.009632823057472706,0.015663212165236473,0.9718703627586365,,,
,,,,,,,32767.0,32767.0,90.0
313.784,-1.2734633684158325,7.289968490600586,-4.519922733306885,-0.03343399986624718,-0.01928812265396118,1.0446256399154663,,,
,,,,,,,32767.0,32767.0,90.0
313.794,-6.107076168060303,4.041452884674072,-6.728033065795898,-0.023733632639050484,-0.008542777970433235,1.0354584455490112,,,
,,,,,,,32767.0,32767.0,90.0
313.804,-16.497648239135742,7.942267417907715,-6.098909854888916,-0.004530576057732105,-0.005080197472125292,0.9918057322502136,,,
,,,,,,,32767.0,32767.0,90.0
313.814,-2.140571117401123,5.254471778869629,-6.550848960876465,-0.021793615072965622,-0.014715027995407581,1.0040113925933838,,,
,,,,,,,32767.0,32767.0,90.0
313.824,0.557962954044342,2.68790864944458,-4.405685901641846,-0.020973803475499153,-0.002786307130008936,1.0215669870376587,,,
,,,,,,,32767.0,32767.0,90.0
313.834,-6.193023681640625,3.962951183319092,-5.700750827789307,-0.008256213739514351,-0.005355364643037319,0.9999100565910339,,,
,,,,,,,32767.0,32767.0,90.0
313.844,-4.735899448394775,3.7638778686523438,-6.546201229095459,-0.019781624898314476,-0.014027158729732037,1.0097779035568237,,,
,,,,,,,32767.0,32767.0,90.0
313.854,-0.3293745517730713,0.8069183826446533,-4.137262344360352,-0.02395946905016899,-0.0069486526772379875,1.0159469842910767,,,
,,,,,,,32767.0,32767.0,90.0
313.864,-1.876488208770752,1.2681511640548706,-5.042574882507324,-0.01836847886443138,-0.0064536575227975845,1.002653956413269,,,
,,,,,,,32767.0,32767.0,90.0
313.874,-3.3964381217956543,1.5659208297729492,-5.994569301605225,-0.014970890246331692,-0.009132612496614456,1.0060244798660278,,,
,,,,,,,32767.0,32767.0,90.0
313.884,-1.3500580787658691,-0.7895353436470032,-4.549007415771484,-0.022794870659708977,-0.012020254507660866,1.0178616046905518,,,
,,,,,,,32767.0,32767.0,90.0
313.894,0.22658854722976685,-1.5483665466308594,-4.754894256591797,-0.022091085091233253,-0.016108451411128044,1.0072475671768188,,,
,,,,,,,32767.0,32767.0,90.0
313.904,-1.19815993309021,-1.7280410528182983,-5.695810317993164,-0.013513077981770039,-0.016726382076740265,1.0049463510513306,,,
,,,,,,,32767.0,32767.0,90.0
313.914,-0.1979520618915558,-2.993335723876953,-5.175650119781494,-0.015766851603984833,-0.016157448291778564,1.0110630989074707,,,
,,,,,,,32767.0,32767.0,90.0
313.924,1.2179878950119019,-3.5025267601013184,-5.026514053344727,-0.020151011645793915,-0.013726728968322277,1.0032786130905151,,,
,,,,,,,32767.0,32767.0,90.0
313.934,0.30310824513435364,-1.5018141269683838,-4.449952602386475,-0.014105684123933315,-0.005104779731482267,0.9966199398040771,,,
,,,,,,,32767.0,32767.0,90.0
313.944,0.1023278459906578,-1.302679419517517,-3.4339406490325928,-0.018247108906507492,-0.0017295889556407928,1.0047297477722168,,,
,,,,,,,32767.0,32767.0,90.0
313.954,0.32740306854248047,-2.1573803424835205,-2.514611005783081,-0.02329823188483715,-0.006016476545482874,1.0066555738449097,,,
,,,,,,,32767.0,32767.0,90.0
313.964,0.3251810371875763,-0.35437309741973877,-2.0017433166503906,-0.011813598684966564,-0.0056814271956682205,0.9920403957366943,,,
,,,,,,,32767.0,32767.0,90.0
313.974,0.12475985288619995,1.465233325958252,-0.8902535438537598,-0.010427622124552727,-0.0023601208813488483,0.9923627376556396,,,
,,,,,,,32767.0,32767.0,90.0
313.984,0.14224426448345184,1.4045453071594238,-0.2573097050189972,-0.016232015565037727,-0.0076148672960698605,1.0065151453018188,,,
,,,,,,,32767.0,32767.0,90.0
313.994,0.5440601706504822,0.47334158420562744,-0.24816320836544037,-0.019889824092388153,-0.013239523395895958,1.0127475261688232,,,
,,,,,,,32767.0,32767.0,90.0
314.004,0.2861948609352112,-0.33631473779678345,0.18427583575248718,-0.017865654081106186,-0.010916256345808506,1.009544014930725,,,
,,,,,,,32767.0,32767.0,90.0
314.014,0.45546257495880127,-1.5306600332260132,0.1676294058561325,-0.02182411588728428,-0.009811745956540108,1.0133472681045532,,,
,,,,,,,32767.0,32767.0,90.0
314.024,0.5474550127983093,-2.3081777095794678,0.2398139387369156,-0.01882561855018139,-0.010177941992878914,1.0109190940856934,,,
,,,,,,,32767.0,32767.0,90.0
314.034,-0.10353159159421921,-2.373267412185669,0.20196960866451263,-0.016830094158649445,-0.0076763019897043705,0.9990512132644653,,,
,,,,,,,32767.0,32767.0,90.0
314.044,0.9497518539428711,-1.97385573387146,0.46302148699760437,-0.0128798708319664,-0.012791291810572147,1.0035289525985718,,,
,,,,,,,32767.0,32767.0,90.0
314.054,0.8985018730163574,-2.3730549812316895,0.5846825838088989,-0.013805181719362736,-0.00831617321819067,1.0126558542251587,,,
,,,,,,,32767.0,32767.0,90.0
314.064,0.2593704164028168,-2.6173582077026367,0.47095057368278503,-0.01551014743745327,-0.009034308604896069,1.0051484107971191,,,
,,,,,,,32767.0,32767.0,90.0
314.074,1.7322019338607788,-2.5658464431762695,0.7481237649917603,-0.014987039379775524,-0.00898430123925209,1.0070059299468994,,,
,,,,,,,32767.0,32767.0,90.0
314.084,1.2772648334503174,-2.565814733505249,0.6895147562026978,-0.015957800671458244,-0.007294553332030773,1.007973313331604,,,
,,,,,,,32767.0,32767.0,90.0
314.094,1.4337013959884644,-4.311873435974121,-0.3598472476005554,-0.015402008779346943,-0.011156290769577026,1.0129094123840332,,,
,,,,,,,32767.0,32767.0,90.0
314.104,1.6994398832321167,-4.256552696228027,-0.45747190713882446,-0.014132953248918056,-0.011204322800040245,1.0042136907577515,,,
,,,,,,,32767.0,32767.0,90.0
314.114,1.750349521636963,-4.885578632354736,-0.6687442660331726,-0.014441722072660923,-0.008301878347992897,1.0092718601226807,,,
,,,,,,,32767.0,32767.0,90.0
314.124,1.422595739364624,-5.500189304351807,-0.9266214966773987,-0.01415501069277525,-0.008200537413358688,1.010915756225586,,,
,,,,,,,32767.0,32767.0,90.0
314.134,1.6108102798461914,-5.3329997062683105,-0.7921549081802368,-0.0018905220786109567,-0.009012234397232533,1.0077714920043945,,,
,,,,,,,32767.0,32767.0,90.0
314.144,3.128126621246338,-3.631009101867676,-0.52582848072052,-0.0015170910628512502,-0.011051137000322342,0.9964523315429688,,,
,,,,,,,32767.0,32767.0,90.0
314.154,1.8376986980438232,-2.5545830726623535,-0.574599027633667,-0.013857385143637657,-0.015132381580770016,0.9928857088088989,,,
,,,,,,,32767.0,32767.0,90.0
314.164,4.28141975402832,-3.486708402633667,-1.2889125347137451,-0.003881830023601651,-0.012318460270762444,1.0164233446121216,,,
,,,,,,,32767.0,32767.0,90.0
314.174,4.144819259643555,-4.678025722503662,-1.0791064500808716,-0.011489741504192352,-0.007408750709146261,1.0118966102600098,,,
,,,,,,,32767.0,35000.0,90.0
314.184,-0.06351609528064728,-3.0783846378326416,-1.166409969329834,-0.005647208075970411,-0.00511946901679039,0.9961954951286316,,,
,,,,,,,40000.0,35000.0,90.0
314.194,-2.1937601566314697,0.30893802642822266,-0.5772929787635803,-0.0006892883684486151,0.0001271558867301792,0.9852755069732666,,,
,,,,,,,40000.0,35000.0,90.0
314.204,-0.3491835594177246,1.4051289558410645,0.8826229572296143,-0.006708839442580938,0.0028410989325493574,0.9976393580436707,,,
,,,,,,,40000.0,35000.0,90.0
314.214,-0.63133305311203,3.3680307865142822,0.831113874912262,-0.0031539853662252426,-0.0050920587964355946,0.9986234903335571,,,
,,,,,,,40000.0,35000.0,90.0
314.224,-0.43156981468200684,-3.9280459880828857,-2.6813366413116455,-0.01833609864115715,-0.012478543445467949,1.0413624048233032,,,
,,,,,,,40000.0,35000.0,90.0
314.234,9.495750427246094,-1.0539562702178955,4.355092525482178,-0.021064704284071922,-0.00038989269523881376,0.9859426021575928,,,
,,,,,,,40000.0,35000.0,90.0
314.244,6.725743293762207,5.283653736114502,0.2068997025489807,0.03252962976694107,0.008826109580695629,0.9446923136711121,,,
,,,,,,,40000.0,35000.0,90.0
314.254,-11.511964797973633,6.582789897918701,-1.907360553741455,-0.01812816597521305,0.011430297046899796,1.0448359251022339,,,
,,,,,,,40000.0,40000.0,90.0
314.264,-0.5821094512939453,-6.864929676055908,2.9826347827911377,-0.049559030681848526,-0.023269381374120712,1.0729442834854126,,,
,,,,,,,59000.0,40000.0,90.0
314.274,1.2036724090576172,-0.4010143578052521,-4.59013557434082,0.016460169106721878,-0.03763861954212189,0.9572968482971191,,,
,,,,,,,59000.0,40000.0,90.0
314.284,-12.864243507385254,8.562041282653809,-2.794783115386963,0.01700783707201481,0.02272353693842888,0.9635923504829407,,,
,,,,,,,59000.0,40000.0,90.0
314.294,3.0524191856384277,-8.60557746887207,-2.5648534297943115,-0.04670698568224907,-0.004972866736352444,1.1007884740829468,,,
,,,,,,,59000.0,40000.0,90.0
314.304,16.48699188232422,-0.49922868609428406,1.3995583057403564,-0.01851343922317028,-0.030911436304450035,0.969132125377655,,,
,,,,,,,59000.0,40000.0,90.0
314.314,5.595458030700684,0.6003178358078003,-2.28220534324646,0.04556690528988838,0.016237812116742134,0.9369235038757324,,,
,,,,,,,59000.0,40000.0,90.0
314.324,-2.6122190952301025,4.033459663391113,-3.9210517406463623,-0.015520076267421246,0.031332019716501236,1.0443766117095947,,,
,,,,,,,59000.0,40000.0,90.0
314.334,-13.841322898864746,0.11684048175811768,2.3179430961608887,-0.05151711031794548,0.00947875902056694,1.0440466403961182,,,
,,,,,,,59000.0,40000.0,90.0
314.344,-5.022822856903076,-3.4664130210876465,-3.826650619506836,0.005298702046275139,-0.022966763004660606,1.0005791187286377,,,
,,,,,,,59000.0,45000.0,90.0
314.354,1.6590604782104492,-0.04221075400710106,-1.0165410041809082,0.00615233089774847,-0.016445960849523544,0.984394371509552,,,
,,,,,,,65535.0,45000.0,90.0
314.364,8.708100318908691,-1.000914454460144,0.5292584300041199,-0.007301628589630127,-0.009072036482393742,0.9976820945739746,,,
,,,,,,,65535.0,45000.0,90.0
314.374,2.5729873180389404,-2.3162052631378174,-0.9886757135391235,-0.01566767506301403,0.0057057528756558895,1.017348289489746,,,
,,,,,,,65535.0,45000.0,90.0
314.384,-13.088170051574707,2.0072410106658936,-1.0530815124511719,-0.005589992739260197,0.019125258550047874,0.9945068955421448,,,
,,,,,,,65535.0,45000.0,90.0
314.394,-2.816234588623047,-6.789464950561523,-1.687802791595459,-0.020715706050395966,-0.013234108686447144,1.0440362691879272,,,
,,,,,,,65535.0,45000.0,90.0
314.404,10.029058456420898,-2.046473264694214,1.6576242446899414,0.0008934754296205938,-0.030608590692281723,0.9677368998527527,,,
,,,,,,,65535.0,45000.0,90.0
314.414,17.96177864074707,3.7626354694366455,1.303597092628479,0.020515291020274162,0.000851906486786902,0.9357489347457886,,,
,,,,,,,65535.0,45000.0,90.0
314.424,6.683372497558594,0.10982749611139297,-0.45903459191322327,-0.017711350694298744,0.014779677614569664,1.0710558891296387,,,
,,,,,,,65535.0,45000.0,90.0
314.434,-16.55009651184082,-3.2823007106781006,-0.2345147728919983,-0.04064720496535301,0.016968799754977226,1.0449119806289673,,,
,,,,,,,65535.0,52000.0,90.0
314.444,-12.39765739440918,1.6729247570037842,-1.8023779392242432,0.006259424611926079,-0.013014442287385464,0.9676464200019836,,,
,,,,,,,65535.0,52000.0,90.0
314.454,-0.004697849974036217,2.8546254634857178,0.025990813970565796,0.014710750430822372,-0.020754246041178703,0.9765196442604065,,,
,,,,,,,65535.0,52000.0,90.0
314.464,1.8741551637649536,2.6898608207702637,0.17756964266300201,-0.010896999388933182,-0.001761369756422937,1.0133365392684937,,,
,,,,,,,65535.0,52000.0,90.0
314.474,-6.9032111167907715,-1.8919371366500854,-2.786177396774292,-0.026704763993620872,0.006994825322180986,1.0464324951171875,,,
,,,,,,,65535.0,52000.0,90.0
314.484,2.088805913925171,-4.941768646240234,-0.16286730766296387,-0.0099504878744483,-0.021089674904942513,1.008113980293274,,,
,,,,,,,65535.0,52000.0,90.0
314.494,20.953237533569336,-2.18996524810791,1.3057453632354736,0.018602868542075157,-0.019388191401958466,0.9582148194313049,,,
,,,,,,,65535.0,52000.0,90.0
314.504,17.747573852539062,1.4996083974838257,1.2770367860794067,0.00018538589938543737,0.011370809748768806,0.9835837483406067,,,
,,,,,,,65535.0,52000.0,90.0
314.514,0.6613088846206665,1.0160199403762817,1.1563129425048828,-0.019699525088071823,0.03527135029435158,1.0358555316925049,,,
,,,,,,,65535.0,53000.0,90.0
314.524,-14.421761512756348,1.0605660676956177,0.326193243265152,-0.018358126282691956,0.031370725482702255,1.0173673629760742,,,
,,,,,,,65535.0,53000.0,90.0
314.534,-16.880332946777344,2.5756101608276367,0.5154814720153809,-0.0019112112931907177,-0.0184978898614645,1.0068409442901611,,,
,,,,,,,65535.0,53000.0,90.0
314.544,-6.951315879821777,-0.34341293573379517,-2.3955163955688477,-0.0012549295788630843,-0.035798199474811554,1.0087997913360596,,,
,,,,,,,65535.0,53000.0,90.0
314.554,0.5169517397880554,-1.206718921661377,-0.8574792146682739,-0.007928778417408466,-0.012132496573030949,1.0030633211135864,,,
,,,,,,,65535.0,53000.0,90.0
314.564,2.149059534072876,-1.1121234893798828,0.640720784664154,-0.00816543772816658,0.0023977120872586966,1.0029219388961792,,,
,,,,,,,65535.0,53000.0,90.0
314.574,3.169700860977173,-1.3348628282546997,0.7824712991714478,-0.008875285275280476,-0.008417447097599506,1.0058543682098389,,,
,,,,,,,65535.0,53000.0,90.0
314.584,7.095207214355469,-0.8759015798568726,2.009908676147461,-0.005943023134022951,0.002811219310387969,0.9948363900184631,,,
,,,,,,,65535.0,53000.0,90.0
314.594,5.607376575469971,0.5650166869163513,2.2666821479797363,0.0012368903262540698,-0.0032481448724865913,0.9956209659576416,,,
,,,,,,,65535.0,53000.0,90.0
314.604,0.026169026270508766,0.45664066076278687,0.06654588878154755,-0.01161125022917986,-0.010343366302549839,1.0204250812530518,,,
,,,,,,,65535.0,53000.0,90.0
314.614,-2.0332212448120117,-1.2202346324920654,0.21688170731067657,-0.012238753028213978,0.00238567846827209,1.0148768424987793,,,
,,,,,,,65535.0,53000.0,90.0
314.624,-1.3898000717163086,0.12875211238861084,0.6948524117469788,-0.0013387271901592612,-0.0006641708314418793,0.9941410422325134,,,
,,,,,,,65535.0,53000.0,90.0
314.634,-1.952914834022522,0.2050473541021347,-0.3858260214328766,-0.005576715338975191,-0.006245738826692104,1.0064778327941895,,,
,,,,,,,65535.0,53000.0,90.0
314.644,-1.0317497253417969,-1.4878032207489014,0.5153064727783203,-0.009577021934092045,-0.0026163484435528517,1.0176538228988647,,,
,,,,,,,65535.0,53000.0,90.0
314.654,1.3772412538528442,-1.1648989915847778,0.42615610361099243,-0.006664654705673456,-0.009005371481180191,0.9990280866622925,,,
,,,,,,,65535.0,53000.0,90.0
314.664,1.6088699102401733,-0.07601597160100937,-0.010201130993664265,-0.003881114302203059,-0.004472013562917709,0.997438371181488,,,
,,,,,,,65535.0,53000.0,90.0
314.674,1.892590045928955,-1.5630223751068115,0.3366810083389282,-0.005669692996889353,-0.00087510677985847,1.015134572982788,,,
,,,,,,,65535.0,53000.0,90.0
314.684,1.6987231969833374,-1.6192541122436523,0.26168522238731384,-0.00703906686976552,-0.004170765168964863,1.0016862154006958,,,
,,,,,,,65535.0,52000.0,90.0
314.694,-0.2455640733242035,0.07532622665166855,-0.2466093897819519,-0.002193320309743285,-7.322202691284474e-06,0.9978160262107849,,,
,,,,,,,65535.0,52000.0,90.0
314.704,-1.1899038553237915,-0.46039119362831116,-0.11161492019891739,-0.006945997476577759,-0.003286172868683934,1.009021282196045,,,
,,,,,,,65535.0,52000.0,90.0
314.714,-0.40937793254852295,-0.4934714436531067,-0.9053889513015747,-0.008937118574976921,-0.007198529317975044,1.005910873413086,,,
,,,,,,,65535.0,52000.0,90.0
314.724,-1.3615531921386719,0.07225870341062546,-0.1719418466091156,-0.003934032749384642,-0.0022973897866904736,0.9969272613525391,,,
,,,,,,,65535.0,52000.0,90.0
314.734,-0.8594391942024231,0.034461744129657745,-0.2268730103969574,-0.008924114517867565,-0.006671097595244646,1.0065703392028809,,,
,,,,,,,65535.0,52000.0,90.0
314.744,1.4595118761062622,-0.8137880563735962,-0.553186297416687,-0.011079424992203712,-0.012539589777588844,1.0126097202301025,,,
,,,,,,,65535.0,52000.0,90.0
314.754,1.717272400856018,-1.705163598060608,-0.8402478694915771,-0.006077239289879799,-0.0039586350321769714,1.0104862451553345,,,
,,,,,,,65535.0,52000.0,90.0
314.764,2.419996976852417,-2.241370439529419,-0.32554543018341064,-0.006075251381844282,-0.0009649015846662223,1.0070586204528809,,,
,,,,,,,65535.0,52000.0,90.0
314.774,-0.19914141297340393,-0.17768895626068115,-0.27267009019851685,-0.002851248951628804,-0.0003498542064335197,0.9929709434509277,,,
,,,,,,,65535.0,51000.0,90.0
314.784,-1.7310017347335815,-0.1392081081867218,-0.08199978619813919,-0.00456958869472146,0.0004775772395078093,1.0098129510879517,,,
,,,,,,,65535.0,51000.0,90.0
314.794,-1.6320065259933472,-0.6590222716331482,0.19638636708259583,-0.005776009056717157,-0.003297713352367282,1.0146218538284302,,,
,,,,,,,65535.0,51000.0,90.0
314.804,-0.31802499294281006,-1.5084649324417114,0.2130923569202423,-0.005384928081184626,-0.0073564318008720875,1.0102039575576782,,,
,,,,,,,65535.0,51000.0,90.0
314.814,3.0518391132354736,-1.4577571153640747,0.5214366912841797,-0.002548155840486288,-0.011743801645934582,1.0032869577407837,,,
,,,,,,,65535.0,51000.0,90.0
314.824,2.155496597290039,-0.2050943225622177,0.2999880015850067,0.00011594693933147937,0.006219582166522741,0.9988210201263428,,,
,,,,,,,65535.0,51000.0,90.0
314.834,-0.6062984466552734,-1.7307353019714355,0.32870036363601685,-0.01334395632147789,0.010735097341239452,1.0198426246643066,,,
,,,,,,,65535.0,51000.0,90.0
314.844,-0.9967888593673706,-3.09686541557312,0.1549677550792694,-0.00860467180609703,-0.00451687490567565,1.0112242698669434,,,
,,,,,,,65535.0,51000.0,90.0
314.854,1.476676106452942,-0.687604546546936,0.6644591689109802,0.002608346054330468,-0.0060593243688344955,0.9943475127220154,,,
,,,,,,,65535.0,51000.0,90.0
314.864,3.8713762760162354,-1.6709307432174683,1.360933780670166,-0.001260533113963902,0.003825303865596652,1.0014439821243286,,,
,,,,,,,65535.0,51000.0,90.0
314.874,4.308260440826416,-1.7812492847442627,1.5281609296798706,-0.004335610195994377,-0.0011397846974432468,1.003852128982544,,,
,,,,,,,65535.0,51000.0,90.0
314.884,1.1696957349777222,-1.1920974254608154,0.5736138224601746,-0.0039482200518250465,-0.00724213058128953,1.0122239589691162,,,
,,,,,,,65535.0,51000.0,90.0
314.894,-1.3296780586242676,-2.0013413429260254,-0.37352773547172546,-0.005808743182569742,-0.005451521370559931,1.0166010856628418,,,
,,,,,,,65535.0,51000.0,90.0
314.904,1.5437880754470825,-1.2443488836288452,0.5106518268585205,-0.005886177998036146,-0.0060744802467525005,1.0076266527175903,,,
,,,,,,,65535.0,51000.0,90.0
314.914,0.2820912301540375,-1.258834719657898,-0.13472968339920044,0.0003419654385652393,-0.0003510760434437543,0.9971557259559631,,,
,,,,,,,65535.0,51000.0,90.0
314.924,-1.0576578378677368,0.035752955824136734,-0.6607828140258789,0.005161287263035774,0.0032832070719450712,0.9914707541465759,,,
,,,,,,,65535.0,51000.0,90.0
314.934,-0.9121801257133484,0.8023630380630493,-0.28942224383354187,0.0006164637161418796,0.0028985280077904463,0.9932823181152344,,,
,,,,,,,65535.0,51000.0,90.0
314.944,-0.891265332698822,0.8715184926986694,-0.7458326816558838,-0.0003248195571359247,0.0032485288102179766,0.9985100626945496,,,
,,,,,,,65535.0,51000.0,90.0
314.954,-0.4945875108242035,1.4627927541732788,-0.23328472673892975,-0.002577596576884389,-0.0027224391233175993,1.0054073333740234,,,
,,,,,,,65535.0,52000.0,90.0
314.964,1.0407212972640991,0.4534938931465149,0.001536656403914094,-0.009067000821232796,-0.008903960697352886,1.0202668905258179,,,
,,,,,,,65535.0,52000.0,90.0
314.974,-0.424259215593338,-1.2255222797393799,-0.1548183709383011,-0.004795870743691921,0.002203489188104868,1.015567421913147,,,
,,,,,,,65535.0,52000.0,90.0
314.984,-0.6232264041900635,-0.06085255369544029,0.27128779888153076,0.0009870261419564486,0.0018669716082513332,1.0006239414215088,,,
,,,,,,,65535.0,52000.0,90.0
314.994,-0.10997612774372101,-0.3614540100097656,-0.057782240211963654,-0.006721172481775284,0.0025031506083905697,1.0072236061096191,,,
,,,,,,,65535.0,52000.0,90.0
315.004,-0.03758395090699196,-1.3219408988952637,0.6510022878646851,-0.001735758618451655,-0.0004326260241214186,1.0086462497711182,,,
,,,,,,,65535.0,52000.0,90.0
315.014,1.7277647256851196,-0.23468086123466492,0.43863028287887573,0.00014768695109523833,-0.0029833607841283083,1.0020071268081665,,,
,,,,,,,65535.0,52000.0,90.0
315.024,0.1060401052236557,-0.8634914755821228,0.19900116324424744,0.0006593916332349181,0.002661939011886716,1.0026150941848755,,,
,,,,,,,65535.0,52000.0,90.0
315.034,0.8559792637825012,-0.9562780857086182,0.7561880350112915,-0.002105445833876729,0.0014035433996468782,1.0033445358276367,,,
,,,,,,,65535.0,54000.0,90.0
315.044,0.9856300354003906,0.6276538968086243,1.0274033546447754,-0.0017311078263446689,-0.0020573940128087997,0.9993163347244263,,,
,,,,,,,65535.0,54000.0,90.0
315.054,0.3826378583908081,0.5203868746757507,0.4119437634944916,-0.0019767561461776495,0.0014111939817667007,1.000653624534607,,,
,,,,,,,65535.0,54000.0,90.0
315.064,-2.413081645965576,2.9086616039276123,0.5649120211601257,-0.005977218970656395,0.0063944002613425255,0.993426501750946,,,
,,,,,,,65535.0,54000.0,90.0
315.074,-7.6842474937438965,2.4763128757476807,-0.11267314106225967,0.0015415162779390812,0.0029715392738580704,1.0088187456130981,,,
,,,,,,,65535.0,54000.0,90.0
315.084,0.02747270278632641,-0.6483776569366455,0.21756204962730408,-0.011362279765307903,-0.014529755339026451,1.0303906202316284,,,
,,,,,,,65535.0,54000.0,90.0
315.094,3.104606866836548,1.0115047693252563,1.0273281335830688,-0.00569678982719779,-0.011492026969790459,0.9933270812034607,,,
,,,,,,,65535.0,54000.0,90.0
315.104,4.835434436798096,1.8902335166931152,0.4241700768470764,0.006382047664374113,0.004255454055964947,0.9807274341583252,,,
,,,,,,,65535.0,54000.0,90.0
315.114,3.1783173084259033,2.657921552658081,1.1962578296661377,-0.007592347916215658,-0.0015744894044473767,1.0145164728164673,,,
,,,,,,,65535.0,54000.0,90.0
315.124,-2.954662799835205,0.5276476740837097,-0.5050358772277832,-0.015059479512274265,0.0038101926911622286,1.0217946767807007,,,
,,,,,,,65535.0,54000.0,90.0
315.134,-6.691706657409668,1.1434582471847534,-0.5244508981704712,-0.0025170869193971157,0.0035080653615295887,1.0071278810501099,,,
,,,,,,,65535.0,54000.0,90.0
315.144,-3.6647555828094482,2.0283043384552,0.02259056270122528,0.0025913759600371122,-0.004810486454516649,0.9970789551734924,,,
,,,,,,,65535.0,54000.0,90.0
315.154,1.4101192951202393,0.9279544353485107,-0.048222459852695465,-0.006600397638976574,-0.0035087312571704388,1.006225824356079,,,
,,,,,,,65535.0,54000.0,90.0
315.164,0.7066909670829773,0.7919889688491821,0.7585796117782593,-0.006373748183250427,0.003577167633920908,1.0073777437210083,,,
,,,,,,,65535.0,54000.0,90.0
315.174,-0.3620452880859375,0.9970666170120239,0.32756373286247253,-0.0059635392390191555,6.710801244480535e-05,1.00834059715271,,,
,,,,,,,65535.0,54000.0,90.0
315.184,0.5142576098442078,0.18441948294639587,0.7011454105377197,-0.00854513794183731,-0.004609437193721533,1.012264370918274,,,
,,,,,,,65535.0,54000.0,90.0
315.194,0.8595591187477112,-0.3818597197532654,1.0379034280776978,-0.0033335944171994925,-0.005735715385526419,1.0094280242919922,,,
,,,,,,,65535.0,54000.0,90.0
315.204,0.7549083232879639,0.29241347312927246,0.7211059927940369,-0.002621326595544815,-0.002457656664773822,0.9989779591560364,,,
,,,,,,,65535.0,56000.0,90.0
315.214,-0.0014641459565609694,0.9289582967758179,1.2057781219482422,-0.005821534898132086,-0.0008444960694760084,1.0078638792037964,,,
,,,,,,,65535.0,56000.0,90.0
315.224,-0.9795042872428894,0.8903338313102722,1.3645817041397095,-0.008590446785092354,-0.0013504883972927928,1.009417176246643,,,
,,,,,,,65535.0,56000.0,90.0
315.234,-0.9441178441047668,1.0692908763885498,1.0176788568496704,-0.006084628403186798,-0.007465222850441933,1.005535364151001,,,
,,,,,,,65535.0,56000.0,90.0
315.244,-0.1462375968694687,1.8631196022033691,0.34779179096221924,-0.007592889945954084,-0.00031939311884343624,1.0042550563812256,,,
,,,,,,,65535.0,56000.0,90.0
315.254,-0.9782155156135559,-0.6152454614639282,0.4223901629447937,-0.013220925815403461,0.0006959921447560191,1.017661690711975,,,
,,,,,,,65535.0,56000.0,90.0
315.264,1.2972948551177979,-1.946478247642517,0.3843073844909668,-0.008347468450665474,-0.008210621774196625,1.0091989040374756,,,
,,,,,,,65535.0,56000.0,90.0
315.274,2.279545783996582,-0.09523102641105652,0.30460235476493835,-0.00222345651127398,-0.001215767115354538,0.9933372735977173,,,
,,,,,,,65535.0,56000.0,90.0
315.284,1.529096245765686,-0.40415412187576294,0.5769460201263428,-0.008266996592283249,0.0004875694285146892,1.0064125061035156,,,
,,,,,,,65535.0,56000.0,90.0
315.294,1.3002374172210693,-1.0834696292877197,0.2621818482875824,-0.009311149828135967,0.0007237831014208496,1.0123703479766846,,,
,,,,,,,65535.0,57000.0,90.0
315.304,-1.8681299686431885,-0.009579034522175789,-0.20996448397636414,-0.00394686171784997,-4.963526953360997e-05,1.0004558563232422,,,
,,,,,,,65535.0,57000.0,90.0
315.314,-1.340330958366394,0.3424791097640991,-0.542458176612854,-0.004930674564093351,-0.00932535994797945,1.0024921894073486,,,
,,,,,,,65535.0,57000.0,90.0
315.324,0.4058734178543091,-0.28207603096961975,-0.7032260298728943,-0.007408810779452324,-0.0076592955738306046,1.0077478885650635,,,
,,,,,,,65535.0,57000.0,90.0
315.334,-0.5551193356513977,-0.758762001991272,-0.7123931050300598,-0.003144432557746768,0.0036750545259565115,1.0065549612045288,,,
,,,,,,,65535.0,57000.0,90.0
315.344,-0.08842846006155014,-0.3587549030780792,-0.3672277331352234,-0.003004431026056409,0.0005408092983998358,1.0036370754241943,,,
,,,,,,,65535.0,57000.0,90.0
315.354,0.8056707978248596,0.3181774616241455,0.29195642471313477,-0.0034467014484107494,-0.0010562704410403967,1.0009576082229614,,,
,,,,,,,65535.0,57000.0,90.0
315.364,0.8367496132850647,0.4543786644935608,0.19715362787246704,-0.006973289884626865,-0.0009010338690131903,1.0076953172683716,,,
,,,,,,,65535.0,57000.0,90.0
315.374,0.6997723579406738,-0.6189011335372925,0.23160222172737122,-0.007091396022588015,-0.004618800710886717,1.010451078414917,,,
,,,,,,,65535.0,59000.0,90.0
315.384,0.18418806791305542,-0.7689510583877563,-0.22389797866344452,-0.004425182472914457,-0.0014442864339798689,1.0050562620162964,,,
,,,,,,,65535.0,59000.0,90.0
315.394,-0.6785790324211121,-0.38741734623908997,-0.2710719406604767,-0.004594194237142801,-0.00014220367302186787,1.0003312826156616,,,
,,,,,,,65535.0,59000.0,90.0
315.404,-0.8583894968032837,0.8923759460449219,-0.24137665331363678,-0.0009144293726421893,-0.0034820076543837786,1.000970482826233,,,
,,,,,,,65535.0,59000.0,90.0
315.414,-1.2699028253555298,0.2641369700431824,-0.21940679848194122,-0.007500224281102419,-0.0014539031544700265,1.008442997932434,,,
,,,,,,,65535.0,59000.0,90.0
315.424,0.5750897526741028,-1.022773265838623,0.055068593472242355,-0.00912227388471365,-0.003414757549762726,1.0132304430007935,,,
,,,,,,,65535.0,59000.0,90.0
315.434,1.3746755123138428,-0.12993253767490387,0.6134176850318909,-0.00289497384801507,-0.004753747954964638,0.9990437030792236,,,
,,,,,,,65535.0,59000.0,90.0
315.444,0.8037098050117493,0.6022018194198608,0.524673581123352,-0.006322742905467749,0.00010981419472955167,1.001262903213501,,,
,,,,,,,65535.0,59000.0,90.0
315.454,0.17302310466766357,-1.0573842525482178,0.32113197445869446,-0.011206918396055698,0.0016654806677252054,1.0162891149520874,,,
,,,,,,,65535.0,59000.0,90.0
315.464,-0.9024788737297058,-0.6472872495651245,0.04383312538266182,-0.004194221924990416,0.0014264342607930303,1.000710368156433,,,
,,,,,,,65535.0,59000.0,90.0
315.474,-0.19223587214946747,1.0753912925720215,0.4250074625015259,-0.00024243959342129529,-0.0029422645457088947,0.9943501949310303,,,
,,,,,,,65535.0,59000.0,90.0
315.484,0.6622965931892395,0.4971461892127991,0.6863269209861755,-0.007646370213478804,-0.0007605237769894302,1.0091882944107056,,,
,,,,,,,65535.0,59000.0,90.0
315.494,0.053564105182886124,0.46475231647491455,0.5291373133659363,-0.007211712654680014,0.0013198858359828591,1.0059196949005127,,,
,,,,,,,65535.0,59000.0,90.0
315.504,-0.9529501795768738,0.9059302806854248,0.6801832318305969,-0.0027408378664404154,-0.0018262952798977494,1.0066101551055908,,,
,,,,,,,65535.0,59000.0,90.0
315.514,-0.39467325806617737,0.2865131199359894,0.1693761795759201,-0.006182750221341848,-0.004110507667064667,1.0078622102737427,,,
,,,,,,,65535.0,59000.0,90.0
315.524,-0.08418529480695724,-0.17170540988445282,0.2801221013069153,-0.007748585194349289,-0.0018834654474630952,1.00865638256073,,,
,,,,,,,65535.0,59000.0,90.0
315.534,0.2827822268009186,0.052641548216342926,0.4356405735015869,-0.003741689259186387,-0.0017923300620168447,1.0034751892089844,,,
,,,,,,,65535.0,59000.0,90.0
315.544,0.674024760723114,0.5056986212730408,0.46793264150619507,-0.002784701995551586,-0.0016495492309331894,1.003079891204834,,,
,,,,,,,65535.0,59000.0,90.0
315.554,-0.09340143948793411,-0.1636287122964859,0.2184089869260788,-0.007150944788008928,0.0025323580484837294,1.0111745595932007,,,
,,,,,,,65535.0,59000.0,90.0
315.564,-0.4493715465068817,-1.0500825643539429,0.24235399067401886,-0.007547014392912388,-0.0018333481857553124,1.0083516836166382,,,
,,,,,,,65535.0,59000.0,90.0
315.574,-0.41958704590797424,0.5025526881217957,0.885399580001831,-0.003252763766795397,-0.002459961222484708,0.9952975511550903,,,
,,,,,,,65535.0,59000.0,90.0
315.584,0.7819878458976746,0.778344452381134,1.1495476961135864,-0.0114236855879426,-0.003093557897955179,1.0052822828292847,,,
,,,,,,,65535.0,59000.0,90.0
315.594,0.0901288241147995,0.04114748537540436,0.8396998643875122,-0.01037271972745657,-0.002721332712098956,1.0109760761260986,,,
,,,,,,,65535.0,59000.0,90.0
315.604,-0.18943719565868378,0.031590767204761505,0.23091378808021545,-0.0023030624724924564,-0.003682741429656744,1.0021402835845947,,,
,,,,,,,65535.0,59000.0,90.0
315.614,-0.47787711024284363,0.634628415107727,0.3063142001628876,-0.0016728804912418127,-0.0011106269666925073,1.0043330192565918,,,
,,,,,,,65535.0,59000.0,90.0
315.624,-0.8453721404075623,-0.11781459301710129,0.5584096908569336,-0.009697407484054565,-0.0008956983801908791,1.0091191530227661,,,
,,,,,,,65535.0,59000.0,90.0
315.634,0.4012852907180786,-0.17228269577026367,0.5522394776344299,-0.007878950797021389,-0.0023017004132270813,1.0031859874725342,,,
,,,,,,,65535.0,59000.0,90.0
315.644,0.2148207724094391,0.4158029556274414,0.3414703905582428,-0.0055099534802138805,0.0004103236715309322,1.0041015148162842,,,
,,,,,,,65535.0,59000.0,90.0
315.654,-0.15882889926433563,-0.27651447057724,0.46269604563713074,-0.008590075187385082,0.0015025305328890681,1.0089744329452515,,,
,,,,,,,65535.0,59000.0,90.0
315.664,0.013856562785804272,-0.1338220238685608,0.5507556200027466,-0.004189543891698122,-0.0007623431156389415,1.0061793327331543,,,
,,,,,,,65535.0,59000.0,90.0
315.674,-0.8265455961227417,0.2609648108482361,0.7228020429611206,-0.004519947338849306,-0.0007689281483180821,1.0054479837417603,,,
,,,,,,,65535.0,59000.0,90.0
315.684,0.0733221247792244,-0.12610749900341034,0.2747436463832855,-0.00754182692617178,-0.005325852893292904,1.006123423576355,,,
,,,,,,,65535.0,59000.0,90.0
315.694,0.2706686854362488,-0.487152099609375,0.7410652041435242,-0.009115561842918396,-0.0032489143777638674,1.0026484727859497,,,
,,,,,,,65535.0,59000.0,90.0
315.704,-0.27265605330467224,0.17500106990337372,0.9757282137870789,-0.006055709905922413,0.0012370453914627433,1.0034074783325195,,,
,,,,,,,65535.0,59000.0,90.0
315.714,-0.025356704369187355,0.13229013979434967,0.79815274477005,-0.006431161426007748,7.311308581847697e-05,1.0048179626464844,,,
,,,,,,,65535.0,59000.0,90.0
315.724,0.15539327263832092,-0.3658848702907562,0.6972267627716064,-0.006049457471817732,-0.004368782043457031,1.0038516521453857,,,
,,,,,,,65535.0,59000.0,90.0
315.734,0.3994144797325134,0.028257763013243675,0.45256346464157104,-0.00671443622559309,-0.0008216256974264979,1.006085753440857,,,
,,,,,,,65535.0,59000.0,90.0
315.744,0.09236946702003479,-0.3243873715400696,0.3938412070274353,-0.007977941073477268,2.3995167794055305e-05,1.0070542097091675,,,
,,,,,,,65535.0,59000.0,90.0
315.754,0.11494681984186172,-0.9538213610649109,0.10105212032794952,-0.008684923872351646,-0.0024606913793832064,1.0113285779953003,,,
,,,,,,,65535.0,59000.0,90.0
315.764,-0.2569150924682617,-0.5663252472877502,0.19881339371204376,-0.005112159065902233,-0.002408432774245739,1.004731297492981,,,
,,,,,,,65535.0,59000.0,90.0
315.774,-0.12395543605089188,-0.5029448866844177,0.17863601446151733,-0.003611697116866708,-0.0026379674673080444,1.0039933919906616,,,
,,,,,,,65535.0,59000.0,90.0
315.784,-0.19328489899635315,-0.6135678291320801,0.3954998254776001,-0.006337293423712254,-0.0008539787377230823,1.0055947303771973,,,
,,,,,,,65535.0,59000.0,90.0
315.794,0.0449596606194973,-0.5308622717857361,0.01902356930077076,-0.0055142478086054325,-0.0035923486575484276,1.0059128999710083,,,
,,,,,,,65535.0,57000.0,90.0
315.804,0.32237333059310913,-0.6501564979553223,0.3873669505119324,-0.006972991395741701,-0.003875952446833253,1.0058529376983643,,,
,,,,,,,65535.0,57000.0,90.0
315.814,0.38876453042030334,-0.7370861172676086,0.18722285330295563,-0.005999848712235689,2.2511369479616405e-06,1.0064234733581543,,,
,,,,,,,65535.0,57000.0,90.0
315.824,0.60159832239151,-1.0428203344345093,0.23451267182826996,-0.007461862172931433,-0.0005946995806880295,1.0049750804901123,,,
,,,,,,,65535.0,57000.0,90.0
315.834,0.7916236519813538,-1.0613603591918945,0.408917635679245,-0.006941637489944696,0.0006773046334274113,1.004997968673706,,,
,,,,,,,65535.0,57000.0,90.0
315.844,1.1975839138031006,-0.9962342977523804,0.47592559456825256,-0.005282180849462748,-0.004668568726629019,1.0052956342697144,,,
,,,,,,,65535.0,57000.0,90.0
315.854,0.3621392548084259,0.025024384260177612,0.1074596494436264,-0.0032308283261954784,0.0008051528129726648,0.9953441619873047,,,
,,,,,,,65535.0,57000.0,90.0
315.864,-0.7635695338249207,-0.3885570466518402,0.14851680397987366,-0.00858193077147007,0.0038980429526418447,1.0127652883529663,,,
,,,,,,,65535.0,57000.0,90.0
315.874,-1.2617377042770386,-1.0310755968093872,-0.2972191274166107,-0.007168504409492016,0.0014927936717867851,1.0123718976974487,,,
,,,,,,,65535.0,54000.0,90.0
315.884,-0.7758345603942871,-0.185254767537117,-0.10345453023910522,-0.0021468817722052336,-0.0017365101957693696,0.9977059364318848,,,
,,,,,,,65535.0,54000.0,90.0
315.894,0.40457531809806824,-0.07712852209806442,0.0077093676663935184,-0.0034587103873491287,-0.004399370867758989,1.00309157371521,,,
,,,,,,,65535.0,54000.0,90.0
315.904,3.469665765762329,-2.9038565158843994,0.24815718829631805,-0.011210679076611996,-0.004625976085662842,1.0230247974395752,,,
,,,,,,,65535.0,54000.0,90.0
315.914,3.2053375244140625,-1.496412754058838,0.562345027923584,-0.0024825655855238438,0.0035984485875815153,0.9930868148803711,,,
,,,,,,,65535.0,54000.0,90.0
315.924,-0.5379223227500916,2.4317643642425537,0.8574822545051575,0.004530763253569603,0.008389320224523544,0.9848023056983948,,,
,,,,,,,65535.0,54000.0,90.0
315.934,-2.1455187797546387,0.5337676405906677,-0.1986164003610611,-0.01126957405358553,0.00040884382906369865,1.0288918018341064,,,
,,,,,,,65535.0,54000.0,90.0
315.944,-3.5652670860290527,-2.460415840148926,-0.3677283823490143,-0.009004464372992516,-0.0011001997627317905,1.016474723815918,,,
,,,,,,,65535.0,54000.0,90.0
315.954,-2.7855565547943115,0.27506980299949646,0.3019379675388336,0.0015069817891344428,-0.00735434889793396,0.9898114800453186,,,
,,,,,,,65535.0,48000.0,90.0
315.964,3.079843521118164,0.02684742584824562,0.2827267050743103,-0.004484520759433508,-0.010083724744617939,1.0058066844940186,,,
,,,,,,,65535.0,48000.0,90.0
315.974,4.200687408447266,-1.9459545612335205,0.7085604071617126,-0.0104622608050704,0.0022154641337692738,1.0194649696350098,,,
,,,,,,,65535.0,48000.0,90.0
315.984,7.961552143096924,-7.529956340789795,0.9328969717025757,-0.007775080855935812,0.009235219098627567,1.0264127254486084,,,
,,,,,,,65535.0,48000.0,90.0
315.994,12.950000762939453,-2.712552547454834,2.2981109619140625,-0.009732641279697418,-0.011098160408437252,0.9838688373565674,,,
,,,,,,,65535.0,48000.0,90.0
316.004,-2.354924201965332,7.8296918869018555,0.13294430077075958,0.015755077823996544,0.005791830830276012,0.9476624131202698,,,
,,,,,,,65535.0,48000.0,90.0
316.014,-15.47344970703125,1.8912616968154907,-3.239788293838501,0.018602505326271057,0.04486536979675293,1.0206581354141235,,,
,,,,,,,65535.0,48000.0,90.0
316.024,-20.327241897583008,-2.0490760803222656,0.8990857005119324,-0.04551573097705841,0.017186788842082024,1.0742710828781128,,,
,,,,,,,65535.0,48000.0,90.0
316.034,-22.519901275634766,-2.6287693977355957,-1.8517457246780396,-0.01562054269015789,-0.0314050018787384,1.0140774250030518,,,
,,,,,,,65535.0,48000.0,90.0
316.044,19.38174057006836,-1.819976568222046,0.3659559190273285,0.012661723420023918,-0.04311564564704895,0.9699243307113647,,,
,,,,,,,65535.0,44000.0,90.0
316.054,29.025781631469727,-3.2452874183654785,4.785816669464111,0.0068054660223424435,0.009461931884288788,0.9592054486274719,,,
,,,,,,,65535.0,44000.0,90.0
316.064,17.945106506347656,-4.991254806518555,0.11039607971906662,0.008299998939037323,0.040267374366521835,0.9879179000854492,,,
,,,,,,,65535.0,44000.0,90.0
316.074,11.538142204284668,5.194654941558838,2.025407075881958,-0.009076982736587524,0.009069656021893024,1.0116150379180908,,,
,,,,,,,65535.0,44000.0,90.0
316.084,-16.26508331298828,8.120537757873535,-0.796883761882782,-0.0017372573493048549,0.015754258260130882,1.020887017250061,,,
,,,,,,,65535.0,44000.0,90.0
316.094,-25.808958053588867,-2.849287986755371,-4.831949234008789,-0.01385197602212429,0.033480897545814514,1.0961462259292603,,,
,,,,,,,65535.0,44000.0,90.0
316.104,-43.00502014160156,-2.083677291870117,-2.0115761756896973,-0.029985275119543076,-0.003988913260400295,1.0234653949737549,,,
,,,,,,,65535.0,44000.0,90.0
316.114,-2.4962897300720215,-0.4867006540298462,-4.029109954833984,0.0003290906024631113,-0.06622789800167084,0.980821967124939,,,
,,,,,,,65535.0,44000.0,90.0
316.124,35.33797836303711,-4.889533996582031,3.8441720008850098,0.022643862292170525,-0.0357511080801487,0.9303213953971863,,,
,,,,,,,65535.0,44000.0,90.0
316.134,26.684524536132812,1.6719061136245728,1.8670099973678589,0.019193219020962715,0.043451808393001556,0.9186969995498657,,,
,,,,,,,65535.0,44000.0,90.0
316.144,-2.3653457164764404,7.056344509124756,-1.3497761487960815,0.002521136775612831,0.05294812098145485,1.0469489097595215,,,
,,,,,,,65535.0,44000.0,90.0
316.154,-0.8458706140518188,-1.89976966381073,2.213366746902466,-0.05931396409869194,-0.01602846197783947,1.1147058010101318,,,
,,,,,,,65535.0,44000.0,90.0
316.164,-4.91565465927124,-3.806377410888672,-2.5908408164978027,-0.004122345708310604,-0.013764734379947186,0.9998223781585693,,,
,,,,,,,65535.0,44000.0,90.0
316.174,-18.27855682373047,5.784652233123779,-1.6079884767532349,0.030987609177827835,0.015171319246292114,0.947174608707428,,,
,,,,,,,65535.0,44000.0,90.0
316.184,2.8087055683135986,-0.6994364857673645,0.35283607244491577,-0.021908219903707504,-0.002284651855006814,1.031592607498169,,,
,,,,,,,65535.0,44000.0,90.0
316.194,5.78582763671875,-3.8225090503692627,1.3868192434310913,-0.018892088904976845,-0.02180217206478119,1.0286024808883667,,,
,,,,,,,65535.0,44000.0,90.0
316.204,0.4446145296096802,1.129163146018982,-1.1572686433792114,0.009611302986741066,0.008448951877653599,0.9759106636047363,,,
,,,,,,,65535.0,44000.0,90.0
316.214,2.26171612739563,0.7853466868400574,0.06571060419082642,-0.002617106307297945,0.006422426551580429,1.009045958518982,,,
,,,,,,,65535.0,44000.0,90.0
316.224,5.010909557342529,-1.6682733297348022,0.9293412566184998,-0.011953837238252163,-0.0018092432292178273,1.0127580165863037,,,
,,,,,,,65535.0,44000.0,90.0
316.234,-2.5627658367156982,0.9506452083587646,-1.2873917818069458,0.004347579553723335,0.012768452987074852,0.9945430755615234,,,
,,,,,,,65535.0,44000.0,90.0
316.244,-5.349288463592529,1.4869214296340942,-0.15513814985752106,-0.006016125436872244,0.006859620101749897,1.0116279125213623,,,
,,,,,,,65535.0,44000.0,90.0
316.254,0.8313298225402832,-1.6627556085586548,0.6355029344558716,-0.012292155995965004,-0.015761159360408783,1.0189317464828491,,,
,,,,,,,65535.0,44000.0,90.0
316.264,0.4338808059692383,0.0906720981001854,-0.688805878162384,0.0031821259763091803,-0.003934832755476236,0.9886924624443054,,,
,,,,,,,65535.0,44000.0,90.0
316.274,0.5699462294578552,1.0403867959976196,0.2333567887544632,-0.0019257738022133708,0.004581809975206852,1.0014116764068604,,,
,,,,,,,65535.0,44000.0,90.0
316.284,2.496809244155884,-1.7551944255828857,0.3233078122138977,-0.011561574414372444,-0.0055793048813939095,1.0211375951766968,,,
,,,,,,,65535.0,44000.0,90.0
316.294,-0.10573641210794449,-0.08475957065820694,-0.559619665145874,-8.761453500483185e-06,0.004142842721194029,0.9959520697593689,,,
,,,,,,,65535.0,44000.0,90.0
316.304,-1.8521660566329956,1.7858072519302368,0.12387177348136902,-0.0015442883595824242,0.004934403114020824,1.00070321559906,,,
,,,,,,,65535.0,44000.0,90.0
316.314,-0.5344380736351013,-0.210378497838974,-0.2964778244495392,-0.00915165338665247,-0.0030367437284439802,1.018181324005127,,,
,,,,,,,65535.0,44000.0,90.0
316.324,-0.8090746402740479,-0.3801303207874298,-0.249271422624588,-0.005035341251641512,0.0020916436333209276,1.0049327611923218,,,
,,,,,,,65535.0,44000.0,90.0
316.334,-0.14981620013713837,-0.13449876010417938,-0.09138787537813187,-0.001699693500995636,-0.0010656206868588924,1.0037717819213867,,,
,,,,,,,65535.0,44000.0,90.0
316.344,2.387711524963379,-0.7034797668457031,0.04362732172012329,-0.0032505150884389877,-0.0022741928696632385,1.0081138610839844,,,
,,,,,,,65535.0,44000.0,90.0
316.354,0.6207639575004578,-0.38102003931999207,0.12161694467067719,0.000791717495303601,0.007808554917573929,1.0074195861816406,,,
,,,,,,,65535.0,44000.0,90.0
316.364,-1.509887456893921,0.6210318803787231,-0.17177893221378326,0.00016095300088636577,0.0033492501825094223,0.999799907207489,,,
,,,,,,,65535.0,44000.0,90.0
316.374,-0.4168126583099365,0.3122330605983734,0.09478409588336945,-0.006264128722250462,-0.0032470289152115583,1.0068563222885132,,,
,,,,,,,65535.0,44000.0,90.0
316.384,-0.501885712146759,0.06013571843504906,0.16351839900016785,-0.004797125235199928,0.0005667005898430943,1.0074584484100342,,,
,,,,,,,65535.0,44000.0,90.0
316.394,-0.12375038117170334,0.17300179600715637,-0.0017436827765777707,-0.002340819453820586,-0.003036956302821636,1.0006977319717407,,,
,,,,,,,65535.0,44000.0,90.0
316.404,1.0019618272781372,-0.43403366208076477,-0.09609223902225494,-0.0070098210126161575,-0.0024964038748294115,1.0084203481674194,,,
,,,,,,,65535.0,44000.0,90.0
316.414,0.7380601763725281,-0.6184969544410706,0.18241658806800842,-0.004849366843700409,0.004594475030899048,1.0046229362487793,,,
,,,,,,,65535.0,44000.0,90.0
316.424,0.08366265147924423,-0.05665576085448265,0.5015983581542969,-0.0020519441459327936,0.0007072591688483953,1.0015594959259033,,,
,,,,,,,65535.0,44000.0,90.0
316.434,-0.03207114711403847,0.5278590321540833,0.13845688104629517,-0.0032603510189801455,-0.00022305408492684364,1.0073858499526978,,,
,,,,,,,65535.0,44000.0,90.0
316.444,-1.053273320198059,-0.30148595571517944,0.3391790986061096,-0.004422186408191919,-0.0004103332757949829,1.0092236995697021,,,
,,,,,,,65535.0,44000.0,90.0
316.454,-0.237893208861351,-0.046314675360918045,0.3329507112503052,-0.0007875692681409419,-0.0025332896038889885,1.0036537647247314,,,
,,,,,,,65535.0,44000.0,90.0
316.464,0.6107751727104187,-0.30942490696907043,0.2759261727333069,-0.002550320466980338,-0.0020826528780162334,1.0087298154830933,,,
,,,,,,,65535.0,44000.0,90.0
316.474,0.23549559712409973,-0.4535534977912903,0.4457249939441681,-0.004399575758725405,0.001265987753868103,1.0085980892181396,,,
,,,,,,,65535.0,44000.0,90.0
316.484,0.6055024862289429,-0.2655218243598938,0.3831438422203064,-0.0005387775599956512,-0.00038980323006398976,1.0028516054153442,,,
,,,,,,,65535.0,44000.0,90.0
316.494,0.24481281638145447,-0.03904062882065773,0.7942954301834106,-0.003251164685934782,0.0001529869914520532,1.0070381164550781,,,
,,,,,,,65535.0,44000.0,90.0
316.504,-0.22436895966529846,-0.2912983298301697,0.5867165327072144,-0.00387634732760489,0.0029996957164257765,1.0078917741775513,,,
,,,,,,,65535.0,44000.0,90.0
316.514,-0.12901975214481354,-0.3639332056045532,0.5762735605239868,-0.0037655276246368885,0.0009645078680478036,1.0043832063674927,,,
,,,,,,,65535.0,44000.0,90.0
316.524,-0.15139226615428925,-0.7531700134277344,0.3628196120262146,0.00018525483028497547,-0.00010671348718460649,1.0061265230178833,,,
,,,,,,,65535.0,44000.0,90.0
316.534,0.6163248419761658,-0.6057764887809753,0.7960110306739807,-0.0024320243392139673,0.0012179340701550245,1.0042083263397217,,,
,,,,,,,65535.0,44000.0,90.0
316.544,0.592601478099823,-0.9648433327674866,0.9475341439247131,-0.005678304936736822,0.0005330000421963632,1.0011489391326904,,,
,,,,,,,65535.0,44000.0,90.0
316.554,0.6732359528541565,-0.3271118402481079,0.9956791400909424,-0.003439275547862053,0.002190006198361516,1.0041660070419312,,,
,,,,,,,65535.0,44000.0,90.0
316.564,0.31369897723197937,-0.6142655611038208,0.8822140097618103,-0.002006691414862871,0.0007636291556991637,1.0080257654190063,,,
,,,,,,,65535.0,44000.0,90.0
316.574,0.540570080280304,-0.9934813976287842,1.033677339553833,-0.0014261947944760323,-2.226280230388511e-05,1.004185438156128,,,
,,,,,,,65535.0,44000.0,90.0
316.584,0.654966413974762,-0.8212752938270569,1.0746960639953613,-0.002402201294898987,0.0018321950919926167,1.0049644708633423,,,
,,,,,,,65535.0,44000.0,90.0
316.594,0.6357687711715698,-0.6616145372390747,0.8887256979942322,-0.003230621572583914,0.0015056864358484745,1.0061482191085815,,,
,,,,,,,65535.0,44000.0,90.0
316.604,0.5261969566345215,-0.547321617603302,0.8027694225311279,-0.003629547543823719,0.0015710907755419612,1.00538969039917,,,
,,,,,,,65535.0,44000.0,90.0
316.614,0.5044741034507751,-0.4608495831489563,1.022321343421936,-0.0015859692357480526,0.003893730230629444,1.0073615312576294,,,
,,,,,,,65535.0,44000.0,90.0
316.624,0.6354852914810181,-0.5267831087112427,1.1370068788528442,-0.0011041562538594007,0.0009363518329337239,1.0076344013214111,,,
,,,,,,,65535.0,44000.0,90.0
316.634,0.4982353746891022,-0.6588742136955261,1.185735821723938,-0.0017552936915308237,0.001826778519898653,1.0038220882415771,,,
,,,,,,,65535.0,44000.0,90.0
316.644,0.34364694356918335,0.017850887030363083,1.3881651163101196,-0.0031620413064956665,0.001968930009752512,1.0042028427124023,,,
,,,,,,,65535.0,44000.0,90.0
316.654,0.20493730902671814,-0.3423703610897064,0.9717698097229004,-0.0003385115705896169,0.002402898855507374,1.0054012537002563,,,
,,,,,,,65535.0,44000.0,90.0
316.664,0.5682892203330994,-0.6886720061302185,0.5604901909828186,-0.0020040781237185,0.001049388898536563,1.0039182901382446,,,
,,,,,,,65535.0,44000.0,90.0
316.674,0.6357546448707581,-0.41243258118629456,1.0748616456985474,-0.0018294340698048472,0.0019204383715987206,1.004576325416565,,,
,,,,,,,65535.0,44000.0,90.0
316.684,0.3369270861148834,-0.7986481785774231,0.8503832221031189,-0.0028383226599544287,0.0028241847176104784,1.007088303565979,,,
,,,,,,,65535.0,44000.0,90.0
316.694,0.4837396442890167,-0.505829393863678,0.9431542754173279,-0.001182819134555757,0.0028267556335777044,1.0044625997543335,,,
,,,,,,,65535.0,44000.0,90.0
316.704,0.35242706537246704,-0.551211953163147,0.6491603851318359,-0.0015433217631652951,0.0030790737364441156,1.0054057836532593,,,
,,,,,,,65535.0,44000.0,90.0
316.714,0.7760855555534363,-0.8997611403465271,0.2227906882762909,-0.002489847131073475,-0.00021984503837302327,1.005924105644226,,,
,,,,,,,65535.0,44000.0,90.0
316.724,0.43248966336250305,-0.5674939155578613,0.38175395131111145,-0.0015188779216259718,0.0015003629960119724,1.0048855543136597,,,
,,,,,,,65535.0,44000.0,90.0
316.734,0.13891221582889557,-0.7361596822738647,0.3351224958896637,-0.00041622124263085425,0.004159974865615368,1.002536654472351,,,
,,,,,,,65535.0,44000.0,90.0
316.744,-0.3424833416938782,-0.016493620350956917,0.4017637073993683,-0.0002609655202832073,0.0032196054235100746,1.0041372776031494,,,
,,,,,,,65535.0,44000.0,90.0
316.754,-0.02301398478448391,0.09418918192386627,0.4467325508594513,0.00016761965525802225,0.0023491820320487022,1.0061496496200562,,,
,,,,,,,65535.0,44000.0,90.0
316.764,0.09710321575403214,-0.16465845704078674,0.299695760011673,-0.0013349541695788503,0.00021908327471464872,1.006476640701294,,,
,,,,,,,65535.0,44000.0,90.0
316.774,0.3751930892467499,-0.2543445825576782,0.07714632153511047,-0.0031657181680202484,0.0022619664669036865,1.0093648433685303,,,
,,,,,,,65535.0,44000.0,90.0
316.784,-0.021167652681469917,-0.2763371169567108,0.29176563024520874,-0.00415693037211895,-0.00019766698824241757,1.0070196390151978,,,
,,,,,,,65535.0,44000.0,90.0
316.794,-0.3572925627231598,-0.08750429004430771,0.2607458531856537,-0.0018382371636107564,0.0026681325398385525,1.0069113969802856,,,
,,,,,,,65535.0,44000.0,90.0
316.804,-0.15416379272937775,-0.13975782692432404,0.5540309548377991,-0.0024106763303279877,0.0023652776144444942,1.0018073320388794,,,
,,,,,,,65535.0,44000.0,90.0
316.814,0.20759184658527374,0.3777197599411011,0.5215288996696472,-0.0007286216132342815,0.0013156580971553922,1.0014835596084595,,,
,,,,,,,65535.0,44000.0,90.0
316.824,0.2523173689842224,-0.21129000186920166,0.1852046400308609,-0.00014641961024608463,0.001539556309580803,1.006890058517456,,,
,,,,,,,65535.0,44000.0,90.0
316.834,-0.014901830814778805,0.39765381813049316,0.3351200520992279,-0.0030645395163446665,0.0012154752621427178,1.0081475973129272,,,
,,,,,,,65535.0,44000.0,90.0
316.844,-0.4115506410598755,0.33634454011917114,0.27921202778816223,-0.0015237074112519622,0.0021105813793838024,1.0069550275802612,,,
,,,,,,,65535.0,44000.0,90.0
316.854,-0.986050009727478,0.12080750614404678,-0.20440316200256348,0.00026180793065577745,0.005328877363353968,1.0048058032989502,,,
,,,,,,,65535.0,44000.0,90.0
316.864,-0.10386839509010315,0.04476897791028023,0.11134949326515198,0.0015900343423709273,0.00018025624740403146,1.0059179067611694,,,
,,,,,,,65535.0,44000.0,90.0
316.874,0.42472153902053833,-0.22251224517822266,0.19156552851200104,-0.0052111162804067135,-0.002165798097848892,1.0097466707229614,,,
,,,,,,,65535.0,44000.0,90.0
316.884,0.33955875039100647,-1.1949149370193481,0.04906389117240906,-0.005071519408375025,0.0004897437174804509,1.013130784034729,,,
,,,,,,,65535.0,44000.0,90.0
316.894,0.3513418436050415,-0.5176189541816711,-0.022277504205703735,-0.0001661759160924703,-0.000868107657879591,1.0026534795761108,,,
,,,,,,,65535.0,45000.0,90.0
316.904,-0.18914784491062164,0.19755597412586212,0.2995518445968628,-0.0036217099986970425,0.006452340167015791,0.9956361651420593,,,
,,,,,,,65535.0,45000.0,90.0
316.914,-1.041186809539795,0.43705126643180847,0.49047818779945374,-0.0005043198470957577,0.007031007204204798,0.9992074370384216,,,
,,,,,,,65535.0,45000.0,90.0
316.924,0.7617313265800476,-0.06241497024893761,0.35300618410110474,-0.00464378809556365,-0.0014274887507781386,1.0127753019332886,,,
,,,,,,,65535.0,45000.0,90.0
316.934,-0.5382640957832336,-0.7208967804908752,-0.05499142408370972,-0.003828885266557336,-0.0007951220613904297,1.0127583742141724,,,
,,,,,,,65535.0,45000.0,90.0
316.944,0.2865486443042755,-0.22675517201423645,0.44588515162467957,0.0013103815726935863,0.0027729396242648363,1.0012047290802002,,,
,,,,,,,65535.0,45000.0,90.0
316.954,-0.5167598128318787,0.17844006419181824,0.07019342482089996,0.0005892820190638304,0.006999260745942593,1.0005725622177124,,,
,,,,,,,65535.0,45000.0,90.0
316.964,0.6652010083198547,-0.754159152507782,0.19356600940227509,-0.006472656968981028,0.0018221554346382618,1.0130418539047241,,,
,,,,,,,65535.0,45000.0,90.0
316.974,2.171905994415283,0.16147439181804657,0.9029982686042786,-0.005393976345658302,-0.002717942465096712,1.0032837390899658,,,
,,,,,,,65535.0,45000.0,90.0
316.984,0.2692437171936035,-0.08183310925960541,-0.09195864945650101,0.004989391192793846,0.005617678631097078,0.9978293776512146,,,
,,,,,,,65535.0,45000.0,90.0
316.994,-2.524521589279175,0.6522302031517029,0.008433426730334759,-0.0017095614457502961,0.008336855098605156,1.0054653882980347,,,
,,,,,,,65535.0,45000.0,90.0
317.004,-1.1561483144760132,0.1895281821489334,0.17374731600284576,-0.007710346952080727,-0.0005726467934437096,1.0134921073913574,,,
,,,,,,,65535.0,45000.0,90.0
317.014,0.9582148790359497,-0.3273320496082306,0.34860095381736755,0.000459169881651178,-0.0020980932749807835,1.0043498277664185,,,
,,,,,,,65535.0,45000.0,90.0
317.024,0.06954774260520935,0.6539554595947266,0.46438834071159363,0.0010805788915604353,0.0049588666297495365,0.9995592832565308,,,
,,,,,,,65535.0,45000.0,90.0
317.034,0.3293524384498596,-0.2151898294687271,0.48822319507598877,-0.0066029964946210384,0.005859798286110163,1.011952519416809,,,
,,,,,,,65535.0,45000.0,90.0
317.044,0.5147641897201538,-0.23578399419784546,0.6644278168678284,-0.0053499978967010975,-0.0018257936462759972,1.0045146942138672,,,
,,,,,,,65535.0,45000.0,90.0
317.054,0.398432195186615,0.6924905776977539,0.4661073684692383,0.0016608147416263819,0.0030462490394711494,0.9997565150260925,,,
,,,,,,,65535.0,45000.0,90.0
317.064,-0.7291954159736633,0.25558334589004517,0.25787708163261414,-0.004227324388921261,0.005379772279411554,1.0139838457107544,,,
,,,,,,,65535.0,45000.0,90.0
317.074,-0.7436768412590027,-0.6258764863014221,0.33110103011131287,-0.00771586736664176,0.0008013091282919049,1.0120881795883179,,,
,,,,,,,65535.0,45000.0,90.0
317.084,-0.7267125844955444,0.31590673327445984,0.5501695871353149,-0.0016225584549829364,0.002072002040222287,0.9994649291038513,,,
,,,,,,,65535.0,45000.0,90.0
317.094,0.47557005286216736,0.09484373778104782,0.3855719268321991,-0.0006751815672032535,6.290978490142152e-05,1.0045056343078613,,,
,,,,,,,65535.0,45000.0,90.0
317.104,1.292996883392334,-0.256696879863739,0.7696292400360107,-0.0032437178306281567,-0.0015033321687951684,1.0125750303268433,,,
,,,,,,,65535.0,45000.0,90.0
317.114,0.39620065689086914,-0.4917066693305969,0.45220938324928284,-0.00427004462108016,-0.0010147036518901587,1.0090901851654053,,,
,,,,,,,65535.0,45000.0,90.0
317.124,0.23742234706878662,-0.5848356485366821,0.34302082657814026,-0.0045163631439208984,0.0013874095166102052,1.005826473236084,,,
,,,,,,,65535.0,45000.0,90.0
317.134,-0.45142754912376404,-0.36322540044784546,0.7239295244216919,-0.0024779404047876596,0.00391779001802206,1.0022945404052734,,,
,,,,,,,65535.0,45000.0,90.0
317.144,-0.8692944049835205,0.17761997878551483,0.8426331281661987,-0.0019324935274198651,0.0072854673489928246,1.0024025440216064,,,
,,,,,,,65535.0,45000.0,90.0
317.154,-0.412162721157074,0.13994310796260834,0.8477432727813721,0.004024073015898466,0.005031865555793047,1.0027796030044556,,,
,,,,,,,65535.0,45000.0,90.0
317.164,0.5277748703956604,0.6226247549057007,0.47990912199020386,0.004615032114088535,-0.005568299442529678,0.9931912422180176,,,
,,,,,,,65535.0,45000.0,90.0
317.174,0.9389988780021667,1.0280346870422363,0.6009806990623474,-0.008514715358614922,0.0029288316145539284,0.9976838827133179,,,
,,,,,,,65535.0,45000.0,90.0
317.184,-1.4906115531921387,0.9281584620475769,1.1413817405700684,-0.0027444008737802505,0.008973632007837296,1.0134655237197876,,,
,,,,,,,65535.0,45000.0,90.0
317.194,-0.43093281984329224,0.3921583592891693,0.6466395258903503,-0.008768651634454727,-0.006086188834160566,1.0092663764953613,,,
,,,,,,,65535.0,45000.0,90.0
317.204,-0.7495254874229431,0.4500599801540375,0.29528337717056274,-0.0013154438929632306,-0.002063542604446411,1.0107530355453491,,,
,,,,,,,65535.0,45000.0,90.0
317.214,-0.4239436686038971,0.17967167496681213,0.18376503884792328,-0.0024160209577530622,0.0046279882080852985,1.0072999000549316,,,
,,,,,,,65535.0,45000.0,90.0
317.224,0.5218010544776917,0.09659668058156967,0.5887666940689087,3.640032446128316e-05,0.0020201646257191896,1.0048644542694092,,,
,,,,,,,65535.0,45000.0,90.0
317.234,0.11335134506225586,0.016455890610814095,0.2545666992664337,-0.0015894031384959817,0.0012440024875104427,1.0075924396514893,,,
,,,,,,,65535.0,45000.0,90.0
317.244,0.16689062118530273,0.07335381954908371,0.12662537395954132,-0.007805179804563522,-0.0010856244480237365,1.008865475654602,,,
,,,,,,,65535.0,45000.0,90.0
317.254,-0.058255527168512344,-0.4608561098575592,0.17006747424602509,-0.0043175057508051395,0.002411909867078066,1.0085647106170654,,,
,,,,,,,65535.0,45000.0,90.0
317.264,-0.48179733753204346,-0.4247264266014099,0.10393891483545303,-0.0021319291554391384,6.451283115893602e-05,1.0043013095855713,,,
,,,,,,,65535.0,45000.0,90.0
317.274,-0.01055949367582798,-0.3023923635482788,-0.015891697257757187,-0.001696344348601997,-9.553483687341213e-05,1.0059454441070557,,,
,,,,,,,65535.0,45000.0,90.0
317.284,-0.049912162125110626,0.02618313580751419,0.026024406775832176,-0.0033066647592931986,0.0008674066630192101,1.0078827142715454,,,
,,,,,,,65535.0,45000.0,90.0
317.294,0.21295535564422607,-0.7057352662086487,0.007547353394329548,-0.001911677187308669,-0.0013380578020587564,1.0082958936691284,,,
,,,,,,,65535.0,45000.0,90.0
317.304,0.2795490026473999,-0.2547599673271179,-0.020446471869945526,-0.002495173830538988,0.0017298604361712933,1.0083425045013428,,,
,,,,,,,65535.0,45000.0,90.0
317.314,0.48655688762664795,-0.7005774974822998,0.1278933733701706,-0.003493513446301222,0.0015419252449646592,1.0068886280059814,,,
,,,,,,,65535.0,45000.0,90.0
317.324,0.15678253769874573,-0.44696420431137085,-0.10066834837198257,-0.002741354750469327,0.0008374951430596411,1.0046147108078003,,,
,,,,,,,65535.0,45000.0,90.0
317.334,-0.15765871107578278,-0.19613073766231537,-0.03596654534339905,-0.002720904303714633,0.0026740962639451027,1.0050249099731445,,,
,,,,,,,65535.0,45000.0,90.0
317.344,-0.36830613017082214,-0.40516552329063416,-0.11367584019899368,-0.002582780085504055,0.004420835059136152,1.003423810005188,,,
,,,,,,,65535.0,45000.0,90.0
317.354,-0.014864793047308922,-0.03837384283542633,-0.1310921609401703,-0.0037998477928340435,0.0015622773207724094,1.0069504976272583,,,
,,,,,,,65535.0,45000.0,90.0
317.364,0.04957402125000954,-0.23657849431037903,0.13042806088924408,-0.002645725617185235,0.0021466081961989403,1.0054848194122314,,,
,,,,,,,65535.0,45000.0,90.0
317.374,0.30503347516059875,-0.45773234963417053,0.18143536150455475,-0.002203806769102812,0.0024918951094150543,1.0015432834625244,,,
,,,,,,,65535.0,45000.0,90.0
317.384,0.14386425912380219,-0.3475206792354584,-0.09446132928133011,-0.0015349979512393475,3.221181032131426e-05,1.0048785209655762,,,
,,,,,,,65535.0,45000.0,90.0
317.394,0.03456171602010727,-0.4672236442565918,-0.04561878740787506,-0.0032026288099586964,0.0005894750356674194,1.0064011812210083,,,
,,,,,,,65535.0,45000.0,90.0
317.404,0.08518822491168976,-0.19681532680988312,-0.15145254135131836,-0.002861136570572853,0.0017402991652488708,1.0058773756027222,,,
,,,,,,,65535.0,45000.0,90.0
317.414,0.24949710071086884,-0.013366417959332466,0.03925841674208641,-0.001955989981070161,0.0011947910534217954,1.0083433389663696,,,
,,,,,,,65535.0,45000.0,90.0
317.424,0.04546605795621872,-0.24081937968730927,-0.005155231803655624,-0.003601208096370101,0.0029065783601254225,1.0070377588272095,,,
,,,,,,,65535.0,45000.0,90.0
317.434,0.03360474854707718,-0.49386128783226013,-0.1913026124238968,-0.0018733026226982474,0.0033455213997513056,1.006537914276123,,,
,,,,,,,65535.0,45000.0,90.0
317.444,0.04962606728076935,-0.18201398849487305,-0.15589632093906403,-0.0011078625684604049,0.001982372486963868,1.0063354969024658,,,
,,,,,,,65535.0,45000.0,90.0
317.454,-0.191679447889328,0.06607415527105331,-0.058007895946502686,-0.0024703603703528643,0.00301728630438447,1.0052779912948608,,,
,,,,,,,65535.0,45000.0,90.0
317.464,-0.10817448794841766,-0.13987085223197937,-0.062375426292419434,-0.003890715539455414,0.0022544185630977154,1.0071512460708618,,,
,,,,,,,65535.0,45000.0,90.0
317.474,0.10816987603902817,-0.2868122160434723,0.17501747608184814,-0.0014063523849472404,0.0029572139028459787,1.006668210029602,,,
,,,,,,,65535.0,45000.0,90.0
317.484,0.3675146698951721,-0.481374055147171,0.42500120401382446,-0.0011189555516466498,0.001755052711814642,1.0071470737457275,,,
,,,,,,,65535.0,45000.0,90.0
317.494,-0.101202093064785,0.1896091252565384,0.5649029612541199,-0.003313029883429408,0.005142323672771454,1.0072054862976074,,,
,,,,,,,65535.0,45000.0,90.0
317.504,0.033968646079301834,0.04542383924126625,0.5998906493186951,-0.0027106141205877066,0.004303385969251394,1.0034691095352173,,,
,,,,,,,65535.0,45000.0,90.0
317.514,0.2957238554954529,0.0026666545309126377,0.44173964858055115,0.0010057755280286074,0.004136203322559595,1.0014925003051758,,,
,,,,,,,65535.0,45000.0,90.0
317.524,0.17828015983104706,0.05992983654141426,0.6283800005912781,-0.0029126291628926992,0.0048078750260174274,1.003619909286499,,,
,,,,,,,65535.0,45000.0,90.0
317.534,-0.09371942281723022,0.24851983785629272,0.893291711807251,-0.0033819677773863077,0.004487370606511831,1.0080090761184692,,,
,,,,,,,65535.0,45000.0,90.0
317.544,-0.042907584458589554,-0.36319220066070557,0.7209988236427307,-0.0013669223990291357,0.0027086453046649694,1.0080748796463013,,,
,,,,,,,65535.0,45000.0,90.0
317.554,0.0703093558549881,-0.3342256546020508,0.4931148886680603,-0.0015561082400381565,0.0012796197552233934,1.0055806636810303,,,
,,,,,,,65535.0,45000.0,90.0
317.564,0.12448021024465561,-0.14568737149238586,0.9228487014770508,-0.002466436941176653,0.0018820504192262888,1.002317190170288,,,
,,,,,,,65535.0,47000.0,90.0
317.574,0.16814780235290527,-0.07279162108898163,0.5895506739616394,0.0007001062040217221,0.0006078712758608162,1.0024824142456055,,,
,,,,,,,65535.0,47000.0,90.0
317.584,0.0412321537733078,0.44856420159339905,0.4388934373855591,0.0029337562154978514,0.0005052725318819284,0.9985209107398987,,,
,,,,,,,65535.0,47000.0,90.0
317.594,-0.4032372534275055,0.9995276927947998,0.34534090757369995,-0.007062998134642839,0.004639871884137392,1.0016437768936157,,,
,,,,,,,65535.0,47000.0,90.0
317.604,-4.150043964385986,2.6010220050811768,0.5896818041801453,-0.0005578312557190657,0.00468553276732564,1.0060619115829468,,,
,,,,,,,65535.0,47000.0,90.0
317.614,-2.5410335063934326,-1.6111581325531006,-0.8772258758544922,-0.005180522799491882,-0.003354945220053196,1.030327558517456,,,
,,,,,,,65535.0,47000.0,90.0
317.624,5.2582526206970215,-1.5469337701797485,1.2224266529083252,-0.013236110098659992,-0.01080791000276804,1.0211201906204224,,,
,,,,,,,65535.0,47000.0,90.0
317.634,7.956161022186279,-0.4107533097267151,1.119429588317871,5.478986713569611e-05,-0.002178740222007036,0.9973856806755066,,,
,,,,,,,65535.0,47000.0,90.0
317.644,3.99509859085083,-0.15447254478931427,0.32059699296951294,0.005751349497586489,0.01775125414133072,0.9811888337135315,,,
,,,,,,,65535.0,47000.0,90.0
317.654,-6.1972880363464355,1.32771897315979,0.3297358453273773,0.006346493493765593,0.025484144687652588,0.9921053051948547,,,
,,,,,,,65535.0,48000.0,90.0
317.664,-8.388493537902832,0.8794827461242676,-1.0302155017852783,-0.0018476499244570732,0.0019614016637206078,1.010311484336853,,,
,,,,,,,65535.0,48000.0,90.0
317.674,-0.59917813539505,0.16646838188171387,0.15099051594734192,-0.011845464818179607,-0.012401117943227291,1.0252736806869507,,,
,,,,,,,65535.0,48000.0,90.0
317.684,1.6283029317855835,0.5556468367576599,0.6574055552482605,-0.0066362894140183926,-0.0036952001973986626,1.0106021165847778,,,
,,,,,,,65535.0,48000.0,90.0
317.694,0.6556039452552795,-1.6206204891204834,-0.19368885457515717,0.0021309498697519302,0.012041493318974972,1.0106552839279175,,,
,,,,,,,65535.0,48000.0,90.0
317.704,2.8349201679229736,-1.7528146505355835,0.7523441910743713,-0.006420496851205826,0.00480212876573205,1.0093039274215698,,,
,,,,,,,65535.0,48000.0,90.0
317.714,5.852726459503174,-0.7184846997261047,0.9513996243476868,-0.004636130761355162,-0.007032265421003103,1.0036896467208862,,,
,,,,,,,65535.0,48000.0,90.0
317.724,3.050482988357544,-0.07760730385780334,0.11751221120357513,0.003703184425830841,0.007498013786971569,0.9954401254653931,,,
,,,,,,,65535.0,48000.0,90.0
317.734,-4.5768046379089355,1.1645640134811401,0.038818083703517914,0.00404609739780426,0.021861501038074493,0.9928811192512512,,,
,,,,,,,65535.0,48000.0,90.0
317.744,-7.055948734283447,0.8154613375663757,-0.40754348039627075,0.0007893274887464941,0.009224551729857922,1.0066267251968384,,,
,,,,,,,65535.0,48000.0,90.0
317.754,-2.920072555541992,0.6180112361907959,-0.4195462763309479,-0.008272040635347366,-0.010561074130237103,1.027133822441101,,,
,,,,,,,65535.0,48000.0,90.0
317.764,1.6301748752593994,-0.6343969106674194,0.566182017326355,-0.011021194979548454,-0.008593391627073288,1.0137122869491577,,,
,,,,,,,65535.0,48000.0,90.0
317.774,5.580587863922119,-0.5550209283828735,0.11133481562137604,0.0003081055183429271,0.005287780426442623,1.0035134553909302,,,
,,,,,,,65535.0,48000.0,90.0
317.784,0.5772213935852051,-0.7791547179222107,0.6297125220298767,-0.0010528166312724352,0.010772185400128365,1.0023918151855469,,,
,,,,,,,65535.0,48000.0,90.0
317.794,1.1944828033447266,-0.6352685689926147,0.037806905806064606,-0.0011636886047199368,0.0035274664405733347,1.004733920097351,,,
,,,,,,,65535.0,48000.0,90.0
317.804,-0.6680482625961304,0.21623282134532928,0.20135405659675598,-0.00022749205527361482,9.718824730953202e-05,1.0027928352355957,,,
,,,,,,,65535.0,48000.0,90.0
317.814,-1.2467148303985596,0.2646711468696594,-0.24344417452812195,0.00040815924876369536,0.005093233194202185,1.000962257385254,,,
,,,,,,,65535.0,48000.0,90.0
317.824,-2.566608428955078,0.7384915351867676,-0.08948241174221039,0.0020248270593583584,0.007202907465398312,1.0022233724594116,,,
,,,,,,,65535.0,49000.0,90.0
317.834,-1.653057336807251,0.7486865520477295,-0.38749009370803833,-0.0033641038462519646,-0.0009252657182514668,1.0109208822250366,,,
,,,,,,,65535.0,49000.0,90.0
317.844,-0.22299683094024658,0.596379816532135,0.04144918546080589,-0.006304421927779913,-0.001629470381885767,1.009416103363037,,,
,,,,,,,65535.0,49000.0,90.0
317.854,0.4201279878616333,-0.7091036438941956,-0.10712365806102753,-0.0015826929593458772,0.0025727651081979275,1.0082604885101318,,,
,,,,,,,65535.0,49000.0,90.0
317.864,4.354401588439941,-2.2650856971740723,0.5589331984519958,-0.009429157711565495,0.002430053660646081,1.0122179985046387,,,
,,,,,,,65535.0,49000.0,90.0
317.874,4.809787273406982,-0.4477635324001312,1.0574506521224976,-0.004412645939737558,-0.0013866763329133391,1.0024646520614624,,,
,,,,,,,65535.0,49000.0,90.0
317.884,0.8970930576324463,-0.21381276845932007,0.11580633372068405,0.0022700533736497164,0.006833747494965792,0.9930559396743774,,,
,,,,,,,65535.0,49000.0,90.0
317.894,-4.586409091949463,0.969531774520874,-0.4880729913711548,-0.0004885378875769675,0.01874675042927265,0.9941042065620422,,,
,,,,,,,65535.0,49000.0,90.0
317.904,-5.322636127471924,1.1822103261947632,-0.12258077412843704,-0.00234271795488894,0.00759631535038352,1.015345811843872,,,
,,,,,,,65535.0,49000.0,90.0
317.914,-2.1736061573028564,-0.4756537973880768,-0.21828024089336395,-0.007550222333520651,-0.00849525909870863,1.0169659852981567,,,
,,,,,,,65535.0,49000.0,90.0
317.924,2.2928614616394043,-0.3245430290699005,-0.2842489778995514,-0.00017090109759010375,-0.00460630701854825,1.00471830368042,,,
,,,,,,,65535.0,49000.0,90.0
317.934,3.0139400959014893,-0.32196590304374695,0.4377519190311432,0.0013519192580133677,0.01079829502850771,0.9997913837432861,,,
,,,,,,,65535.0,49000.0,90.0
317.944,2.1652369499206543,-0.5834444761276245,0.11769122630357742,-0.0022831358946859837,0.006882816087454557,1.0078933238983154,,,
,,,,,,,65535.0,49000.0,90.0
317.954,0.37432220578193665,-0.5599683523178101,0.2147412747144699,-0.0007581987883895636,-0.00311767659150064,1.0091352462768555,,,
,,,,,,,65535.0,49000.0,90.0
317.964,0.017025116831064224,-0.3470430374145508,-0.06798428297042847,-0.003718214575201273,0.004418020136654377,1.0058344602584839,,,
,,,,,,,65535.0,49000.0,90.0
317.974,-1.6770824193954468,0.27520331740379333,-0.2295360565185547,-0.0017905437853187323,0.008530152961611748,0.9982615113258362,,,
,,,,,,,65535.0,49000.0,90.0
317.984,-2.352993965148926,0.8107603192329407,-0.10597600042819977,0.0015905683394521475,0.005026993807405233,0.9993350505828857,,,
,,,,,,,65535.0,49000.0,90.0
317.994,-0.9307103753089905,0.6255531311035156,-0.5039964318275452,-0.007509774994105101,0.0006897853454574943,1.0158964395523071,,,
,,,,,,,65535.0,49000.0,90.0
318.004,0.6937316656112671,-1.3092155456542969,-0.09597092866897583,-0.005751520860940218,-0.001562981167808175,1.0133205652236938,,,
,,,,,,,65535.0,49000.0,90.0
318.014,2.9491169452667236,-0.6113736033439636,-0.13788585364818573,0.002274327212944627,0.0024297365453094244,1.0016801357269287,,,
,,,,,,,65535.0,49000.0,90.0
318.024,0.6911874413490295,-0.3554668724536896,0.45157068967819214,-0.0008710499387234449,0.007481039501726627,1.00153648853302,,,
,,,,,,,65535.0,49000.0,90.0
318.034,0.9986317157745361,-0.6734760403633118,0.11168714612722397,-0.0011740329209715128,0.00493596401065588,1.0075550079345703,,,
,,,,,,,65535.0,49000.0,90.0
318.044,-1.791671633720398,0.34100547432899475,-0.25477275252342224,0.0011618226999416947,-3.573634967324324e-05,1.0040348768234253,,,
,,,,,,,65535.0,49000.0,90.0
318.054,-1.048796534538269,0.20751555263996124,-0.40212908387184143,0.001672391314059496,0.0004996457719244063,1.0033237934112549,,,
,,,,,,,65535.0,49000.0,90.0
318.064,-0.4647213816642761,0.09640965610742569,-0.19942119717597961,-0.0033775705378502607,0.0031242757104337215,1.0077725648880005,,,
,,,,,,,65535.0,49000.0,90.0
318.074,-0.5591285228729248,-0.34156334400177,0.05233031511306763,-0.004709961358457804,0.0023328131064772606,1.0092663764953613,,,
,,,,,,,65535.0,49000.0,90.0
318.084,0.8024361729621887,-0.5088765025138855,-0.22114790976047516,-0.00015050650108605623,0.0007414106512442231,1.007936716079712,,,
,,,,,,,65535.0,49000.0,90.0
318.094,1.0040268898010254,-0.4885392189025879,0.09760473668575287,-0.0009677800117060542,0.00823063962161541,1.0050137042999268,,,
,,,,,,,65535.0,49000.0,90.0
318.104,0.8043911457061768,-0.5075495839118958,0.025606326758861542,-0.0016179776284843683,0.005681526381522417,1.00356125831604,,,
,,,,,,,65535.0,49000.0,90.0
318.114,0.038755837827920914,-0.02452908642590046,0.2170225828886032,-0.0027405701112002134,0.00459655886515975,1.0029970407485962,,,
,,,,,,,65535.0,49000.0,90.0
318.124,-0.7306451201438904,-0.5443481802940369,-0.06455913931131363,-0.0057240938767790794,0.004678546916693449,1.0083962678909302,,,
,,,,,,,65535.0,49000.0,90.0
318.134,-0.963403582572937,-0.6422286033630371,-0.3422452211380005,-0.0009423464653082192,0.002405611565336585,1.0086538791656494,,,
,,,,,,,65535.0,49000.0,90.0
318.144,-0.1556980460882187,-0.3500993251800537,-0.36373522877693176,-0.001464708591811359,0.0011919998796656728,1.0034794807434082,,,
,,,,,,,65535.0,49000.0,90.0
318.154,0.2030400186777115,-0.5921461582183838,-0.20470039546489716,-0.0016591628082096577,0.006573367398232222,1.0000932216644287,,,
,,,,,,,65535.0,49000.0,90.0
318.164,0.7128860354423523,-0.5525537729263306,0.266635537147522,-0.0007661748095415533,0.004030365962535143,1.005346417427063,,,
,,,,,,,65535.0,49000.0,90.0
318.174,1.203759789466858,-0.5438785552978516,0.0899675041437149,-0.0007343400502577424,-0.00023140519624575973,1.0081878900527954,,,
,,,,,,,65535.0,49000.0,90.0
318.184,0.37002477049827576,-0.4181542992591858,-0.22618414461612701,0.001139640575274825,0.00401341263204813,1.0097709894180298,,,
,,,,,,,65535.0,49000.0,90.0
318.194,-0.23419395089149475,-0.4202902317047119,-0.12240330874919891,-0.0014762473292648792,0.006323270965367556,1.002118706703186,,,
,,,,,,,65535.0,49000.0,90.0
318.204,-0.04749162867665291,-0.2631687819957733,-0.10069303959608078,0.0016649436438456178,0.004370362963527441,1.0023987293243408,,,
,,,,,,,65535.0,49000.0,90.0
318.214,-0.6029228568077087,0.05230755731463432,-0.1576055884361267,-0.003462514141574502,0.004740443080663681,1.0026156902313232,,,
,,,,,,,65535.0,49000.0,90.0
318.224,-0.384718656539917,-0.19015981256961823,-0.036117371171712875,-0.004347285721451044,0.0033284525852650404,1.0087424516677856,,,
,,,,,,,65535.0,49000.0,90.0
318.234,0.3390995264053345,-0.6996874809265137,-0.00011147191980853677,-0.001704746508039534,-0.0009671076550148427,1.0113688707351685,,,
,,,,,,,65535.0,49000.0,90.0
318.244,0.5801277756690979,-0.17764735221862793,-0.032391469925642014,-0.0031605970580130816,0.00018719465879257768,1.0092910528182983,,,
,,,,,,,65535.0,49000.0,90.0
318.254,0.7694408893585205,-0.38774681091308594,0.15664991736412048,-0.001602950505912304,0.0027858244720846415,1.0069783926010132,,,
,,,,,,,65535.0,49000.0,90.0
318.264,0.3135973811149597,-0.7777476906776428,0.06608105450868607,0.0003871444205287844,0.005165634211152792,1.0046690702438354,,,
,,,,,,,65535.0,49000.0,90.0
318.274,-0.30506017804145813,0.011758516542613506,0.109005868434906,-0.00011258703307248652,0.0036635580472648144,1.0060657262802124,,,
,,,,,,,65535.0,49000.0,90.0
318.284,-0.6229494214057922,-0.4051649868488312,-0.3844356834888458,-0.0015305903507396579,0.0029012588784098625,1.0066447257995605,,,
,,,,,,,65535.0,49000.0,90.0
318.294,-0.3336719572544098,-0.012934383004903793,-0.1350240856409073,4.827348675462417e-05,0.0027607125230133533,1.0061849355697632,,,
,,,,,,,65535.0,49000.0,90.0
318.304,-0.161943256855011,-0.25339409708976746,-0.01272407453507185,0.00010055780148832127,0.0024611246772110462,1.0060292482376099,,,
,,,,,,,65535.0,49000.0,90.0
318.314,0.030858613550662994,-0.4512704312801361,0.10305430740118027,-0.0010031085694208741,0.0035246219485998154,1.0057339668273926,,,
,,,,,,,65535.0,49000.0,90.0
318.324,0.7703425288200378,-0.3464677929878235,0.052506059408187866,-0.0014621919253841043,0.0035520577803254128,1.0078091621398926,,,
,,,,,,,65535.0,49000.0,90.0
318.334,0.5441551804542542,-0.5848557949066162,0.06929586082696915,-0.00037278165109455585,0.004107941873371601,1.0074808597564697,,,
,,,,,,,65535.0,49000.0,90.0
318.344,-0.022038374096155167,0.007830566726624966,-0.0727522000670433,-0.0022482816129922867,0.004010952543467283,1.0040497779846191,,,
,,,,,,,65535.0,49000.0,90.0
318.354,-0.3879457116127014,-0.05671195685863495,0.13969285786151886,-0.0012845691526308656,0.0027595798019319773,1.001480221748352,,,
,,,,,,,65535.0,49000.0,90.0
318.364,-0.5546574592590332,0.2936508357524872,0.18152819573879242,7.823111809557304e-05,0.002651679329574108,1.0019503831863403,,,
,,,,,,,65535.0,49000.0,90.0
318.374,-0.2965675890445709,-0.22801664471626282,-0.1623769849538803,-0.0016813346883282065,0.004988331813365221,1.0068435668945312,,,
,,,,,,,65535.0,49000.0,90.0
318.384,-0.041446611285209656,-0.09943559020757675,0.215378999710083,-0.004398663062602282,0.0022804951295256615,1.0125937461853027,,,
,,,,,,,65535.0,49000.0,90.0
318.394,0.6927233934402466,-0.84419846534729,-0.10645119100809097,-0.0025754314847290516,0.001493845134973526,1.0096603631973267,,,
,,,,,,,65535.0,49000.0,90.0
318.404,0.5834692120552063,-0.4645668864250183,0.09716843068599701,-0.0016250427579507232,0.004996240139007568,1.0046926736831665,,,
,,,,,,,65535.0,49000.0,90.0
318.414,0.12510740756988525,-0.35982251167297363,-0.10029449313879013,-0.00013489415869116783,0.00802428275346756,0.9993100762367249,,,
,,,,,,,65535.0,49000.0,90.0
318.424,-0.29344266653060913,0.2568008601665497,0.07220914959907532,0.000715156551450491,0.004734263755381107,1.002164602279663,,,
,,,,,,,65535.0,49000.0,90.0
318.434,-0.3009427785873413,0.09278083592653275,-0.19027532637119293,-0.0018010680796578526,0.0008615489350631833,1.0060278177261353,,,
,,,,,,,65535.0,49000.0,90.0
318.444,-0.5097967982292175,0.139387845993042,-0.23632638156414032,-0.0024365943390876055,0.0033970370423048735,1.0095419883728027,,,
,,,,,,,65535.0,49000.0,90.0
318.454,-0.06104751303792,-0.30194273591041565,-0.1357625275850296,-0.003057203022763133,0.001591513748280704,1.0089071989059448,,,
,,,,,,,65535.0,49000.0,90.0
318.464,0.08956241607666016,-0.6204259991645813,-0.2630191147327423,0.0005017865332774818,0.002218412235379219,1.0048506259918213,,,
,,,,,,,65535.0,49000.0,90.0
318.474,0.3551550805568695,-0.15972135961055756,-0.15036660432815552,-0.0033191635739058256,0.002889755880460143,1.004083514213562,,,
,,,,,,,65535.0,49000.0,90.0
318.484,0.25691327452659607,-0.13331007957458496,0.029153261333703995,-0.0034550491254776716,0.0021651715505868196,1.0072805881500244,,,
,,,,,,,65535.0,49000.0,90.0
318.494,0.06092965975403786,-0.29690489172935486,0.09260491281747818,-0.00242382800206542,0.0015026041073724627,1.010198950767517,,,
,,,,,,,65535.0,49000.0,90.0
318.504,-0.16418538987636566,-0.1648324877023697,-0.09193085879087448,-0.0025981925427913666,0.00145479547791183,1.0038745403289795,,,
,,,,,,,65535.0,49000.0,90.0
318.514,-0.25049519538879395,-0.40236151218414307,0.10083827376365662,-0.000467855017632246,0.006477403920143843,1.0017555952072144,,,
,,,,,,,65535.0,49000.0,90.0
318.524,-0.025199849158525467,-0.2132166028022766,-0.18112866580486298,0.0004974951734766364,0.0054526617750525475,1.0016825199127197,,,
,,,,,,,65535.0,49000.0,90.0
318.534,-0.11133155226707458,0.029383167624473572,-0.01162438653409481,0.0003000460274051875,0.004301568493247032,1.0049489736557007,,,
,,,,,,,65535.0,49000.0,90.0
318.544,0.17552794516086578,-0.3912578821182251,-0.17802570760250092,-0.001884167199023068,0.0031336545944213867,1.008217215538025,,,
,,,,,,,65535.0,49000.0,90.0
318.554,0.31643015146255493,-0.6569653749465942,0.05390867590904236,-0.0023096955846995115,0.002195509849116206,1.0115337371826172,,,
,,,,,,,65535.0,49000.0,90.0
318.564,0.3986908197402954,-0.22449064254760742,-0.24481633305549622,-0.0011520107509568334,0.004237941466271877,1.0067821741104126,,,
,,,,,,,65535.0,49000.0,90.0
318.574,0.1633003205060959,-0.2427123486995697,0.04024941101670265,0.0005066066514700651,0.006020013242959976,1.0015496015548706,,,
,,,,,,,65535.0,49000.0,90.0
318.584,-0.3635183870792389,-0.17862841486930847,0.18246307969093323,0.0007368128281086683,0.008039398118853569,1.001783847808838,,,
,,,,,,,65535.0,49000.0,90.0
318.594,-0.0420583039522171,-0.011912410147488117,-0.013433205895125866,-0.0010749537032097578,0.0037049821112304926,1.003904938697815,,,
,,,,,,,65535.0,49000.0,90.0
318.604,0.138090580701828,-0.4655991494655609,0.02853211760520935,-0.0018623732030391693,0.0031097414903342724,1.01246178150177,,,
,,,,,,,65535.0,49000.0,90.0
318.614,0.3332540690898895,-0.8165785670280457,-0.32081031799316406,-0.0010313978418707848,0.003308449639007449,1.0130828619003296,,,
,,,,,,,65535.0,49000.0,90.0
318.624,0.46310609579086304,-0.6319367289543152,0.3521941304206848,-0.0007700365385971963,0.006673412397503853,1.0033094882965088,,,
,,,,,,,65535.0,49000.0,90.0
318.634,-0.025943391025066376,-0.3236545920372009,0.26630154252052307,0.0037228611763566732,0.005118293687701225,0.9987421035766602,,,
,,,,,,,65535.0,49000.0,90.0
318.644,0.4020416736602783,-0.24861760437488556,0.27019500732421875,-0.00023274924024008214,0.004138583317399025,0.9993172287940979,,,
,,,,,,,65535.0,49000.0,90.0
318.654,-0.23968826234340668,-0.17035222053527832,0.25141531229019165,-0.0007357043796218932,0.0021606911905109882,1.0079152584075928,,,
,,,,,,,65535.0,49000.0,90.0
318.664,-0.29198962450027466,-0.1459389328956604,-0.09568387269973755,-0.0019341878360137343,-0.0009582389611750841,1.0140498876571655,,,
,,,,,,,65535.0,49000.0,90.0
318.674,0.312940388917923,-0.3207148015499115,0.48659059405326843,-0.0001611658517504111,0.001444576308131218,1.008410096168518,,,
,,,,,,,65535.0,49000.0,90.0
318.684,0.32348892092704773,-0.4093950688838959,-0.03792685642838478,0.0009840261191129684,0.003554021939635277,1.0024795532226562,,,
,,,,,,,65535.0,49000.0,90.0
318.694,0.059152185916900635,-0.13403849303722382,0.29245319962501526,4.697042459156364e-05,0.006217915564775467,1.0026543140411377,,,
,,,,,,,65535.0,49000.0,90.0
318.704,0.31416401267051697,-0.31860700249671936,-0.21854513883590698,-0.00018664389790501446,0.005444400943815708,1.005515456199646,,,
,,,,,,,65535.0,49000.0,90.0
318.714,0.04335179552435875,-0.17850303649902344,-0.08233214169740677,-0.004024025518447161,0.006044273730367422,1.0080535411834717,,,
,,,,,,,65535.0,49000.0,90.0
318.724,0.5350329875946045,-0.9936671853065491,-0.19769102334976196,-0.0012112020049244165,0.0033072009682655334,1.0143547058105469,,,
,,,,,,,65535.0,49000.0,90.0
318.734,0.05733788013458252,-1.1863175630569458,-0.37352192401885986,0.0029399131890386343,-0.00121306034270674,1.0039604902267456,,,
,,,,,,,65535.0,49000.0,90.0
318.744,0.38166627287864685,-0.6352594494819641,-0.6111544370651245,1.65751735039521e-05,0.005532728508114815,0.9944138526916504,,,
,,,,,,,65535.0,49000.0,90.0
318.754,-0.8667510151863098,-0.3585907220840454,-0.2036634087562561,0.00290773157030344,0.009108630940318108,0.9992912411689758,,,
,,,,,,,65535.0,49000.0,90.0
318.764,0.41064563393592834,0.01240021362900734,0.19309304654598236,-0.0034172125160694122,0.0009212010190822184,1.00217866897583,,,
,,,,,,,65535.0,49000.0,90.0
318.774,-0.14436593651771545,0.2838953733444214,0.1788865625858307,0.0005767502589151263,-0.0002098682161886245,1.0106350183486938,,,
,,,,,,,65535.0,49000.0,90.0
318.784,0.39059439301490784,-0.49884092807769775,-0.12210892140865326,-0.002908419817686081,0.003808190580457449,1.0131728649139404,,,
,,,,,,,65535.0,49000.0,90.0
318.794,0.5944107174873352,-0.45293673872947693,0.1678355634212494,-0.002004757523536682,0.003263463731855154,1.0089290142059326,,,
,,,,,,,65535.0,49000.0,90.0
318.804,0.044268492609262466,-0.3976168632507324,0.03259420394897461,0.0004951174487359822,0.007376339752227068,0.9989150166511536,,,
,,,,,,,65535.0,49000.0,90.0
318.814,-0.004358281381428242,0.13793593645095825,0.059388890862464905,-0.00016161847452167422,0.007127276621758938,0.9963495135307312,,,
,,,,,,,65535.0,49000.0,90.0
318.824,-0.4695838391780853,0.16218186914920807,-0.12509757280349731,2.5037821615114808e-05,0.0059005096554756165,1.0032591819763184,,,
,,,,,,,65535.0,49000.0,90.0
318.834,-0.3263144791126251,-0.024015391245484352,0.030757246538996696,-0.0018534816335886717,0.00130832614377141,1.0086451768875122,,,
,,,,,,,65535.0,49000.0,90.0
318.844,0.047462109476327896,-0.5581355094909668,-0.022687088698148727,-0.0027950366493314505,0.0030170450918376446,1.0114604234695435,,,
,,,,,,,65535.0,49000.0,90.0
318.854,0.7542282342910767,-0.9110780358314514,-0.16134385764598846,0.00026851220172829926,0.00208724825643003,1.0125386714935303,,,
,,,,,,,65535.0,49000.0,90.0
318.864,0.1791963130235672,-0.729774534702301,0.0021245053503662348,0.0043770624324679375,0.002621220424771309,1.0022028684616089,,,
,,,,,,,65535.0,49000.0,90.0
318.874,0.33562004566192627,-0.46826523542404175,-0.24752575159072876,0.0031964953523129225,0.009462926536798477,0.9978094100952148,,,
,,,,,,,65535.0,49000.0,90.0
318.884,-0.4924740493297577,-0.08793728798627853,-0.06051774322986603,0.0007793083786964417,0.009110838174819946,1.0042707920074463,,,
,,,,,,,65535.0,49000.0,90.0
318.894,0.29502442479133606,-0.026093915104866028,0.08328232914209366,-0.0021002863068133593,0.0018450745847076178,1.0095734596252441,,,
,,,,,,,65535.0,49000.0,90.0
318.904,0.021134592592716217,-0.803087592124939,-0.1654660850763321,-0.0015635325107723475,0.0018594306893646717,1.0117688179016113,,,
,,,,,,,65535.0,49000.0,90.0
318.914,0.057221587747335434,-0.703670084476471,-0.25155434012413025,-0.004783099051564932,0.004538435488939285,1.0036274194717407,,,
,,,,,,,65535.0,49000.0,90.0
318.924,0.35117390751838684,-0.7551072239875793,-0.28188177943229675,0.002475180895999074,0.004320275038480759,1.0008708238601685,,,
,,,,,,,65535.0,49000.0,90.0
318.934,0.3653539717197418,-0.26464205980300903,-0.25234168767929077,0.002059568651020527,0.003875820664688945,0.9994105696678162,,,
,,,,,,,65535.0,49000.0,90.0
318.944,0.425541490316391,-0.2145376354455948,-0.2695291042327881,-3.846432809950784e-05,0.005737559404224157,1.006364107131958,,,
,,,,,,,65535.0,49000.0,90.0
318.954,0.03715675324201584,-0.8930020928382874,-0.49222394824028015,0.0019519934430718422,0.004512141924351454,1.0092896223068237,,,
,,,,,,,65535.0,49000.0,90.0
318.964,-0.04167903959751129,-0.4174250364303589,-0.45000314712524414,2.974949347844813e-05,0.005848635453730822,1.0090999603271484,,,
,,,,,,,65535.0,49000.0,90.0
318.974,0.546889066696167,-1.254422664642334,-0.8296578526496887,0.0004443518992047757,0.00480262516066432,1.008341908454895,,,
,,,,,,,65535.0,49000.0,90.0
318.984,0.38458362221717834,-1.0950921773910522,-0.49484798312187195,0.002170400694012642,0.006311330478638411,1.0064363479614258,,,
,,,,,,,65535.0,49000.0,90.0
318.994,0.01125684566795826,-0.8642564415931702,-0.18131689727306366,0.00015579727187287062,0.007704081945121288,0.9982138872146606,,,
,,,,,,,65535.0,49000.0,90.0
319.004,0.12491796165704727,-0.3839588761329651,-0.3228924572467804,0.002429179847240448,0.0068573844619095325,1.0008386373519897,,,
,,,,,,,65535.0,49000.0,90.0
319.014,0.4200921654701233,-0.26596957445144653,-0.4022900462150574,0.00156874128151685,0.005342451855540276,1.0042494535446167,,,
,,,,,,,65535.0,49000.0,90.0
319.024,0.25473499298095703,-0.41925448179244995,-0.46679922938346863,-0.0003691895690280944,0.0035883376840502024,1.007091760635376,,,
,,,,,,,65535.0,49000.0,90.0
319.034,0.6494804620742798,-0.414512574672699,-0.8587884306907654,0.0026357427705079317,0.0037818432319909334,1.0097182989120483,,,
,,,,,,,65535.0,49000.0,90.0
319.044,-0.23907490074634552,-0.6952152848243713,-0.6364387273788452,0.003717536572366953,0.007765836548060179,1.0080369710922241,,,
,,,,,,,65535.0,49000.0,90.0
319.054,-0.29758813977241516,-0.34204983711242676,-0.5740729570388794,-0.0009630393469706178,0.002983731683343649,1.0015064477920532,,,
,,,,,,,65535.0,49000.0,90.0
319.064,0.0709608793258667,-0.05312231555581093,-0.8222942352294922,0.0044885496608912945,0.00821385346353054,1.0051946640014648,,,
,,,,,,,65535.0,49000.0,90.0
319.074,-1.106163740158081,-0.7931424379348755,-0.530219554901123,-0.0013197929365560412,0.004053059034049511,1.0068774223327637,,,
,,,,,,,65535.0,49000.0,90.0
319.084,1.4789866209030151,-0.8726117610931396,-0.7610458731651306,0.0008486961014568806,-0.003898677881807089,1.0070291757583618,,,
,,,,,,,65535.0,49000.0,90.0
319.094,0.1277405321598053,-0.9638403654098511,-0.14040689170360565,0.0016880612820386887,0.00951418187469244,1.0123636722564697,,,
,,,,,,,65535.0,49000.0,90.0
319.104,0.01565600372850895,-0.7819804549217224,-0.11127106100320816,-0.0024943891912698746,0.0073171332478523254,1.0008326768875122,,,
,,,,,,,65535.0,49000.0,90.0
319.114,1.074689507484436,-0.5624872446060181,-0.20536375045776367,0.006499044131487608,0.0041788676753640175,0.9981406331062317,,,
,,,,,,,65535.0,49000.0,90.0
319.124,-0.5585347414016724,0.197876438498497,-0.3121764063835144,0.002376608783379197,0.010259708389639854,1.0008821487426758,,,
,,,,,,,65535.0,49000.0,90.0
319.134,-0.30898842215538025,-0.020665887743234634,-0.5389091372489929,0.0009678796050138772,0.003855821443721652,1.0054757595062256,,,
,,,,,,,65535.0,49000.0,90.0
319.144,0.3957757353782654,-0.3107436001300812,-0.3410875201225281,0.0018903134623542428,-0.00010901752102654427,1.009788155555725,,,
,,,,,,,65535.0,49000.0,90.0
319.154,-0.5502243041992188,-0.3922916650772095,-0.5425256490707397,8.221209282055497e-05,0.005344071425497532,1.0091776847839355,,,
,,,,,,,65535.0,49000.0,90.0
319.164,-0.11711262911558151,-0.25217917561531067,-0.1960276961326599,0.0043175858445465565,0.006016456987708807,1.00325608253479,,,
,,,,,,,65535.0,49000.0,90.0
319.174,0.2887674570083618,0.1055338904261589,-0.04888975992798805,0.0013031436828896403,0.006082741543650627,1.0005345344543457,,,
,,,,,,,65535.0,46000.0,90.0
319.184,-0.1887410283088684,0.015945179387927055,-0.22489982843399048,0.0009731578174978495,0.008979292586445808,1.0052238702774048,,,
,,,,,,,65535.0,46000.0,90.0
319.194,-0.06474095582962036,-0.045725442469120026,0.12986989319324493,0.001456935191527009,0.004802136681973934,1.0074869394302368,,,
,,,,,,,65535.0,46000.0,90.0
319.204,1.1312681436538696,-1.3119791746139526,0.1314159631729126,0.0017428591381758451,0.002852663630619645,1.0187169313430786,,,
,,,,,,,65535.0,46000.0,90.0
319.214,6.988518714904785,-4.362284183502197,0.4217255711555481,-0.008644185960292816,0.0017286252696067095,1.0215004682540894,,,
,,,,,,,65535.0,46000.0,90.0
319.224,2.078676462173462,5.348183631896973,1.733742594718933,0.0014293487183749676,-0.0025495358277112246,0.9695991277694702,,,
,,,,,,,65535.0,46000.0,90.0
319.234,-11.161829948425293,0.30343642830848694,-2.6987555027008057,0.02671686001121998,0.03461237624287605,0.986719012260437,,,
,,,,,,,65535.0,46000.0,90.0
319.244,-14.158350944519043,-0.6513839364051819,-0.8627060055732727,-0.006405373569577932,0.03314664587378502,1.0100514888763428,,,
,,,,,,,65535.0,46000.0,90.0
319.254,-2.251448154449463,1.3349732160568237,1.6933029890060425,-0.01589973270893097,-0.02937684766948223,1.035014033317566,,,
,,,,,,,65535.0,44000.0,90.0
319.264,17.069684982299805,-3.9217519760131836,0.49732035398483276,-0.0039040902629494667,-0.04502028599381447,1.0299654006958008,,,
,,,,,,,65535.0,44000.0,90.0
319.274,13.629579544067383,-1.2321580648422241,2.0898642539978027,0.001534583861939609,0.015275552868843079,0.9969350099563599,,,
,,,,,,,65535.0,44000.0,90.0
319.284,0.8377492427825928,-4.739236354827881,0.27193501591682434,0.013942958787083626,0.05055549368262291,1.0027787685394287,,,
,,,,,,,65535.0,44000.0,90.0
319.294,-2.7968239784240723,1.3334476947784424,0.6268582344055176,0.006352412514388561,0.013597686775028706,0.9742902517318726,,,
,,,,,,,65535.0,44000.0,90.0
319.304,-7.9957661628723145,6.449198246002197,0.9945802092552185,0.016521144658327103,-0.0008820794173516333,0.9712088704109192,,,
,,,,,,,65535.0,44000.0,90.0
319.314,-11.49815845489502,-2.033262252807617,-2.813508987426758,0.013187885284423828,0.03597742319107056,1.028014898300171,,,
,,,,,,,65535.0,44000.0,90.0
319.324,-11.194133758544922,0.6512212753295898,0.4297206997871399,-0.009972546249628067,0.0061437045224010944,1.0346919298171997,,,
,,,,,,,65535.0,44000.0,90.0
319.334,10.63298225402832,-1.6395277976989746,-0.11857277899980545,-0.009130283258855343,-0.05059731379151344,1.0260082483291626,,,
,,,,,,,65535.0,44000.0,90.0
319.344,19.431333541870117,-3.519024610519409,0.9344475269317627,0.003900015726685524,-0.006284760311245918,1.000975489616394,,,
,,,,,,,65535.0,42000.0,90.0
319.354,1.1391425132751465,-0.1034272238612175,1.104888916015625,0.010818392038345337,0.0652066096663475,0.9864223599433899,,,
,,,,,,,65535.0,42000.0,90.0
319.364,-4.007976055145264,-3.4429261684417725,-0.6230176091194153,0.0034286247100681067,0.029997117817401886,0.9939632415771484,,,
,,,,,,,65535.0,42000.0,90.0
319.374,1.167899250984192,3.964845657348633,2.0238239765167236,0.004453856498003006,-0.024705227464437485,0.986996054649353,,,
,,,,,,,65535.0,42000.0,90.0
319.384,-6.9260735511779785,2.0046353340148926,-1.944915533065796,0.010397043079137802,0.013799577951431274,1.00444495677948,,,
,,,,,,,65535.0,42000.0,90.0
319.394,-18.502395629882812,-0.6556084752082825,-2.195786714553833,-0.004238039720803499,0.04030868038535118,1.026794672012329,,,
,,,,,,,65535.0,42000.0,90.0
319.404,-2.6822662353515625,-1.257943034172058,0.30583715438842773,-0.014437808655202389,-0.014362258836627007,1.038329005241394,,,
,,,,,,,65535.0,42000.0,90.0
319.414,17.237512588500977,-1.6513267755508423,1.118404746055603,-0.007643884513527155,-0.050050750374794006,1.0017366409301758,,,
,,,,,,,65535.0,42000.0,90.0
319.424,13.83548641204834,-2.566124200820923,-0.6969318389892578,0.01580335572361946,0.012567499652504921,0.9935042262077332,,,
,,,,,,,65535.0,37000.0,90.0
319.434,-2.074471950531006,-0.958510160446167,-0.394214004278183,0.0031387812923640013,0.06261217594146729,0.9891373515129089,,,
,,,,,,,65535.0,37000.0,90.0
319.444,-4.89035177230835,2.547105073928833,0.8571324944496155,0.0016787744825705886,0.010597653687000275,0.9899328947067261,,,
,,,,,,,65535.0,37000.0,90.0
319.454,-4.668747425079346,0.550249457359314,-1.4385368824005127,0.007516469340771437,-0.012128002010285854,1.0118550062179565,,,
,,,,,,,65535.0,37000.0,90.0
319.464,0.9574636816978455,-3.6983702182769775,-1.592604637145996,-0.009901014156639576,0.008765819482505322,1.0365779399871826,,,
,,,,,,,65535.0,37000.0,90.0
319.474,7.851435661315918,5.428680419921875,3.0815775394439697,-0.0068592200987041,-0.008539737202227116,0.9837784767150879,,,
,,,,,,,65535.0,37000.0,90.0
319.484,-17.526884078979492,-2.962852954864502,-4.3778276443481445,0.025440271943807602,0.03700961917638779,1.0048534870147705,,,
,,,,,,,65535.0,37000.0,90.0
319.494,-14.930085182189941,-2.102234125137329,-3.97965669631958,-0.004180249758064747,0.03884692117571831,1.016158938407898,,,
,,,,,,,65535.0,37000.0,90.0
319.504,14.649133682250977,5.445296764373779,6.9187469482421875,-0.024785149842500687,-0.048898905515670776,0.9885003566741943,,,
,,,,,,,65535.0,37000.0,90.0
319.514,19.271055221557617,-9.707022666931152,-4.473936557769775,0.020417479798197746,-0.024195794016122818,1.0236481428146362,,,
,,,,,,,65535.0,32767.0,90.0
319.524,-5.348514556884766,3.6916921138763428,-0.9093638062477112,0.003935391549021006,0.05788150057196617,0.9869615435600281,,,
,,,,,,,65535.0,32767.0,90.0
319.534,0.08033724874258041,0.23303955793380737,0.8235247135162354,-0.007647576276212931,0.03201233595609665,1.0022817850112915,,,
,,,,,,,65535.0,32767.0,90.0
319.544,4.063507556915283,-4.329668998718262,-2.0062172412872314,0.013901356607675552,-0.014631997793912888,1.0110644102096558,,,
,,,,,,,65535.0,32767.0,90.0
319.554,-14.027785301208496,5.907016754150391,-0.16904467344284058,0.00022787533816881478,0.006892859935760498,0.9962983727455139,,,
,,,,,,,65535.0,32767.0,90.0
319.564,-6.395902156829834,-3.2531838417053223,-4.691094875335693,0.007145763840526342,0.024379385635256767,1.024398684501648,,,
,,,,,,,65535.0,32767.0,90.0
319.574,-3.9828786849975586,-0.05983166769146919,2.2526190280914307,-0.008282862603664398,-0.004057964775711298,1.0076467990875244,,,
,,,,,,,65535.0,32767.0,90.0
319.584,13.153278350830078,-1.5239650011062622,-1.2188317775726318,0.0029100789688527584,-0.02679566666483879,1.0078855752944946,,,
,,,,,,,65535.0,32767.0,90.0
319.594,5.2085371017456055,-1.6294132471084595,0.14293178915977478,0.007320844102650881,0.013335064053535461,0.9993299841880798,,,
,,,,,,,65535.0,25000.0,90.0
319.604,3.676642894744873,-0.09545602649450302,0.03752817213535309,-0.00011598210403462872,0.039052870124578476,1.0017462968826294,,,
,,,,,,,65535.0,25000.0,90.0
319.614,-6.3703813552856445,1.0896040201187134,0.2809832692146301,0.0069890497252345085,0.0074880123138427734,0.9964223504066467,,,
,,,,,,,65535.0,25000.0,90.0
319.624,7.152634143829346,-3.169262409210205,-2.3118531703948975,0.004539242014288902,-0.006565667688846588,1.0173143148422241,,,
,,,,,,,65535.0,25000.0,90.0
319.634,-6.683465480804443,5.3871002197265625,3.459352970123291,-0.0016866718651726842,0.022368522360920906,0.9838950634002686,,,
,,,,,,,65535.0,25000.0,90.0
319.644,-19.506635665893555,-3.5501151084899902,-7.042562007904053,0.012581153772771358,0.04708557948470116,1.0265140533447266,,,
,,,,,,,65535.0,25000.0,90.0
319.654,-12.01720905303955,3.674842357635498,2.038954734802246,-0.01246544998139143,-0.005105943419039249,1.0117793083190918,,,
,,,,,,,65535.0,25000.0,90.0
319.664,22.37779426574707,-3.9690732955932617,1.6195290088653564,-0.004585765767842531,-0.04957041144371033,1.0243487358093262,,,
,,,,,,,65535.0,25000.0,90.0
319.674,13.037074089050293,-3.254470109939575,-0.8571951389312744,0.01590392179787159,0.0030795689672231674,0.9855733513832092,,,
,,,,,,,65535.0,25000.0,90.0
319.684,1.049252986907959,3.8200442790985107,0.35903245210647583,0.014075133018195629,0.062219083309173584,0.9763017296791077,,,
,,,,,,,65535.0,21000.0,90.0
319.694,-5.589261054992676,-0.7229607701301575,0.26650771498680115,0.003427649149671197,0.03245370090007782,0.9932657480239868,,,
,,,,,,,65535.0,21000.0,90.0
319.704,0.03321610391139984,0.8360157012939453,-1.1208837032318115,0.007498845458030701,-0.015267761424183846,1.010958194732666,,,
,,,,,,,65535.0,21000.0,90.0
319.714,-11.449150085449219,3.7590465545654297,-0.057858698070049286,-0.00358078395947814,-0.002743151504546404,1.0068024396896362,,,
,,,,,,,65535.0,21000.0,90.0
319.724,-7.026379585266113,-2.1117241382598877,-3.8662924766540527,0.0022983921226114035,0.024227267131209373,1.0340170860290527,,,
,,,,,,,65535.0,21000.0,90.0
319.734,-1.1979738473892212,0.7140755653381348,2.5217177867889404,-0.011313741095364094,-0.013472058810293674,1.011572241783142,,,
,,,,,,,65535.0,21000.0,90.0
319.744,16.78015899658203,-1.4280654191970825,0.30902692675590515,0.004866112023591995,-0.028478700667619705,0.9947817921638489,,,
,,,,,,,65535.0,21000.0,90.0
319.754,4.399754047393799,-0.41714003682136536,-0.2706490755081177,0.012847605161368847,0.025383751839399338,0.9910340309143066,,,
,,,,,,,65535.0,21000.0,90.0
319.764,-2.443085193634033,2.762979030609131,1.167219638824463,0.0017687480431050062,0.04093838110566139,0.9921905398368835,,,
,,,,,,,65535.0,13000.0,90.0
319.774,-4.581780910491943,-0.2559301555156708,-0.7372010350227356,0.005341459531337023,-0.0006373381474986672,1.0079612731933594,,,
,,,,,,,65535.0,13000.0,90.0
319.784,-6.652565002441406,1.7787196636199951,-1.3603661060333252,0.0007524387328885496,-0.005947984755039215,1.0156677961349487,,,
,,,,,,,65535.0,13000.0,90.0
319.794,-1.8232544660568237,-0.01341271586716175,-0.4458439350128174,-0.009080437943339348,0.012231269851326942,1.0251604318618774,,,
,,,,,,,65535.0,13000.0,90.0
319.804,14.276899337768555,-2.877808094024658,0.44868239760398865,0.007050713058561087,-0.0029561566188931465,1.010736346244812,,,
,,,,,,,65535.0,13000.0,90.0
319.814,1.4057198762893677,1.0476018190383911,1.8246774673461914,0.0012657291954383254,0.015944838523864746,0.9787471890449524,,,
,,,,,,,65535.0,13000.0,90.0
319.824,-11.29208755493164,0.5185443162918091,-4.271574974060059,0.017250029370188713,0.04399813339114189,1.0002217292785645,,,
,,,,,,,65535.0,13000.0,90.0
319.834,-7.841104030609131,0.9880497455596924,1.13211989402771,-0.006723782513290644,0.0025050905533134937,1.011415719985962,,,
,,,,,,,65535.0,13000.0,90.0
319.844,9.188713073730469,-1.1565660238265991,0.26606178283691406,-0.004046889487653971,-0.027037687599658966,1.011577844619751,,,
,,,,,,,65535.0,13000.0,90.0
319.854,1.0012937784194946,-0.913573682308197,-1.59603750705719,0.007732579484581947,0.0023894463665783405,1.0122514963150024,,,
,,,,,,,65535.0,4000.0,90.0
319.864,1.9723165035247803,0.1647336781024933,1.1339609622955322,-0.0018662913935258985,0.021265210583806038,0.9982343912124634,,,
,,,,,,,65535.0,4000.0,90.0
319.874,4.707262992858887,-1.0007655620574951,0.6954823732376099,0.005004680249840021,0.005880717653781176,0.996108889579773,,,
,,,,,,,65535.0,4000.0,90.0
319.884,2.6351168155670166,0.6364618539810181,-0.8411123156547546,0.024692311882972717,-0.005191163159906864,0.997665286064148,,,
,,,,,,,65535.0,4000.0,90.0
319.894,-4.30630350112915,1.9703763723373413,0.9765699505805969,-9.943935583578423e-05,0.02315007708966732,0.99253910779953,,,
,,,,,,,65535.0,4000.0,90.0
319.904,-13.425862312316895,0.5662767887115479,-2.7149410247802734,0.003758875885978341,0.035575803369283676,1.013704776763916,,,
,,,,,,,65535.0,4000.0,90.0
319.914,-10.726491928100586,1.0739456415176392,0.3480594754219055,-0.005089210346341133,-0.011990245431661606,1.02437162399292,,,
,,,,,,,65535.0,4000.0,90.0
319.924,13.330804824829102,-2.735819101333618,-0.17445990443229675,-0.005550341214984655,-0.0374472513794899,1.022034764289856,,,
,,,,,,,65535.0,4000.0,90.0
319.934,11.234807968139648,-1.6873435974121094,0.866431713104248,0.008135844953358173,0.003716669976711273,1.0027395486831665,,,
,,,,,,,65535.0,0.0,90.0
319.944,3.2304320335388184,0.7998721599578857,0.2710835635662079,0.006940650753676891,0.033111799508333206,0.9797261357307434,,,
,,,,,,,65535.0,0.0,90.0
319.954,-3.1117653846740723,0.33915531635284424,0.0897602066397667,0.009523295797407627,0.024077406153082848,0.9940593838691711,,,
,,,,,,,65535.0,0.0,90.0
319.964,-3.226764678955078,1.7941584587097168,-0.32967716455459595,0.008790440857410431,-0.005243933759629726,1.0055170059204102,,,
,,,,,,,65535.0,0.0,90.0
319.974,-7.645259857177734,0.923247754573822,-1.1501364707946777,-0.004376789089292288,0.0011018324876204133,1.0134096145629883,,,
,,,,,,,65535.0,0.0,90.0
319.984,-7.046584129333496,0.2816069424152374,-1.8447158336639404,-0.001474051852710545,0.011982718482613564,1.0225788354873657,,,
,,,,,,,65535.0,0.0,90.0
319.994,3.2429702281951904,-0.6090266704559326,1.0769176483154297,-0.004792577121406794,-0.010519984178245068,1.0129923820495605,,,
,,,,,,,65535.0,0.0,90.0
320.004,10.696100234985352,-1.3168787956237793,0.43918269872665405,0.0038399319164454937,-0.008223628625273705,0.9977975487709045,,,
,,,,,,,65535.0,0.0,90.0
320.014,3.223923921585083,0.9202842116355896,-0.2164749801158905,0.012180818244814873,0.025264060124754906,0.9898983836174011,,,
,,,,,,,65535.0,0.0,90.0
320.024,-3.233525276184082,0.9362715482711792,0.46049943566322327,0.004789430648088455,0.026902038604021072,0.9937078356742859,,,
,,,,,,,65535.0,0.0,90.0
320.034,-4.070559024810791,0.8494948744773865,-0.10897799581289291,0.0030450501944869757,0.00044289720244705677,1.0105143785476685,,,
,,,,,,,65535.0,0.0,90.0
320.044,-5.3071465492248535,0.8879134654998779,-0.7648191452026367,0.00021549180382862687,-0.007297960575670004,1.0191296339035034,,,
,,,,,,,65535.0,0.0,90.0
320.054,-0.9150707721710205,-0.5948473215103149,-0.2730252742767334,-0.003153422148898244,0.0013007479719817638,1.0168483257293701,,,
,,,,,,,65535.0,0.0,90.0
320.064,4.3124918937683105,-0.8840358853340149,0.9603840708732605,0.0006377462414093316,0.0021503823809325695,1.0024020671844482,,,
,,,,,,,65535.0,0.0,90.0
320.074,3.8706676959991455,-0.2834480106830597,0.1675802320241928,0.006206131540238857,0.002394610783085227,0.9936457276344299,,,
,,,,,,,65535.0,0.0,90.0
320.084,1.0420846939086914,0.599638819694519,-0.2591179311275482,0.0036473150830715895,0.012473812326788902,0.9971192479133606,,,
,,,,,,,65535.0,0.0,90.0
320.094,-2.5663514137268066,0.37474122643470764,-0.010310034267604351,0.0013553660828620195,0.012349161319434643,1.0078322887420654,,,
,,,,,,,65535.0,0.0,90.0
320.104,-3.70656418800354,0.2545006573200226,-0.6091871857643127,0.002388198859989643,-0.0012460430152714252,1.0121783018112183,,,
,,,,,,,65535.0,0.0,90.0
320.114,-1.6455578804016113,0.3271811306476593,-0.44682151079177856,0.0024092874955385923,-0.0021947287023067474,1.010798692703247,,,
,,,,,,,65535.0,0.0,90.0
320.124,1.5523550510406494,-0.8743565082550049,0.2380111962556839,-0.0003636078618001193,0.0029661108274012804,1.0104423761367798,,,
,,,,,,,65535.0,0.0,90.0
320.134,2.7762227058410645,-0.4807519316673279,0.3374638557434082,0.0024459410924464464,0.00010606354771880433,1.0040677785873413,,,
,,,,,,,65535.0,0.0,90.0
320.144,1.7882766723632812,-0.1723385751247406,0.3294944763183594,0.00414756266400218,0.0042601157911121845,1.002921462059021,,,
,,,,,,,65535.0,0.0,90.0
320.154,-0.6252897381782532,0.11135536432266235,0.03460805118083954,0.0030648475512862206,0.012058809399604797,1.0034977197647095,,,
,,,,,,,65535.0,0.0,90.0
320.164,-2.4202945232391357,0.24935895204544067,-0.14604593813419342,0.0043956805020570755,0.007918699644505978,1.007552981376648,,,
,,,,,,,65535.0,0.0,90.0
320.174,-1.732537031173706,0.10729719698429108,-0.10285990685224533,0.004562889691442251,0.0038120681419968605,1.0076929330825806,,,
,,,,,,,65535.0,0.0,90.0
320.184,0.10161492228507996,-0.015754887834191322,0.05548384413123131,0.001539536053314805,0.004916262347251177,1.0075932741165161,,,
,,,,,,,65535.0,0.0,90.0
320.194,1.5291939973831177,-0.6239036321640015,0.4763476252555847,0.00118011434096843,0.007475849706679583,1.0060752630233765,,,
,,,,,,,65535.0,0.0,90.0
320.204,1.9202394485473633,-0.22043943405151367,0.05363036319613457,0.002014703582972288,0.004398844204843044,1.0043703317642212,,,
,,,,,,,65535.0,0.0,90.0
320.214,0.5932650566101074,-0.30386224389076233,0.06579313427209854,0.00404459098353982,0.006710802670568228,1.004110336303711,,,
,,,,,,,65535.0,0.0,90.0
320.224,-1.3606353998184204,-0.1611911505460739,-0.395272821187973,0.00426063546910882,0.0046182055957615376,1.004717469215393,,,
,,,,,,,65535.0,0.0,90.0
320.234,-1.4621310234069824,0.4142441749572754,-0.12693750858306885,0.0029626686591655016,-0.00038234383100643754,1.0048401355743408,,,
,,,,,,,65535.0,0.0,90.0
320.244,-0.5571184158325195,-0.16841015219688416,-0.4660818874835968,0.001167145324870944,-0.001901294686831534,1.0081557035446167,,,
,,,,,,,65535.0,0.0,90.0
320.254,0.9157360792160034,-0.5848851203918457,-0.21303990483283997,3.430317883612588e-05,0.0007820834871381521,1.0103895664215088,,,
,,,,,,,65535.0,0.0,90.0
320.264,1.2169197797775269,-0.6196137070655823,-0.04147592931985855,0.0015202565118670464,0.002324135275557637,1.0070544481277466,,,
,,,,,,,65535.0,0.0,90.0
320.274,0.32441607117652893,-0.3276345431804657,-0.144652858376503,0.0010899758199229836,0.006027174182236195,1.0027953386306763,,,
,,,,,,,65535.0,0.0,90.0
320.284,0.6215044260025024,-0.4018174111843109,-0.21615292131900787,0.0052397968247532845,0.005345708224922419,1.0026527643203735,,,
,,,,,,,65535.0,0.0,90.0
320.294,-0.9321136474609375,0.25652867555618286,-0.40330442786216736,0.0035370197147130966,0.011330277658998966,1.0054129362106323,,,
,,,,,,,65535.0,0.0,90.0
320.304,-1.2673485279083252,0.07926042377948761,-0.18695028126239777,-0.00011257448204560205,0.005818556994199753,1.0074039697647095,,,
,,,,,,,65535.0,0.0,90.0
320.314,0.4642385244369507,-0.3234584927558899,-0.2603074610233307,0.004053784999996424,0.00046855691471137106,1.0058789253234863,,,
,,,,,,,65535.0,0.0,90.0
320.324,0.7003565430641174,-0.36772623658180237,-0.02930476702749729,0.004593369085341692,0.007430116645991802,1.0024737119674683,,,
,,,,,,,65535.0,0.0,90.0
320.334,0.7530903816223145,-0.5350861549377441,0.1022951677441597,0.004018050618469715,0.005683054681867361,1.0021648406982422,,,
,,,,,,,65535.0,0.0,90.0
320.344,0.1460903286933899,-0.01415600348263979,-0.07032918930053711,0.004272122401744127,0.0018350984901189804,1.0016101598739624,,,
,,,,,,,65535.0,0.0,90.0
320.354,-0.5717418789863586,-0.12021175026893616,-0.047660309821367264,0.0038032429292798042,0.004658105317503214,1.0053837299346924,,,
,,,,,,,65535.0,0.0,90.0
320.364,-0.8127776384353638,-0.0913064032793045,-0.26523271203041077,0.0020091384649276733,0.00740651274099946,1.0046294927597046,,,
,,,,,,,65535.0,5000.0,90.0
320.374,-0.16180026531219482,-0.4408048987388611,-0.04808363690972328,0.0028254082426428795,0.003462491324171424,1.0058238506317139,,,
,,,,,,,65535.0,5000.0,90.0
320.384,0.41942527890205383,0.027254870161414146,-0.18815714120864868,0.0032091077882796526,0.005072170868515968,1.0071725845336914,,,
,,,,,,,65535.0,5000.0,90.0
320.394,-0.06144947558641434,-0.5115727782249451,0.20042827725410461,0.0015133460983633995,0.008141190744936466,1.005732774734497,,,
,,,,,,,65535.0,5000.0,90.0
320.404,-1.0049022436141968,0.923026442527771,0.11492326110601425,0.007790446747094393,0.004408502485603094,0.9939808249473572,,,
,,,,,,,65535.0,5000.0,90.0
320.414,-5.294723987579346,-0.40956783294677734,-0.6859530806541443,-0.0008567320764996111,0.009844755753874779,1.0104541778564453,,,
,,,,,,,65535.0,5000.0,90.0
320.424,8.682047843933105,0.1892431378364563,1.8100041151046753,0.0028015526477247477,-0.0117107555270195,1.011792778968811,,,
,,,,,,,65535.0,5000.0,90.0
320.434,4.652886867523193,-1.4224820137023926,-0.041980016976594925,-0.0006385713932104409,-0.002085969550535083,1.0102717876434326,,,
,,,,,,,65535.0,5000.0,90.0
320.444,-7.519152641296387,0.0977945402264595,-0.7809551358222961,0.007407219614833593,0.018990613520145416,0.9990941882133484,,,
,,,,,,,65535.0,15000.0,90.0
320.454,0.08680227398872375,0.8329355716705322,0.2229723036289215,0.001369984238408506,0.009183533489704132,0.9986274838447571,,,
,,,,,,,65535.0,15000.0,90.0
320.464,-1.3980909585952759,-0.6155981421470642,-0.12350291758775711,0.005069611128419638,-0.0012834026711061597,1.0056942701339722,,,
,,,,,,,65535.0,15000.0,90.0
320.474,-1.4868817329406738,0.5917783379554749,-0.6061223745346069,0.0074809277430176735,0.004293464124202728,1.0098764896392822,,,
,,,,,,,65535.0,15000.0,90.0
320.484,-3.401402235031128,1.476325511932373,-0.036538925021886826,-0.010479750111699104,0.017123043537139893,1.0092322826385498,,,
,,,,,,,65535.0,15000.0,90.0
320.494,1.1812045574188232,-1.4483082294464111,-0.918526291847229,0.004707296844571829,0.002391271525993943,1.020034670829773,,,
,,,,,,,65535.0,15000.0,90.0
320.504,13.163629531860352,-1.0087605714797974,2.131328821182251,-0.0008442665566690266,-0.02028174139559269,0.997191309928894,,,
,,,,,,,65535.0,15000.0,90.0
320.514,9.758755683898926,-1.0174576044082642,-0.4050656855106354,0.007090614642947912,0.01466913428157568,0.9915743470191956,,,
,,,,,,,65535.0,15000.0,90.0
320.524,-10.233412742614746,1.5584595203399658,-0.7069405913352966,0.008225487545132637,0.04420029744505882,0.9948997497558594,,,
,,,,,,,65535.0,15000.0,90.0
320.534,-10.320192337036133,1.4239107370376587,-0.34171128273010254,0.0007609789608977735,0.014669448137283325,1.007486343383789,,,
,,,,,,,65535.0,25000.0,90.0
320.544,-4.93427848815918,-0.4575650990009308,-0.9146612286567688,0.0011743040522560477,-0.015565434470772743,1.022197961807251,,,
,,,,,,,65535.0,25000.0,90.0
320.554,2.0838966369628906,-0.3653813302516937,-0.26437219977378845,0.00021881006250623614,-0.009075271897017956,1.0152981281280518,,,
,,,,,,,65535.0,25000.0,90.0
320.564,-1.425978183746338,0.3348967432975769,-0.07982112467288971,-0.003046277677640319,0.023265138268470764,1.002152442932129,,,
,,,,,,,65535.0,25000.0,90.0
320.574,4.488717555999756,-2.1306333541870117,-1.1153254508972168,0.009774098172783852,0.005549225490540266,1.0090117454528809,,,
,,,,,,,65535.0,25000.0,90.0
320.584,17.191890716552734,0.14949195086956024,3.2709176540374756,0.0019320922438055277,-0.024633673951029778,0.9943166375160217,,,
,,,,,,,65535.0,25000.0,90.0
320.594,11.726055145263672,-0.9347968697547913,-0.5913901329040527,0.011359339579939842,0.01249054167419672,0.9886868596076965,,,
,,,,,,,65535.0,25000.0,90.0
320.604,-16.058244705200195,2.130232334136963,-1.5405694246292114,0.011232960037887096,0.05464047193527222,0.9927805066108704,,,
,,,,,,,65535.0,25000.0,90.0
320.614,-15.243075370788574,2.362733840942383,-0.9301766157150269,-0.005278055090457201,0.017595309764146805,1.0205333232879639,,,
,,,,,,,65535.0,32767.0,90.0
320.624,-5.540881633758545,-1.2907389402389526,-0.4748452305793762,-0.004822487477213144,-0.02782623842358589,1.0336711406707764,,,
,,,,,,,65535.0,32767.0,90.0
320.634,5.022793292999268,-0.38023582100868225,-0.6818036437034607,0.0009866944747045636,-0.017605846747756004,1.00938081741333,,,
,,,,,,,65535.0,32767.0,90.0
320.644,-0.3539232909679413,0.2646271288394928,0.44827699661254883,0.0009803108405321836,0.0321681834757328,0.9873692989349365,,,
,,,,,,,65535.0,32767.0,90.0
320.654,5.736242294311523,-5.302316665649414,-2.0720772743225098,0.008245425298810005,0.02475610375404358,1.0073111057281494,,,
,,,,,,,65535.0,32767.0,90.0
320.664,22.780858993530273,2.4319605827331543,5.547443389892578,-0.006916863843798637,-0.026748428121209145,0.9775571227073669,,,
,,,,,,,65535.0,32767.0,90.0
320.674,9.618436813354492,-2.339482545852661,-0.7349063754081726,0.011381497606635094,0.019671736285090446,1.0020989179611206,,,
,,,,,,,65535.0,32767.0,90.0
320.684,-22.69774627685547,2.8123281002044678,-2.795927047729492,0.019989900290966034,0.06776326894760132,1.0109809637069702,,,
,,,,,,,65535.0,32767.0,90.0
320.694,-16.438337326049805,2.147878885269165,0.2355765998363495,-0.019990719854831696,0.005750392097979784,1.0258314609527588,,,
,,,,,,,65535.0,32767.0,90.0
320.704,1.4581421613693237,-3.084146022796631,-0.6707803010940552,-0.0011364422971382737,-0.050112128257751465,1.0272008180618286,,,
,,,,,,,65535.0,42000.0,90.0
320.714,4.158937454223633,-1.2054167985916138,-1.677541971206665,0.0062749749049544334,-0.012258010916411877,1.0012708902359009,,,
,,,,,,,65535.0,42000.0,90.0
320.724,-1.3945260047912598,1.6258291006088257,-0.5003265142440796,8.668288501212373e-05,0.03746526315808296,0.9791632890701294,,,
,,,,,,,65535.0,42000.0,90.0
320.734,-2.690678358078003,-6.2844767570495605,-2.243455648422241,0.020354140549898148,0.035633910447359085,1.0285409688949585,,,
,,,,,,,65535.0,42000.0,90.0
320.744,19.906034469604492,-1.2899887561798096,3.3945910930633545,-0.01411325205117464,-0.02117895893752575,0.9939575791358948,,,
,,,,,,,65535.0,42000.0,90.0
320.754,22.377588272094727,3.6263816356658936,2.9071218967437744,0.00875692069530487,-0.015637844800949097,0.9654770493507385,,,
,,,,,,,65535.0,42000.0,90.0
320.764,-11.176864624023438,-2.3605642318725586,-4.764828205108643,0.03976787254214287,0.07228243350982666,0.9984365701675415,,,
,,,,,,,65535.0,42000.0,90.0
320.774,-28.438528060913086,4.833287239074707,-0.9417995810508728,-0.009898154065012932,0.07097850739955902,1.014920711517334,,,
,,,,,,,65535.0,42000.0,90.0
320.784,-9.31484603881836,2.552497625350952,1.495906114578247,-0.017447495833039284,-0.041866838932037354,1.0336359739303589,,,
,,,,,,,65535.0,45000.0,90.0
320.794,5.934392929077148,-3.5281224250793457,-1.6523007154464722,0.0062845791690051556,-0.06228283420205116,1.0299732685089111,,,
,,,,,,,65535.0,45000.0,90.0
320.804,2.34820818901062,-0.05208970606327057,-0.1695457398891449,-0.004205271601676941,0.023610826581716537,1.0036956071853638,,,
,,,,,,,65535.0,45000.0,90.0
320.814,10.306427001953125,-1.9043781757354736,1.6586130857467651,0.0035802789498120546,0.026536207646131516,0.9829344153404236,,,
,,,,,,,65535.0,45000.0,90.0
320.824,4.772207736968994,1.9965397119522095,1.3127681016921997,0.01336422935128212,0.004254600964486599,0.9635390043258667,,,
,,,,,,,65535.0,45000.0,90.0
320.834,-11.26904010772705,-1.031471848487854,-3.2690634727478027,0.011006787419319153,0.03308723121881485,1.0195224285125732,,,
,,,,,,,65535.0,45000.0,90.0
320.844,1.667444109916687,1.0556979179382324,1.3985490798950195,-0.022201383486390114,0.003721023676916957,1.0246551036834717,,,
,,,,,,,65535.0,45000.0,90.0
320.854,7.331564903259277,1.3024699687957764,1.8177576065063477,0.0013297715922817588,-0.021938160061836243,1.0139697790145874,,,
,,,,,,,65535.0,45000.0,90.0
320.864,-4.685825824737549,-2.0277745723724365,-3.5441386699676514,0.01552843302488327,0.019770413637161255,1.005874514579773,,,
,,,,,,,65535.0,45000.0,90.0
320.874,-7.9301018714904785,1.7001320123672485,0.9900460839271545,-0.007118385285139084,0.029380977153778076,0.9926997423171997,,,
,,,,,,,65535.0,48000.0,90.0
320.884,3.3604300022125244,-1.0394222736358643,0.5513903498649597,0.008548741228878498,-0.011970171704888344,1.0006680488586426,,,
,,,,,,,65535.0,48000.0,90.0
320.894,2.0155858993530273,1.6836156845092773,-0.47089558839797974,0.007022408302873373,-0.018587660044431686,0.9971264004707336,,,
,,,,,,,65535.0,48000.0,90.0
320.904,-4.033529281616211,2.745741844177246,-0.17918412387371063,0.0005256904405541718,0.022843871265649796,1.007236123085022,,,
,,,,,,,65535.0,48000.0,90.0
320.914,-5.23397970199585,-3.6489593982696533,-0.6335655450820923,-0.0006399200647138059,0.02205088920891285,1.0284833908081055,,,
,,,,,,,65535.0,48000.0,90.0
320.924,6.405753135681152,-1.3612626791000366,1.4887477159500122,-0.010610505938529968,-0.02111075446009636,1.0174592733383179,,,
,,,,,,,65535.0,48000.0,90.0
320.934,15.717174530029297,-1.7740992307662964,1.2965166568756104,0.0016580191440880299,-0.013074502348899841,1.0004181861877441,,,
,,,,,,,65535.0,48000.0,90.0
320.944,9.226627349853516,-0.12587979435920715,0.3054317831993103,0.010495787486433983,0.03147082403302193,0.9757130742073059,,,
,,,,,,,65535.0,48000.0,90.0
320.954,-10.627724647521973,2.3551089763641357,-0.3583523631095886,0.011124600656330585,0.056357063353061676,0.9796099662780762,,,
,,,,,,,65535.0,51000.0,90.0
320.964,-16.92398452758789,1.9640767574310303,-1.7074357271194458,0.003010133048519492,0.020767012611031532,1.0092846155166626,,,
,,,,,,,65535.0,51000.0,90.0
320.974,-8.864251136779785,2.0097708702087402,0.2750278115272522,-0.007329306099563837,-0.019885338842868805,1.0278903245925903,,,
,,,,,,,65535.0,51000.0,90.0
320.984,3.473823308944702,1.2898513078689575,0.45001524686813354,-0.004991663619875908,-0.027888916432857513,1.0167016983032227,,,
,,,,,,,65535.0,51000.0,90.0
320.994,4.4586405754089355,-2.879538059234619,-0.4863567054271698,0.004721210338175297,0.010355794802308083,1.018378496170044,,,
,,,,,,,65535.0,51000.0,90.0
321.004,4.2099528312683105,-1.3334968090057373,1.4333088397979736,-0.005115792155265808,0.017743103206157684,1.0061932802200317,,,
,,,,,,,65535.0,51000.0,90.0
321.014,7.9316253662109375,-2.1188294887542725,1.2861590385437012,0.005022361408919096,-0.009609851986169815,1.0007086992263794,,,
,,,,,,,65535.0,51000.0,90.0
321.024,7.612544059753418,-1.4445865154266357,0.531992495059967,0.0054867505095899105,0.000679247546941042,0.9895159602165222,,,
,,,,,,,65535.0,51000.0,90.0
321.034,-1.7685465812683105,1.7674741744995117,0.4631873369216919,0.004917941987514496,0.031982727348804474,0.9915043115615845,,,
,,,,,,,65535.0,48000.0,90.0
321.044,-7.288952350616455,0.4976727068424225,-0.46337538957595825,0.005578526295721531,0.022502103820443153,1.0051709413528442,,,
,,,,,,,65535.0,48000.0,90.0
321.054,-8.39671516418457,1.8164100646972656,-0.6201048493385315,0.001538416719995439,0.000610720191616565,1.0109148025512695,,,
,,,,,,,65535.0,48000.0,90.0
321.064,-3.4133591651916504,-0.19888396561145782,-0.6530396342277527,-0.0021107892971485853,0.0016891140257939696,1.0272454023361206,,,
,,,,,,,65535.0,48000.0,90.0
321.074,8.220422744750977,-5.1244096755981445,0.3840077519416809,-0.009854846633970737,-0.004814342595636845,1.0292413234710693,,,
,,,,,,,65535.0,48000.0,90.0
321.084,8.170838356018066,3.1636130809783936,2.007322072982788,0.00422058068215847,-0.011875048279762268,0.977968692779541,,,
,,,,,,,65535.0,48000.0,90.0
321.094,-3.5681185722351074,-1.1509548425674438,-1.9469090700149536,0.02592921070754528,0.03023250214755535,0.9896349906921387,,,
,,,,,,,65535.0,48000.0,90.0
321.104,-9.422991752624512,-0.9870625734329224,-0.48527005314826965,-0.004521925933659077,0.03958498314023018,0.9981648325920105,,,
,,,,,,,65535.0,48000.0,90.0
321.114,-0.6592090129852295,1.41379714012146,1.7379493713378906,-0.002975637326017022,-0.01851041056215763,1.0144904851913452,,,
,,,,,,,65535.0,48000.0,90.0
321.124,10.395740509033203,-2.2536325454711914,-0.6264108419418335,0.004791582934558392,-0.02794075943529606,1.016979455947876,,,
,,,,,,,65535.0,44000.0,90.0
321.134,5.132185935974121,0.4155183434486389,1.0773661136627197,-0.0021303656976670027,0.026646213605999947,1.0009046792984009,,,
,,,,,,,65535.0,44000.0,90.0
321.144,-4.782948017120361,-1.648710012435913,-0.07964243739843369,0.008086145855486393,0.03992491587996483,1.002533197402954,,,
,,,,,,,65535.0,44000.0,90.0
321.154,-7.137237548828125,-0.09508700668811798,-0.9414182901382446,0.005403666757047176,0.004702379461377859,0.9990949630737305,,,
,,,,,,,65535.0,44000.0,90.0
321.164,5.7984209060668945,-3.166043758392334,0.9932778477668762,-0.0024667915422469378,-0.013976049609482288,1.0252517461776733,,,
,,,,,,,65535.0,44000.0,90.0
321.174,14.107158660888672,1.9565123319625854,1.4002410173416138,-0.005381641443818808,-0.009573783725500107,0.9833748936653137,,,
,,,,,,,65535.0,44000.0,90.0
321.184,-9.472522735595703,5.773460865020752,-0.5005254149436951,0.024810822680592537,0.029981298372149467,0.9720436930656433,,,
,,,,,,,65535.0,44000.0,90.0
321.194,-24.870532989501953,-4.276342391967773,-4.762323379516602,0.011541442014276981,0.06813480705022812,1.0290967226028442,,,
,,,,,,,65535.0,44000.0,90.0
321.204,-16.325817108154297,1.9609063863754272,1.8977930545806885,-0.026236867532134056,-0.004793114494532347,1.0390701293945312,,,
,,,,,,,65535.0,44000.0,90.0
321.214,21.302047729492188,-0.93868088722229,2.3780901432037354,-0.011415321379899979,-0.090753935277462,1.0206748247146606,,,
,,,,,,,65535.0,42000.0,90.0
321.224,26.484529495239258,-4.752259731292725,-0.5814296007156372,0.015634268522262573,-0.025394245982170105,0.987765371799469,,,
,,,,,,,65535.0,42000.0,90.0
321.234,-1.1949162483215332,0.14562024176120758,-0.29468655586242676,0.011662997305393219,0.09111917018890381,0.98492431640625,,,
,,,,,,,65535.0,42000.0,90.0
321.244,-6.323253154754639,-1.8675460815429688,0.273556113243103,-0.004042851272970438,0.0553884394466877,1.000846028327942,,,
,,,,,,,65535.0,42000.0,90.0
321.254,1.7497645616531372,3.8411200046539307,2.226666212081909,0.003560795448720455,-0.03662411496043205,0.9846619963645935,,,
,,,,,,,65535.0,42000.0,90.0
321.264,-7.4547834396362305,2.7771246433258057,-2.6828665733337402,0.017894722521305084,0.0009227897971868515,1.0036567449569702,,,
,,,,,,,65535.0,42000.0,90.0
321.274,-21.582412719726562,-0.7635793089866638,-2.913867235183716,-0.006297100335359573,0.05779315158724785,1.0331451892852783,,,
,,,,,,,65535.0,42000.0,90.0
321.284,-4.859734535217285,-0.320556104183197,1.402856469154358,-0.017732908949255943,-0.006942004896700382,1.0377382040023804,,,
,,,,,,,65535.0,42000.0,90.0
321.294,19.1890869140625,-1.9209108352661133,1.5457664728164673,0.003930927254259586,-0.06789414584636688,0.9973770380020142,,,
,,,,,,,65535.0,39000.0,90.0
321.304,15.1865816116333,-2.0752248764038086,-1.1867486238479614,0.020907314494252205,0.010003204457461834,0.9800313115119934,,,
,,,,,,,65535.0,39000.0,90.0
321.314,-0.7709352970123291,0.39365580677986145,0.2005208283662796,0.0069290706887841225,0.08041288703680038,0.9876761436462402,,,
,,,,,,,65535.0,39000.0,90.0
321.324,-0.5832178592681885,-0.4372539222240448,0.9531207084655762,0.0005026404396630824,0.01895398460328579,1.0019570589065552,,,
,,,,,,,65535.0,39000.0,90.0
321.334,-4.633793354034424,4.3744964599609375,-0.13802722096443176,0.007205940783023834,-0.023485708981752396,0.9890120625495911,,,
,,,,,,,65535.0,39000.0,90.0
321.344,-19.21493148803711,-0.2940824329853058,-4.478239059448242,0.006954459939152002,0.03936086595058441,1.0285282135009766,,,
,,,,,,,65535.0,39000.0,90.0
321.354,-13.319794654846191,-0.5275728106498718,-0.1263943612575531,-0.017550533637404442,0.023907342925667763,1.0384923219680786,,,
,,,,,,,65535.0,39000.0,90.0
321.364,13.785462379455566,-0.314121276140213,3.596900224685669,-0.007261255290359259,-0.05575931444764137,1.00851309299469,,,
,,,,,,,65535.0,39000.0,90.0
321.374,17.988428115844727,-4.826567649841309,-1.5398269891738892,0.02035013772547245,-0.02254837565124035,0.9937552213668823,,,
,,,,,,,65535.0,39000.0,90.0
321.384,5.224778652191162,1.9039294719696045,0.4413481652736664,0.009586283005774021,0.0540449358522892,0.9769585728645325,,,
,,,,,,,65535.0,35000.0,90.0
321.394,-2.4397358894348145,1.2301377058029175,0.7116797566413879,0.006831644102931023,0.03884309157729149,0.993827223777771,,,
,,,,,,,65535.0,35000.0,90.0
321.404,-9.150146484375,0.611662745475769,-1.6262400150299072,0.007497058250010014,-0.0158075038343668,1.0112518072128296,,,
,,,,,,,65535.0,35000.0,90.0
321.414,-9.071694374084473,1.9328415393829346,-1.5235888957977295,-0.00505572184920311,-0.00863906554877758,1.0318090915679932,,,
,,,,,,,65535.0,35000.0,90.0
321.424,8.343864440917969,-4.676130294799805,-0.32559314370155334,-0.010601911693811417,-0.006767944432795048,1.0336204767227173,,,
,,,,,,,65535.0,35000.0,90.0
321.434,4.342447757720947,4.095054626464844,3.539313316345215,0.0045313057489693165,-0.0061041428707540035,0.9724289178848267,,,
,,,,,,,65535.0,35000.0,90.0
321.444,-14.7075834274292,-5.815168857574463,-6.59421968460083,0.01778048649430275,0.04134487733244896,1.01691734790802,,,
,,,,,,,65535.0,35000.0,90.0
321.454,2.4669744968414307,4.156872272491455,3.04203200340271,-0.017645295709371567,-0.0020884969271719456,0.9893807768821716,,,
,,,,,,,65535.0,35000.0,90.0
321.464,14.139461517333984,-2.799161195755005,2.281801700592041,0.00455462047830224,-0.029503703117370605,1.017418384552002,,,
,,,,,,,65535.0,32767.0,90.0
321.474,0.5111678838729858,-3.026390790939331,-4.639617443084717,0.00981065258383751,0.013082393445074558,1.014794945716858,,,
,,,,,,,65535.0,32767.0,90.0
321.484,-7.757211208343506,2.9271857738494873,2.2508795261383057,-0.009115095250308514,0.03670515492558479,1.0073983669281006,,,
,,,,,,,65535.0,32767.0,90.0
321.494,5.166276931762695,-4.448436260223389,-0.2819456458091736,0.009706731885671616,0.0013921583304181695,1.0032802820205688,,,
,,,,,,,65535.0,32767.0,90.0
321.504,-4.735662460327148,-0.4549655318260193,-1.0174572467803955,0.016185952350497246,-0.003582493169233203,0.9929585456848145,,,
,,,,,,,65535.0,32767.0,90.0
321.514,4.256850242614746,3.5849502086639404,0.8517777323722839,-0.0009514443227089942,0.006549769081175327,0.9776577353477478,,,
,,,,,,,65535.0,32767.0,90.0
321.524,-6.2241530418396,-2.5277371406555176,-0.3805603086948395,0.008542272262275219,0.03529388830065727,1.0178608894348145,,,
,,,,,,,65535.0,32767.0,90.0
321.534,-3.9463469982147217,1.0114812850952148,-0.33081355690956116,-0.0011126809986308217,-0.0049040955491364,1.0156365633010864,,,
,,,,,,,65535.0,32767.0,90.0
321.544,6.002203941345215,-0.08516141027212143,1.0017871856689453,-0.004761600401252508,-0.027225062251091003,1.0176345109939575,,,
,,,,,,,65535.0,32767.0,90.0
321.554,6.56543493270874,-3.8026740550994873,-1.2048096656799316,0.0021846184972673655,0.021112624555826187,1.0152400732040405,,,
,,,,,,,65535.0,32767.0,90.0
321.564,-5.054093360900879,0.6967244148254395,0.6180334091186523,0.0032931994646787643,0.024262873455882072,0.9943968057632446,,,
,,,,,,,65535.0,32767.0,90.0
321.574,2.750943660736084,-1.232756495475769,-0.7858840227127075,0.013419464230537415,-0.004356877412647009,0.9874375462532043,,,
,,,,,,,65535.0,32767.0,90.0
321.584,-2.8739404678344727,-0.32940006256103516,-0.8309016227722168,0.0056233773939311504,0.016020003706216812,1.0028526782989502,,,
,,,,,,,65535.0,32767.0,90.0
321.594,-3.3173036575317383,0.6768451929092407,-0.9735480546951294,-0.0017099390970543027,0.006887586787343025,1.011040210723877,,,
,,,,,,,65535.0,32767.0,90.0
321.604,2.561112880706787,-2.0934815406799316,-0.8580493927001953,0.00345270661637187,-0.01134580373764038,1.022671103477478,,,
,,,,,,,65535.0,32767.0,90.0
321.614,1.7530561685562134,-1.6016794443130493,-1.134974718093872,-0.0010638912208378315,0.0010986770503222942,1.0167949199676514,,,
,,,,,,,65535.0,32767.0,90.0
321.624,0.9501933455467224,-1.757772445678711,-0.5352410674095154,0.004761026240885258,0.006530746351927519,1.0053160190582275,,,
,,,,,,,65535.0,32767.0,90.0
321.634,1.2732130289077759,-2.0157310962677,-1.286795735359192,0.00980775523930788,0.0047630066983401775,0.9963994026184082,,,
,,,,,,,65535.0,25000.0,90.0
321.644,-1.8836987018585205,0.06289281696081161,-1.1566091775894165,0.009500300511717796,0.008787858299911022,0.9930508136749268,,,
,,,,,,,65535.0,25000.0,90.0
321.654,-0.9487664699554443,-0.5751022696495056,-1.6724014282226562,0.0034189929720014334,0.003822849364951253,1.0045729875564575,,,
,,,,,,,65535.0,25000.0,90.0
321.664,11.418462753295898,-4.21265983581543,-1.8975881338119507,0.004617961123585701,-0.0017137236427515745,1.0238417387008667,,,
,,,,,,,65535.0,25000.0,90.0
321.674,1.408149003982544,2.2451066970825195,1.3312236070632935,0.0023485601413995028,0.007902137003839016,0.9818114638328552,,,
,,,,,,,65535.0,25000.0,90.0
321.684,-21.260103225708008,-3.8483693599700928,-8.369731903076172,0.013723533600568771,0.048468731343746185,1.0182175636291504,,,
,,,,,,,65535.0,25000.0,90.0
321.694,-16.171403884887695,2.3659350872039795,-1.0782310962677002,-0.006077623460441828,0.00904466025531292,1.0215730667114258,,,
,,,,,,,65535.0,25000.0,90.0
321.704,14.61174201965332,-4.883745193481445,-0.01636407896876335,-0.007366148754954338,-0.043785661458969116,1.0273849964141846,,,
,,,,,,,65535.0,25000.0,90.0
321.714,9.729711532592773,-4.306247234344482,-1.7453460693359375,0.017681226134300232,0.001737368991598487,0.986781656742096,,,
,,,,,,,65535.0,25000.0,90.0
321.724,0.4812995493412018,1.5235105752944946,-0.8393065333366394,0.023354243487119675,0.05031107738614082,0.9723997116088867,,,
,,,,,,,65535.0,23000.0,90.0
321.734,3.4928855895996094,-3.5493288040161133,-0.3106306195259094,-0.0006451384397223592,0.022297656163573265,0.9897674322128296,,,
,,,,,,,65535.0,23000.0,90.0
321.744,-0.6357337832450867,-0.6091501116752625,-1.4323164224624634,0.018733380362391472,-8.993785013444722e-05,1.0211925506591797,,,
,,,,,,,65535.0,23000.0,90.0
321.754,-7.842017650604248,0.5079089999198914,-3.0150957107543945,0.002159374998882413,-0.009677093476057053,1.025508165359497,,,
,,,,,,,65535.0,23000.0,90.0
321.764,4.877551555633545,-4.073843002319336,-2.607905387878418,-0.004847987554967403,0.001751573639921844,1.024753451347351,,,
,,,,,,,65535.0,23000.0,90.0
321.774,0.6161365509033203,-1.6307564973831177,0.4547920823097229,0.009562542662024498,0.017573267221450806,1.000659465789795,,,
,,,,,,,65535.0,23000.0,90.0
321.784,-3.3318586349487305,-1.4535157680511475,-2.928306818008423,0.009214533492922783,0.00786731205880642,0.9862975478172302,,,
,,,,,,,65535.0,23000.0,90.0
321.794,0.040523748844861984,-1.0971826314926147,-0.18437106907367706,0.009553835727274418,0.0035082343965768814,0.9975529313087463,,,
,,,,,,,65535.0,23000.0,90.0
321.804,4.188422203063965,-0.4590977132320404,1.1712117195129395,0.010590470395982265,0.0069032516330480576,0.996673047542572,,,
,,,,,,,65535.0,22000.0,90.0
321.814,-2.4299421310424805,0.20331373810768127,-0.19160567224025726,0.011303072795271873,0.010556809604167938,0.9932647943496704,,,
,,,,,,,65535.0,22000.0,90.0
321.824,-0.42735376954078674,0.5543819665908813,1.496099829673767,0.011506792157888412,0.009089871309697628,1.008409857749939,,,
,,,,,,,65535.0,22000.0,90.0
321.834,2.9016499519348145,-2.0219221115112305,1.9739525318145752,0.00030316284392029047,0.0051057664677500725,1.018035888671875,,,
,,,,,,,65535.0,22000.0,90.0
321.844,3.820953845977783,-4.290771484375,1.116268515586853,0.003812352893874049,-0.004955654963850975,1.0319992303848267,,,
,,,,,,,65535.0,22000.0,90.0
321.854,3.8767333030700684,-5.184718608856201,1.1121526956558228,-0.0013600911479443312,-0.005200960207730532,1.0354676246643066,,,
,,,,,,,65535.0,22000.0,90.0
321.864,5.549747943878174,-8.01552677154541,-0.32607388496398926,0.0024159979075193405,0.0012619136832654476,1.0277619361877441,,,
,,,,,,,65535.0,22000.0,90.0
321.874,1.4291112422943115,-7.859398365020752,0.05406969413161278,0.012554861605167389,0.009738951921463013,1.0095127820968628,,,
,,,,,,,65535.0,22000.0,90.0
321.884,2.9990973472595215,-6.548002243041992,-0.5107865929603577,0.014532972127199173,0.011305754072964191,0.9951361417770386,,,
,,,,,,,65535.0,20000.0,90.0
321.894,2.081446647644043,-7.996780872344971,0.1487073451280594,0.023406503722071648,0.018533723428845406,0.9977704882621765,,,
,,,,,,,65535.0,20000.0,90.0
321.904,4.610162734985352,-6.585217475891113,0.5960611701011658,0.015912659466266632,0.006544169504195452,0.9917628765106201,,,
,,,,,,,65535.0,20000.0,90.0
321.914,4.834999084472656,-6.262118816375732,-0.22961388528347015,0.020075073465704918,0.00801150780171156,1.0066070556640625,,,
,,,,,,,65535.0,20000.0,90.0
321.924,5.795494079589844,-6.124950885772705,0.4881483018398285,0.021885406225919724,0.015511608682572842,1.0043859481811523,,,
,,,,,,,65535.0,20000.0,90.0
321.934,0.07287649065256119,-3.0008127689361572,0.6506527662277222,0.013843977823853493,0.021858906373381615,0.9823212623596191,,,
,,,,,,,65535.0,20000.0,90.0
321.944,-5.5008087158203125,-2.1464948654174805,-0.9780797958374023,0.031855929642915726,0.026015112176537514,0.9879537224769592,,,
,,,,,,,65535.0,20000.0,90.0
321.954,-0.7995129823684692,-1.1349678039550781,1.0837706327438354,0.021807698532938957,0.011864536441862583,0.9856576323509216,,,
,,,,,,,65535.0,20000.0,90.0
321.964,7.362158298492432,-2.0935821533203125,0.7776713967323303,0.019604165107011795,0.006901464890688658,0.9937616586685181,,,
,,,,,,,65535.0,20000.0,90.0
321.974,2.053879976272583,-1.725374460220337,0.5185794234275818,0.023341255262494087,0.014532394707202911,1.0082006454467773,,,
,,,,,,,65535.0,20000.0,90.0
321.984,3.2887840270996094,-1.9818071126937866,1.6134592294692993,0.008314833976328373,0.015415067784488201,1.020889401435852,,,
,,,,,,,65535.0,20000.0,90.0
321.994,1.459798812866211,-3.7392871379852295,1.8293675184249878,0.01361364871263504,0.01079381164163351,1.0262558460235596,,,
,,,,,,,65535.0,20000.0,90.0
322.004,-1.2406259775161743,-2.6957666873931885,0.9529642462730408,0.017512096092104912,0.005209322553128004,1.010504961013794,,,
,,,,,,,65535.0,20000.0,90.0
322.014,1.8715391159057617,-3.509721040725708,0.5720139741897583,0.02410774491727352,0.010509307496249676,1.0020211935043335,,,
,,,,,,,65535.0,20000.0,90.0
322.024,4.658325672149658,-4.466943264007568,0.9957738518714905,0.024707097560167313,0.01820782572031021,0.9967198967933655,,,
,,,,,,,65535.0,20000.0,90.0
322.034,2.6839137077331543,-3.743997097015381,0.8560487627983093,0.020865289494395256,0.019139068201184273,1.0032248497009277,,,
,,,,,,,65535.0,20000.0,90.0
322.044,2.3328752517700195,-4.738882064819336,0.7068259716033936,0.02079368755221367,0.013952648267149925,1.018259048461914,,,
,,,,,,,65535.0,20000.0,90.0
322.054,2.8553483486175537,-5.2447052001953125,0.9669413566589355,0.0195491723716259,0.01068892702460289,1.0211875438690186,,,
,,,,,,,65535.0,20000.0,90.0
322.064,0.9802051782608032,-5.046461582183838,0.5657506585121155,0.01756748929619789,0.014204999431967735,1.0109140872955322,,,
,,,,,,,65535.0,20000.0,90.0
322.074,2.429295063018799,-5.572965145111084,0.21989332139492035,0.02546803653240204,0.011741339229047298,1.0002192258834839,,,
,,,,,,,65535.0,20000.0,90.0
322.084,4.487386226654053,-6.257084846496582,1.4468780755996704,0.0322442390024662,0.02031753957271576,1.000609040260315,,,
,,,,,,,65535.0,20000.0,90.0
322.094,3.522275686264038,-6.080297946929932,1.2410112619400024,0.021523892879486084,0.02184630185365677,1.001693606376648,,,
,,,,,,,65535.0,20000.0,90.0
322.104,2.595133066177368,-6.014485836029053,1.7769283056259155,0.026327798143029213,0.01911419816315174,1.0111783742904663,,,
,,,,,,,65535.0,20000.0,90.0
322.114,2.2934746742248535,-4.945492267608643,2.3453450202941895,0.025968538597226143,0.01870094984769821,1.008691668510437,,,
,,,,,,,65535.0,20000.0,90.0
322.124,2.600649356842041,-3.6989519596099854,2.364320755004883,0.03298664465546608,0.02105640061199665,0.9930766820907593,,,
,,,,,,,65535.0,20000.0,90.0
322.134,2.7041025161743164,-3.24711275100708,2.452848434448242,0.03845875337719917,0.023670010268688202,0.9830516576766968,,,
,,,,,,,65535.0,20000.0,90.0
322.144,3.492983102798462,-2.9936609268188477,2.860496759414673,0.0351376086473465,0.025196317583322525,0.9914065003395081,,,
,,,,,,,65535.0,20000.0,90.0
322.154,2.918837070465088,-3.3619773387908936,2.891900062561035,0.030242739245295525,0.022006310522556305,1.0100406408309937,,,
,,,,,,,65535.0,20000.0,90.0
322.164,3.381727933883667,-4.248630046844482,2.6274664402008057,0.027199868112802505,0.017830098047852516,1.02200186252594,,,
,,,,,,,65535.0,20000.0,90.0
322.174,3.386012554168701,-5.65341329574585,2.574397087097168,0.026671428233385086,0.015156189911067486,1.0228196382522583,,,
,,,,,,,65535.0,20000.0,90.0
322.184,5.358950614929199,-7.426948070526123,2.3290154933929443,0.02612874284386635,0.01685021072626114,1.0205421447753906,,,
,,,,,,,65535.0,20000.0,90.0
322.194,5.6584978103637695,-8.975505828857422,2.056009531021118,0.02768625132739544,0.020518731325864792,1.0195780992507935,,,
,,,,,,,65535.0,20000.0,90.0
322.204,6.027158737182617,-10.082661628723145,1.6398802995681763,0.034049857407808304,0.019990287721157074,1.0175201892852783,,,
,,,,,,,65535.0,20000.0,90.0
322.214,5.250559329986572,-11.12724494934082,1.3189711570739746,0.033986691385507584,0.022727252915501595,1.0157392024993896,,,
,,,,,,,65535.0,20000.0,90.0
322.224,5.564419746398926,-11.911304473876953,0.7757744193077087,0.03683783859014511,0.019978603348135948,1.0121328830718994,,,
,,,,,,,65535.0,22000.0,90.0
322.234,5.8996992111206055,-11.527936935424805,0.10121920704841614,0.04497509077191353,0.01852376013994217,1.0054301023483276,,,
,,,,,,,65535.0,22000.0,90.0
322.244,6.011025428771973,-12.035118103027344,-0.7868559956550598,0.04878605902194977,0.028560787439346313,0.9955098032951355,,,
,,,,,,,65535.0,22000.0,90.0
322.254,6.392248630523682,-12.537227630615234,-0.9747482538223267,0.045549988746643066,0.03237433359026909,1.002333641052246,,,
,,,,,,,65535.0,22000.0,90.0
322.264,6.861286640167236,-14.380290031433105,-2.0872087478637695,0.03942209482192993,0.025758126750588417,1.017478108406067,,,
,,,,,,,65535.0,22000.0,90.0
322.274,7.422113418579102,-15.097938537597656,-2.258164405822754,0.04183007776737213,0.02289080247282982,1.0259819030761719,,,
,,,,,,,65535.0,22000.0,90.0
322.284,3.9463300704956055,-18.453136444091797,-3.8156442642211914,0.03781832754611969,0.024952763691544533,1.032536506652832,,,
,,,,,,,65535.0,22000.0,90.0
322.294,14.43432903289795,-17.247081756591797,-1.793398141860962,0.050886303186416626,0.02033814787864685,1.0134351253509521,,,
,,,,,,,65535.0,22000.0,90.0
322.304,7.92589807510376,-18.337324142456055,-2.1760852336883545,0.05779409781098366,0.04351114481687546,0.9925481677055359,,,
,,,,,,,65535.0,22000.0,90.0
322.314,-6.301812648773193,15.661812782287598,2.336627721786499,0.10047102719545364,0.058462195098400116,0.9257529973983765,,,
,,,,,,,65535.0,22000.0,90.0
322.324,-25.037845611572266,-14.99377155303955,-6.426607131958008,0.06736505776643753,0.05139825865626335,0.9794523119926453,,,
,,,,,,,65535.0,22000.0,90.0
322.334,3.673527956008911,-7.430990695953369,0.3324158489704132,0.06373632699251175,0.08756276220083237,0.9570501446723938,,,
,,,,,,,65535.0,22000.0,90.0
322.344,11.471039772033691,2.7314369678497314,4.8192572593688965,0.10653278231620789,0.02998225763440132,0.9145085215568542,,,
,,,,,,,65535.0,22000.0,90.0
322.354,9.762493133544922,5.323049068450928,-3.3401129245758057,0.1018100306391716,-0.01522727683186531,0.9483439922332764,,,
,,,,,,,65535.0,22000.0,90.0
322.364,7.080043792724609,3.170976161956787,0.7745031118392944,0.053514979779720306,0.060293909162282944,1.0532329082489014,,,
,,,,,,,65535.0,22000.0,90.0
322.374,-4.181799411773682,-9.17359447479248,3.652323007583618,0.000943375751376152,0.11806460469961166,1.0796525478363037,,,
,,,,,,,65535.0,22000.0,90.0
322.384,-3.075448751449585,-4.565494060516357,2.9798784255981445,0.047563958913087845,0.017026696354150772,1.0428727865219116,,,
,,,,,,,65535.0,22000.0,90.0
322.394,0.38906171917915344,0.9203996062278748,-1.026445746421814,0.09620555490255356,-0.05391400307416916,0.9995930790901184,,,
,,,,,,,65535.0,22000.0,90.0
322.404,7.519357204437256,1.779555320739746,-1.5585194826126099,0.06398598104715347,0.033136963844299316,1.0067133903503418,,,
,,,,,,,65535.0,23000.0,90.0
322.414,-5.056642055511475,-2.5713534355163574,-0.6712599396705627,0.06407062709331512,0.1101556122303009,0.97934889793396,,,
,,,,,,,65535.0,23000.0,90.0
322.424,-11.938772201538086,-2.895895004272461,0.7528089284896851,0.06048964336514473,0.07157520949840546,0.9522165656089783,,,
,,,,,,,65535.0,23000.0,90.0
322.434,4.865399360656738,0.6359809041023254,-0.8218169212341309,0.0852232500910759,0.0006906756316311657,0.9671997427940369,,,
,,,,,,,65535.0,23000.0,90.0
322.444,-1.7319921255111694,4.999418258666992,-2.247969150543213,0.08942459523677826,0.005632123444229364,0.9942469596862793,,,
,,,,,,,65535.0,23000.0,90.0
322.454,6.747683525085449,0.4425390958786011,0.21057288348674774,0.041409365832805634,0.057841066271066666,1.0481923818588257,,,
,,,,,,,65535.0,23000.0,90.0
322.464,-0.14730270206928253,-2.753648042678833,0.7261272668838501,0.03353477269411087,0.05746712163090706,1.0356435775756836,,,
,,,,,,,65535.0,23000.0,90.0
322.474,-3.2744052410125732,-3.3360824584960938,-0.06455337256193161,0.06302068382501602,0.023845333606004715,1.021811842918396,,,
,,,,,,,65535.0,23000.0,90.0
322.484,-0.17147241532802582,0.6647090911865234,-0.09928001463413239,0.06841999292373657,0.011192088946700096,0.9904077649116516,,,
,,,,,,,65535.0,25000.0,90.0
322.494,3.0774426460266113,0.40466001629829407,-0.04946732148528099,0.0673094242811203,0.04691385105252266,0.9880930185317993,,,
,,,,,,,65535.0,25000.0,90.0
322.504,-1.601115107536316,-1.0715587139129639,-0.5111204981803894,0.06665457785129547,0.06281489133834839,0.983113706111908,,,
,,,,,,,65535.0,25000.0,90.0
322.514,-2.9084689617156982,-0.1549338400363922,-0.17717058956623077,0.06731382012367249,0.04035978764295578,0.9879025220870972,,,
,,,,,,,65535.0,25000.0,90.0
322.524,-0.1785854995250702,0.5467602610588074,0.06699085235595703,0.06386995315551758,0.031074948608875275,1.0008600950241089,,,
,,,,,,,65535.0,25000.0,90.0
322.534,1.5995771884918213,0.6319371461868286,0.0700404942035675,0.06568384170532227,0.030285606160759926,1.0238637924194336,,,
,,,,,,,65535.0,25000.0,90.0
322.544,4.743532180786133,-0.11935919523239136,-0.3710741400718689,0.05521412566304207,0.031005406752228737,1.009048342704773,,,
,,,,,,,65535.0,25000.0,90.0
322.554,-2.5385310649871826,-0.01441915798932314,-0.678937554359436,0.06274861842393875,0.05498168617486954,1.0040925741195679,,,
,,,,,,,65535.0,25000.0,90.0
322.564,0.21861571073532104,-0.3782595694065094,0.5811547040939331,0.05984121561050415,0.04501977562904358,0.9966386556625366,,,
,,,,,,,65535.0,25000.0,90.0
322.574,-0.7741347551345825,-0.16825687885284424,0.3298455476760864,0.06386955827474594,0.030408304184675217,0.9942415952682495,,,
,,,,,,,65535.0,25000.0,90.0
322.584,-2.493511438369751,0.09840583056211472,-0.0036276783794164658,0.0619971826672554,0.040096841752529144,1.008084774017334,,,
,,,,,,,65535.0,25000.0,90.0
322.594,-1.477659821510315,0.1465526819229126,-0.19467736780643463,0.0655568391084671,0.035543881356716156,1.0043424367904663,,,
,,,,,,,65535.0,25000.0,90.0
322.604,1.2426152229309082,0.08616716414690018,-0.4617255628108978,0.06087365746498108,0.029105452820658684,0.9983832240104675,,,
,,,,,,,65535.0,25000.0,90.0
322.614,4.177420139312744,-0.33909690380096436,0.1325434446334839,0.06251293420791626,0.040407635271549225,1.0068747997283936,,,
,,,,,,,65535.0,25000.0,90.0
322.624,0.7082372903823853,-0.19749926030635834,-0.18554536998271942,0.061803653836250305,0.039079342037439346,1.0051547288894653,,,
,,,,,,,65535.0,25000.0,90.0
322.634,-2.2118146419525146,-0.2621619403362274,-0.2455814778804779,0.06472478061914444,0.03917081654071808,1.0023047924041748,,,
,,,,,,,65535.0,25000.0,90.0
322.644,-3.1375160217285156,0.07964922487735748,0.11456012725830078,0.0636950433254242,0.04277142137289047,0.9976704716682434,,,
,,,,,,,65535.0,25000.0,90.0
322.654,-1.2959033250808716,0.024026695638895035,0.1942053586244583,0.06192021444439888,0.035965628921985626,0.999579906463623,,,
,,,,,,,65535.0,26000.0,90.0
322.664,1.5804970264434814,-0.17274194955825806,-0.26591256260871887,0.062235668301582336,0.030851809307932854,1.0054497718811035,,,
,,,,,,,65535.0,26000.0,90.0
322.674,1.567268967628479,-0.2971084415912628,-0.03463343158364296,0.06229877471923828,0.034833330661058426,1.0024179220199585,,,
,,,,,,,65535.0,26000.0,90.0
322.684,1.3475841283798218,-0.14678896963596344,-0.1340528428554535,0.061940234154462814,0.0424213744699955,1.0019781589508057,,,
,,,,,,,65535.0,26000.0,90.0
322.694,-0.8573808670043945,0.4684004783630371,-0.15511080622673035,0.06149470806121826,0.042396482080221176,1.0025070905685425,,,
,,,,,,,65535.0,26000.0,90.0
322.704,0.18086181581020355,-0.22247038781642914,-0.19021852314472198,0.06138082221150398,0.04031018167734146,1.0035022497177124,,,
,,,,,,,65535.0,26000.0,90.0
322.714,-1.2781833410263062,-0.37083879113197327,0.10650930553674698,0.062110401690006256,0.041059695184230804,1.0058223009109497,,,
,,,,,,,65535.0,26000.0,90.0
322.724,-0.2842269241809845,0.08277647942304611,0.31419578194618225,0.06280523538589478,0.03780907019972801,1.0053834915161133,,,
,,,,,,,65535.0,26000.0,90.0
322.734,-0.3638977110385895,0.26573896408081055,-0.2051415741443634,0.0616307370364666,0.03335372731089592,1.0034468173980713,,,
,,,,,,,65535.0,28000.0,90.0
322.744,0.8125074505805969,-0.16370107233524323,-0.0931817963719368,0.06309638172388077,0.03969043865799904,1.005401372909546,,,
,,,,,,,65535.0,28000.0,90.0
322.754,0.9061441421508789,-0.396017849445343,-0.21985594928264618,0.06472146511077881,0.037997808307409286,1.0000861883163452,,,
,,,,,,,65535.0,28000.0,90.0
322.764,-2.138171434402466,0.044694721698760986,-0.04842959716916084,0.06415467709302902,0.0421890951693058,0.9995443820953369,,,
,,,,,,,65535.0,28000.0,90.0
322.774,1.2311371564865112,-0.20496360957622528,-0.2506946623325348,0.06192657724022865,0.03419105336070061,1.008894681930542,,,
,,,,,,,65535.0,28000.0,90.0
322.784,3.4409706592559814,-0.22901476919651031,-0.3885529935359955,0.06311310827732086,0.02955859899520874,0.9957260489463806,,,
,,,,,,,65535.0,28000.0,90.0
322.794,-1.6760823726654053,0.24305656552314758,-0.21712742745876312,0.062312401831150055,0.050846926867961884,1.0091779232025146,,,
,,,,,,,65535.0,28000.0,90.0
322.804,-0.2428421825170517,-0.7082194089889526,0.15372838079929352,0.06227870658040047,0.04073512554168701,1.0041930675506592,,,
,,,,,,,65535.0,28000.0,90.0
322.814,-2.8361029624938965,0.3143754005432129,-0.5496256351470947,0.06353873014450073,0.03054155595600605,1.0006144046783447,,,
,,,,,,,65535.0,28000.0,90.0
322.824,0.8641741871833801,-0.6047487854957581,-0.10903868824243546,0.06131437420845032,0.040870971977710724,1.007002353668213,,,
,,,,,,,65535.0,30000.0,90.0
322.834,0.5006087422370911,0.24655595421791077,-0.003974242601543665,0.06459205597639084,0.035401035100221634,0.9978482127189636,,,
,,,,,,,65535.0,30000.0,90.0
322.844,1.120827555656433,-0.19595304131507874,-0.3749300539493561,0.06420590728521347,0.038608353585004807,1.0007102489471436,,,
,,,,,,,65535.0,30000.0,90.0
322.854,1.0884168148040771,-0.22304143011569977,-0.07195235043764114,0.06399998068809509,0.04073767364025116,1.0014218091964722,,,
,,,,,,,65535.0,30000.0,90.0
322.864,-3.4496066570281982,0.057653527706861496,-0.2425142526626587,0.06423734873533249,0.04193617403507233,0.9996290802955627,,,
,,,,,,,65535.0,30000.0,90.0
322.874,2.149021863937378,0.08433455973863602,-0.0556778758764267,0.06378626078367233,0.03259369730949402,1.0059325695037842,,,
,,,,,,,65535.0,30000.0,90.0
322.884,0.42836955189704895,0.16571113467216492,-0.2730166018009186,0.06240808218717575,0.035923026502132416,0.9947060346603394,,,
,,,,,,,65535.0,30000.0,90.0
322.894,0.9380897283554077,-0.48696476221084595,0.2121543437242508,0.06241365522146225,0.043932829052209854,1.0077725648880005,,,
,,,,,,,65535.0,30000.0,90.0
322.904,-0.021010400727391243,-0.0142406290397048,0.14023621380329132,0.06474242359399796,0.034684862941503525,1.0005699396133423,,,
,,,,,,,65535.0,32767.0,90.0
322.914,-1.6018718481063843,0.18593643605709076,-0.35916462540626526,0.06280111521482468,0.03815903142094612,1.0025612115859985,,,
,,,,,,,65535.0,32767.0,90.0
322.924,0.165345698595047,-0.3573324382305145,0.22234095633029938,0.06277148425579071,0.04229043051600456,1.0025466680526733,,,
,,,,,,,65535.0,32767.0,90.0
322.934,-1.8568633794784546,0.007652670610696077,-0.3407582640647888,0.06493081152439117,0.032459814101457596,1.000454306602478,,,
,,,,,,,65535.0,32767.0,90.0
322.944,-1.6259180307388306,0.1530904620885849,0.11664152890443802,0.06605903059244156,0.03943851217627525,1.0081359148025513,,,
,,,,,,,65535.0,32767.0,90.0
322.954,1.582098364830017,-0.5815233588218689,-0.10535081475973129,0.06306015700101852,0.03080448880791664,1.0145920515060425,,,
,,,,,,,65535.0,32767.0,90.0
322.964,8.943790435791016,-0.7837046980857849,-0.3876687288284302,0.06734247505664825,0.022888001054525375,0.9926344156265259,,,
,,,,,,,65535.0,32767.0,90.0
322.974,-4.5113043785095215,0.28490012884140015,-0.8495883941650391,0.06485269963741302,0.06189928576350212,1.0000040531158447,,,
,,,,,,,65535.0,32767.0,90.0
322.984,0.6085657477378845,-0.5288519859313965,0.8324130177497864,0.06207733601331711,0.04654810577630997,1.002898097038269,,,
,,,,,,,65535.0,32767.0,90.0
322.994,-6.095512390136719,0.7372874617576599,-0.47313252091407776,0.06584673374891281,0.0288718119263649,1.0026969909667969,,,
,,,,,,,65535.0,32767.0,90.0
323.004,1.277563214302063,-1.0093971490859985,0.3704147934913635,0.061643462628126144,0.03860114887356758,1.0142412185668945,,,
,,,,,,,65535.0,32767.0,90.0
323.014,-0.5825372934341431,-0.21794217824935913,-0.23354355990886688,0.06372812390327454,0.03883746638894081,0.9999027252197266,,,
,,,,,,,65535.0,32767.0,90.0
323.024,3.4861631393432617,0.025900419801473618,-0.23000885546207428,0.0632786825299263,0.03305305168032646,0.9952653050422668,,,
,,,,,,,65535.0,32767.0,90.0
323.034,1.8236291408538818,0.08972499519586563,0.012253348715603352,0.06309597194194794,0.04564826935529709,1.0027170181274414,,,
,,,,,,,65535.0,32767.0,90.0
323.044,-1.2626854181289673,-0.19999587535858154,-0.3151991665363312,0.06374679505825043,0.04266249015927315,1.0075013637542725,,,
,,,,,,,65535.0,32767.0,90.0
323.054,-1.510616660118103,-0.043506260961294174,-0.027060771360993385,0.06398645788431168,0.03485710918903351,1.0044928789138794,,,
,,,,,,,65535.0,32767.0,90.0
323.064,-1.294600248336792,-0.03738320991396904,0.11359566450119019,0.06426364928483963,0.039259474724531174,1.002471923828125,,,
,,,,,,,65535.0,32767.0,90.0
323.074,-0.9054242968559265,0.18579421937465668,0.22681935131549835,0.06504368782043457,0.04010869190096855,1.0038907527923584,,,
,,,,,,,65535.0,37000.0,90.0
323.084,1.3786731958389282,-0.2077716737985611,-0.1152210459113121,0.0636843591928482,0.03239481896162033,1.0027167797088623,,,
,,,,,,,65535.0,37000.0,90.0
323.094,1.234373688697815,0.10252813994884491,-0.10074055194854736,0.06447004526853561,0.037020593881607056,1.0049735307693481,,,
,,,,,,,65535.0,37000.0,90.0
323.104,-4.4101996421813965,0.6333440542221069,0.4792059659957886,0.06574934720993042,0.048730313777923584,1.0023064613342285,,,
,,,,,,,65535.0,37000.0,90.0
323.114,-3.390514612197876,-0.9798276424407959,-0.502583384513855,0.061016663908958435,0.0349467433989048,1.0228641033172607,,,
,,,,,,,65535.0,37000.0,90.0
323.124,17.079307556152344,-0.9829325675964355,-0.5849358439445496,0.05737128481268883,0.0027115982957184315,0.986314058303833,,,
,,,,,,,65535.0,37000.0,90.0
323.134,-2.608278751373291,1.345929503440857,1.4414530992507935,0.08131960779428482,0.07141808420419693,0.9913496971130371,,,
,,,,,,,65535.0,37000.0,90.0
323.144,-4.530182361602783,-0.6259729266166687,-0.06926585733890533,0.0583810992538929,0.065796859562397,1.0096856355667114,,,
,,,,,,,65535.0,37000.0,90.0
323.154,-2.906118392944336,0.20929159224033356,-0.16161583364009857,0.06524071097373962,0.00979357399046421,1.002186894416809,,,
,,,,,,,65535.0,37000.0,90.0
323.164,-1.7488683462142944,0.3782060444355011,-0.19546805322170258,0.058518946170806885,0.032706327736377716,1.0217392444610596,,,
,,,,,,,65535.0,37000.0,90.0
323.174,2.7192623615264893,-1.342953085899353,0.23900645971298218,0.06133848428726196,0.047452662140131,1.0052367448806763,,,
,,,,,,,65535.0,37000.0,90.0
323.184,-2.6786282062530518,-0.0011228544171899557,-0.7600664496421814,0.06628356873989105,0.03809848055243492,0.9869526624679565,,,
,,,,,,,65535.0,37000.0,90.0
323.194,6.0084404945373535,-0.34794819355010986,0.13264405727386475,0.061045337468385696,0.03592571243643761,0.9947245121002197,,,
,,,,,,,65535.0,37000.0,90.0
323.204,-2.025078058242798,0.48379433155059814,-0.1612425595521927,0.0597761832177639,0.04454327002167702,1.009178638458252,,,
,,,,,,,65535.0,37000.0,90.0
323.214,1.1625349521636963,-0.6957539916038513,0.04320985823869705,0.0618194155395031,0.032040566205978394,1.0138530731201172,,,
,,,,,,,65535.0,37000.0,90.0
323.224,-3.995739698410034,-0.16041405498981476,-0.3217037618160248,0.0630154013633728,0.0344679094851017,1.001112461090088,,,
,,,,,,,65535.0,37000.0,90.0
323.234,-1.5949944257736206,0.2823328673839569,0.3869907855987549,0.06258846074342728,0.040181439369916916,1.000011920928955,,,
,,,,,,,65535.0,37000.0,90.0
323.244,0.9972552061080933,-0.27458426356315613,-0.0016898324247449636,0.06337440758943558,0.0336950421333313,0.9965840578079224,,,
,,,,,,,65535.0,37000.0,90.0
323.254,0.961121141910553,0.14867748320102692,-0.4780789911746979,0.06338056921958923,0.03389608487486839,1.006700038909912,,,
,,,,,,,65535.0,37000.0,90.0
323.264,2.5261423587799072,-0.5526248216629028,0.048972535878419876,0.06023557856678963,0.04037230461835861,1.0077937841415405,,,
,,,,,,,65535.0,37000.0,90.0
323.274,-0.9252009391784668,-0.23266470432281494,-0.05827726423740387,0.06326798349618912,0.040758583694696426,1.0004078149795532,,,
,,,,,,,65535.0,37000.0,90.0
323.284,-0.4506435692310333,-0.04052296280860901,-0.06377927958965302,0.0627712830901146,0.04214067757129669,0.9989871978759766,,,
,,,,,,,65535.0,37000.0,90.0
323.294,-2.2108254432678223,0.5851122736930847,-0.10419246554374695,0.06139291822910309,0.039222653955221176,1.002089500427246,,,
,,,,,,,65535.0,37000.0,90.0
323.304,-0.2504386007785797,-0.1671617180109024,0.19999848306179047,0.062166303396224976,0.03324245661497116,1.0061668157577515,,,
,,,,,,,65535.0,37000.0,90.0
323.314,0.35496270656585693,-0.35193556547164917,-0.3520318269729614,0.06233029440045357,0.03693724051117897,1.0035862922668457,,,
,,,,,,,65535.0,37000.0,90.0
323.324,1.589450716972351,0.0793524757027626,0.3758853077888489,0.06302759051322937,0.03632975369691849,1.0005649328231812,,,
,,,,,,,65535.0,37000.0,90.0
323.334,0.7206981778144836,-0.24530786275863647,-0.12294024229049683,0.0621071420609951,0.038341421633958817,1.0018705129623413,,,
,,,,,,,65535.0,32767.0,90.0
323.344,-0.4416925609111786,-0.11721912771463394,-0.3467923700809479,0.061772674322128296,0.04187846928834915,1.0036094188690186,,,
,,,,,,,60000.0,32767.0,90.0
323.354,-2.108963966369629,0.018946276977658272,0.19216634333133698,0.06760361045598984,0.04071984812617302,1.0057036876678467,,,
,,,,,,,60000.0,32767.0,90.0
323.364,0.14879736304283142,-0.9717488288879395,0.8108323216438293,0.06496357172727585,0.03662336990237236,1.0094350576400757,,,
,,,,,,,60000.0,32767.0,90.0
323.374,10.593473434448242,2.0531373023986816,0.9469925761222839,0.06854114681482315,0.028965044766664505,0.9907748103141785,,,
,,,,,,,60000.0,32767.0,90.0
323.384,-11.180452346801758,0.8907458186149597,-0.789414644241333,0.06779959797859192,0.06756798923015594,0.9968181848526001,,,
,,,,,,,60000.0,32767.0,90.0
323.394,-17.849855422973633,0.2652212679386139,0.9846465587615967,0.05070504918694496,0.05051928758621216,1.0399545431137085,,,
,,,,,,,60000.0,32767.0,90.0
323.404,14.464430809020996,-3.1228489875793457,0.8399496674537659,0.05581946298480034,-0.02307238057255745,1.0097644329071045,,,
,,,,,,,60000.0,32767.0,90.0
323.414,2.003960132598877,0.23264332115650177,-1.9407753944396973,0.07103898376226425,0.02311546914279461,0.9826680421829224,,,
,,,,,,,60000.0,32767.0,90.0
323.424,9.640542030334473,-0.3317638635635376,0.5887938737869263,0.06758639961481094,0.07914233952760696,0.9842408299446106,,,
,,,,,,,46000.0,32767.0,90.0
323.434,-7.476771354675293,1.3886480331420898,-0.7140284776687622,0.07019173353910446,0.05506917089223862,0.983305037021637,,,
,,,,,,,46000.0,32767.0,90.0
323.444,-0.9772666096687317,0.4612082839012146,0.5506024360656738,0.06530573964118958,0.021486647427082062,1.0203624963760376,,,
,,,,,,,46000.0,32767.0,90.0
323.454,-1.3458726406097412,-0.30138057470321655,-0.07306351512670517,0.06007232889533043,0.031840331852436066,1.0226123332977295,,,
,,,,,,,46000.0,32767.0,90.0
323.464,-1.023065447807312,-3.81583833694458,0.8192487359046936,0.06279466301202774,0.039354607462882996,0.9970511198043823,,,
,,,,,,,46000.0,32767.0,90.0
323.474,1.4282872676849365,-0.27386653423309326,0.2871380150318146,0.0727451890707016,0.04044399783015251,0.9845796227455139,,,
,,,,,,,46000.0,32767.0,90.0
323.484,3.4144418239593506,6.12367057800293,-1.3561336994171143,0.08508389443159103,0.03009837679564953,0.9964385628700256,,,
,,,,,,,46000.0,32767.0,90.0
323.494,-3.5430562496185303,-3.7397263050079346,-0.7271509170532227,0.044217754155397415,0.04942215234041214,1.0307694673538208,,,
,,,,,,,46000.0,32767.0,90.0
323.504,-9.25947380065918,-2.1379432678222656,1.2367690801620483,0.0603029727935791,0.0505831204354763,1.0191441774368286,,,
,,,,,,,32767.0,32767.0,90.0
323.514,-3.2856380939483643,-0.461403489112854,0.16772079467773438,0.0594230592250824,0.02027462050318718,0.979982316493988,,,
,,,,,,,32767.0,32767.0,90.0
323.524,14.142014503479004,-2.1200809478759766,-0.06114897131919861,0.06884144246578217,0.01949661783874035,0.9802577495574951,,,
,,,,,,,32767.0,32767.0,90.0
323.534,-0.6521549224853516,1.7954686880111694,-0.8370355367660522,0.08131435513496399,0.043510232120752335,0.9890044331550598,,,
,,,,,,,32767.0,32767.0,90.0
323.544,0.8534005880355835,1.0971896648406982,-1.208765983581543,0.055742356926202774,0.052572187036275864,1.01247239112854,,,
,,,,,,,32767.0,32767.0,90.0
323.554,-5.320802211761475,-2.7387688159942627,1.3984086513519287,0.08020535856485367,0.03536991402506828,1.0163357257843018,,,
,,,,,,,32767.0,32767.0,90.0
323.564,-1.4965624809265137,0.8930119872093201,0.5775457620620728,0.0500543937087059,0.03474733233451843,1.0084311962127686,,,
,,,,,,,32767.0,32767.0,90.0
323.574,-4.6855149269104,0.7113276124000549,-0.46413516998291016,0.06502050906419754,0.029558701440691948,1.016822338104248,,,
,,,,,,,32767.0,32767.0,90.0
323.584,2.6094753742218018,-2.4701545238494873,-0.4431305527687073,0.05836797505617142,0.03339497745037079,1.0107159614562988,,,
,,,,,,,32767.0,29000.0,90.0
323.594,2.25586199760437,-1.8771626949310303,-0.2718629240989685,0.05573030933737755,0.04618057236075401,0.9775452613830566,,,
,,,,,,,32767.0,29000.0,90.0
323.604,6.665510177612305,-1.086864948272705,-0.025901159271597862,0.08772887289524078,0.03966839984059334,0.9819715023040771,,,
,,,,,,,32767.0,29000.0,90.0
323.614,4.206514835357666,3.4450647830963135,2.309504985809326,0.07800638675689697,0.04208380728960037,0.9718916416168213,,,
,,,,,,,32767.0,29000.0,90.0
323.624,-15.041586875915527,2.1817731857299805,-1.1244416236877441,0.053067270666360855,0.06392847001552582,1.0281068086624146,,,
,,,,,,,32767.0,29000.0,90.0
323.634,-1.1540430784225464,-1.495336890220642,0.49178269505500793,0.04398355260491371,0.014449824579060078,1.0505419969558716,,,
,,,,,,,32767.0,29000.0,90.0
323.644,0.7350407242774963,-1.1017775535583496,-0.844763994216919,0.05382848158478737,0.0015646195970475674,1.0228888988494873,,,
,,,,,,,32767.0,29000.0,90.0
323.654,8.405139923095703,-2.192824363708496,-0.11870846897363663,0.06332728266716003,0.05255373939871788,0.9917207360267639,,,
,,,,,,,32767.0,29000.0,90.0
323.664,0.537641167640686,-1.4248250722885132,-0.27936410903930664,0.08284762501716614,0.06445096433162689,0.9625415205955505,,,
,,,,,,,32767.0,29000.0,90.0
323.674,-1.771798849105835,1.584602952003479,-0.03537467494606972,0.0759565457701683,0.04402215778827667,0.9711623191833496,,,
,,,,,,,32767.0,29000.0,90.0
323.684,-2.514951467514038,1.806780219078064,-0.05471319705247879,0.06632266938686371,0.03470350801944733,1.0104222297668457,,,
,,,,,,,32767.0,29000.0,90.0
323.694,-3.1426212787628174,0.2808828055858612,-0.07427368313074112,0.044177498668432236,0.02741807885468006,1.035519003868103,,,
,,,,,,,32767.0,29000.0,90.0
323.704,1.4715588092803955,-1.3593488931655884,0.39183852076530457,0.056394483894109726,0.024069063365459442,1.0316426753997803,,,
,,,,,,,32767.0,29000.0,90.0
323.714,1.3054146766662598,-1.9712555408477783,-0.9322828054428101,0.05107017233967781,0.02491704933345318,0.9830195307731628,,,
,,,,,,,32767.0,29000.0,90.0
323.724,2.843553066253662,0.3846774399280548,-0.3679892420768738,0.09243063628673553,0.051256079226732254,0.9869116544723511,,,
,,,,,,,32767.0,29000.0,90.0
323.734,-1.605505347251892,-0.1414775550365448,0.23782207071781158,0.0639638751745224,0.049458470195531845,0.9901759624481201,,,
,,,,,,,32767.0,29000.0,90.0
323.744,-0.691290557384491,1.2085576057434082,-0.44189295172691345,0.06597040593624115,0.01752067357301712,1.0049165487289429,,,
,,,,,,,32767.0,29000.0,90.0
323.754,-0.6084810495376587,0.2308453917503357,-0.09382058680057526,0.052532944828271866,0.0386677011847496,1.0186679363250732,,,
,,,,,,,32767.0,29000.0,90.0
323.764,-1.6742451190948486,-1.1422712802886963,0.1753474920988083,0.06222105771303177,0.0477176234126091,1.0132107734680176,,,
,,,,,,,32767.0,29000.0,90.0
323.774,1.4367563724517822,-0.5474186539649963,0.1816398799419403,0.06356173008680344,0.025630347430706024,0.9866883158683777,,,
,,,,,,,32767.0,29000.0,90.0
323.784,1.6238582134246826,0.4675397574901581,-0.18941780924797058,0.07222016900777817,0.04488284885883331,0.9940550327301025,,,
,,,,,,,32767.0,29000.0,90.0
323.794,-0.9678937792778015,-0.3362465798854828,-0.11830198019742966,0.06481757014989853,0.05229935795068741,1.0053915977478027,,,
,,,,,,,32767.0,29000.0,90.0
323.804,0.05900583416223526,0.002675892086699605,-0.22385647892951965,0.06397414207458496,0.028727378696203232,1.004811406135559,,,
,,,,,,,32767.0,29000.0,90.0
323.814,-0.11724217236042023,-0.4813821613788605,-0.4304892420768738,0.05768143758177757,0.030301136896014214,1.0036718845367432,,,
,,,,,,,32767.0,29000.0,90.0
323.824,-0.5359690189361572,0.547074556350708,0.46168360114097595,0.06569875031709671,0.05221449211239815,1.0096343755722046,,,
,,,,,,,32767.0,29000.0,90.0
323.834,-1.4508007764816284,-1.3352179527282715,0.029225265607237816,0.05913061276078224,0.031672727316617966,0.9958997368812561,,,
,,,,,,,32767.0,32767.0,90.0
323.844,1.7554168701171875,1.1955844163894653,-0.4130271375179291,0.06806835532188416,0.03133685141801834,0.9947775602340698,,,
,,,,,,,32767.0,32767.0,90.0
323.854,0.3745425045490265,-0.6446293592453003,0.49970659613609314,0.05980583280324936,0.05398160219192505,1.0127854347229004,,,
,,,,,,,32767.0,32767.0,90.0
323.864,-1.5711315870285034,-0.11589618027210236,-0.06418256461620331,0.06762170791625977,0.027623452246189117,1.0013961791992188,,,
,,,,,,,32767.0,32767.0,90.0
323.874,-5.324055194854736,-0.07694027572870255,0.18502867221832275,0.06753315776586533,0.03698985278606415,1.0072883367538452,,,
,,,,,,,32767.0,32767.0,90.0
323.884,7.531344413757324,-1.0698169469833374,-0.44449928402900696,0.057175781577825546,0.030933309346437454,1.0145121812820435,,,
,,,,,,,32767.0,32767.0,90.0
323.894,7.1309733390808105,0.022113006561994553,0.06298017501831055,0.06795384734869003,0.0286016296595335,0.9775709509849548,,,
,,,,,,,32767.0,32767.0,90.0
323.904,-7.213797569274902,1.08968186378479,-0.557654082775116,0.06404720991849899,0.07032068073749542,1.0089555978775024,,,
,,,,,,,32767.0,32767.0,90.0
323.914,1.7403563261032104,-0.8481950163841248,1.2037320137023926,0.062149666249752045,0.03607984259724617,1.0086544752120972,,,
,,,,,,,32767.0,32767.0,90.0
323.924,-10.393997192382812,0.8036862015724182,-0.9237349629402161,0.06365785747766495,0.017651468515396118,1.0049693584442139,,,
,,,,,,,32767.0,32767.0,90.0
323.934,6.154523849487305,-1.1132986545562744,0.8573328256607056,0.06381239742040634,0.03680523857474327,1.012110948562622,,,
,,,,,,,32767.0,32767.0,90.0
323.944,-1.7680150270462036,-0.13183802366256714,-0.7534885406494141,0.06381084024906158,0.04006597027182579,0.9920415282249451,,,
,,,,,,,32767.0,32767.0,90.0
323.954,4.921749591827393,-0.24812814593315125,0.14789146184921265,0.06475125253200531,0.04088795930147171,0.9977928400039673,,,
,,,,,,,32767.0,32767.0,90.0
323.964,0.2884044647216797,0.0986989289522171,-0.5629808902740479,0.06268010288476944,0.04460989683866501,1.0006052255630493,,,
,,,,,,,32767.0,32767.0,90.0
323.974,-1.3945953845977783,-0.0910111516714096,0.13022340834140778,0.062390971928834915,0.045302797108888626,1.0109375715255737,,,
,,,,,,,32767.0,32767.0,90.0
323.984,-1.8614778518676758,-0.23584678769111633,-0.03247656673192978,0.06375772505998611,0.0350811630487442,1.0054041147232056,,,
,,,,,,,32767.0,32767.0,90.0
323.994,-2.112733840942383,0.15065203607082367,-0.12703461945056915,0.06338218599557877,0.03820149600505829,0.9981594681739807,,,
,,,,,,,32767.0,32767.0,90.0
324.004,1.0052154064178467,-0.21621651947498322,0.11318028718233109,0.06541524827480316,0.03994916379451752,1.0008224248886108,,,
,,,,,,,32767.0,32767.0,90.0
324.014,1.1524704694747925,-0.4193843603134155,0.015480682253837585,0.06324076652526855,0.028712129220366478,1.0010277032852173,,,
,,,,,,,32767.0,32767.0,90.0
324.024,1.9409756660461426,-0.20339442789554596,-0.6759946346282959,0.06016668677330017,0.03253769502043724,1.006165623664856,,,
,,,,,,,32767.0,32767.0,90.0
324.034,0.24756385385990143,-0.17182806134223938,0.09421957284212112,0.060508616268634796,0.04439660161733627,1.0019383430480957,,,
,,,,,,,32767.0,32767.0,90.0
324.044,-1.1020638942718506,0.1272655874490738,0.10474514961242676,0.06152316927909851,0.03719013184309006,1.0013582706451416,,,
,,,,,,,32767.0,32767.0,90.0
324.054,-1.718708872795105,-0.059482112526893616,-0.07898516952991486,0.05998445302248001,0.03703877329826355,1.0024847984313965,,,
,,,,,,,32767.0,32767.0,90.0
324.064,-1.2495237588882446,-0.33438926935195923,-0.11166605353355408,0.06303997337818146,0.03829628601670265,1.0058064460754395,,,
,,,,,,,32767.0,32767.0,90.0
324.074,1.1804171800613403,0.08570464700460434,0.053585607558488846,0.06283401697874069,0.03542028367519379,1.0037795305252075,,,
,,,,,,,32767.0,32767.0,90.0
324.084,1.9470173120498657,-0.2902984917163849,-0.09225080907344818,0.06180864945054054,0.04095923528075218,1.0025449991226196,,,
,,,,,,,32767.0,32767.0,90.0
324.094,0.002951818285509944,-0.024499470368027687,0.010444351471960545,0.05893690139055252,0.04608631506562233,1.0050582885742188,,,
,,,,,,,32767.0,32767.0,90.0
324.104,-0.6136671900749207,-0.35644716024398804,-0.2791628837585449,0.06427335739135742,0.035392727702856064,0.9983875155448914,,,
,,,,,,,32767.0,32767.0,90.0
324.114,-1.3262525796890259,0.5729648470878601,-0.1828673928976059,0.06496329605579376,0.0380222462117672,1.000443458557129,,,
,,,,,,,32767.0,32767.0,90.0
324.124,-1.0645679235458374,-0.30119621753692627,-0.018770437687635422,0.06214475631713867,0.039828959852457047,1.0093013048171997,,,
,,,,,,,32767.0,32767.0,90.0
324.134,-0.40130507946014404,-0.3431757986545563,0.07067155092954636,0.0651477798819542,0.026474276557564735,1.0039831399917603,,,
,,,,,,,32767.0,32767.0,90.0
324.144,2.185969591140747,-0.2152557522058487,-0.08902736753225327,0.06444263458251953,0.0339684896171093,1.002785325050354,,,
,,,,,,,32767.0,32767.0,90.0
324.154,0.44280555844306946,-0.5399734377861023,0.005140415392816067,0.06268097460269928,0.043936945497989655,1.0038959980010986,,,
,,,,,,,32767.0,32767.0,90.0
324.164,-0.14304287731647491,0.16043753921985626,-0.14790602028369904,0.06140461564064026,0.03477486968040466,0.9993274807929993,,,
,,,,,,,32767.0,32767.0,90.0
324.174,-0.7481201887130737,0.1823602020740509,-0.41123583912849426,0.06084465980529785,0.0356154628098011,1.0023605823516846,,,
,,,,,,,32767.0,32767.0,90.0
324.184,-1.2731775045394897,-0.031045561656355858,0.15403597056865692,0.06283291429281235,0.03980536013841629,1.0061067342758179,,,
,,,,,,,32767.0,32767.0,90.0
324.194,-0.09204460680484772,-0.18685179948806763,0.10303791612386703,0.06416495144367218,0.031239209696650505,1.0016309022903442,,,
,,,,,,,32767.0,32767.0,90.0
324.204,0.6750727295875549,0.024423692375421524,-0.12554305791854858,0.06171146780252457,0.03498748317360878,1.0059025287628174,,,
,,,,,,,32767.0,32767.0,90.0
324.214,0.759294331073761,-0.12881430983543396,-0.015478178858757019,0.0594974160194397,0.0400015152990818,1.006624460220337,,,
,,,,,,,32767.0,32767.0,90.0
324.224,0.18659120798110962,-0.2535027861595154,0.1219712495803833,0.06148802116513252,0.035308267921209335,1.0027259588241577,,,
,,,,,,,32767.0,32767.0,90.0
324.234,-0.36155521869659424,0.08377806097269058,-0.09996352344751358,0.0627497211098671,0.038947977125644684,1.003643274307251,,,
,,,,,,,32767.0,32767.0,90.0
324.244,-1.221547245979309,-0.1793113648891449,-0.03056934103369713,0.0633174404501915,0.04101854935288429,1.0038849115371704,,,
,,,,,,,32767.0,32767.0,90.0
324.254,-0.19905753433704376,0.03414794057607651,-0.057192362844944,0.06347939372062683,0.03505599871277809,1.001384973526001,,,
,,,,,,,32767.0,32767.0,90.0
324.264,0.3530234694480896,0.1532238870859146,-0.17164087295532227,0.0630931705236435,0.038686610758304596,1.001466989517212,,,
,,,,,,,32767.0,32767.0,90.0
324.274,0.800563633441925,-0.32947975397109985,-0.08118250966072083,0.06385130435228348,0.04125303775072098,1.0045363903045654,,,
,,,,,,,32767.0,32767.0,90.0
324.284,0.5354077816009521,-0.208378866314888,0.0211200974881649,0.0633476972579956,0.04007931798696518,1.001426100730896,,,
,,,,,,,32767.0,32767.0,90.0
324.294,-0.2637924551963806,-0.04715016856789589,-0.01920105516910553,0.06341220438480377,0.040531471371650696,1.001754641532898,,,
,,,,,,,32767.0,32767.0,90.0
324.304,-1.1149396896362305,0.12797361612319946,0.06833453476428986,0.06481510400772095,0.0399896502494812,1.0034096240997314,,,
,,,,,,,32767.0,32767.0,90.0
324.314,-0.5800002813339233,0.23893047869205475,-0.08076188713312149,0.06592585146427155,0.034744322299957275,1.0046747922897339,,,
,,,,,,,32767.0,32767.0,90.0
324.324,0.1858007311820984,-0.20122791826725006,0.00872280728071928,0.06409910321235657,0.03197462856769562,1.0030118227005005,,,
,,,,,,,32767.0,32767.0,90.0
324.334,0.8889278769493103,-0.14519746601581573,0.013498462736606598,0.060784053057432175,0.038816630840301514,1.004904866218567,,,
,,,,,,,32767.0,32767.0,90.0
324.344,0.4219227731227875,0.06050744652748108,0.1510935127735138,0.06215807422995567,0.037040580064058304,1.0022794008255005,,,
,,,,,,,32767.0,32767.0,90.0
324.354,0.08782301843166351,0.18160414695739746,-0.15914426743984222,0.0625687688589096,0.03265252336859703,1.000927448272705,,,
,,,,,,,32767.0,32767.0,90.0
324.364,-0.33283963799476624,-0.19645331799983978,0.14764732122421265,0.06279273331165314,0.041357312351465225,1.0037506818771362,,,
,,,,,,,32767.0,32767.0,90.0
324.374,-1.0816291570663452,-0.1481548249721527,-0.0734935998916626,0.06369472295045853,0.035823047161102295,1.0051305294036865,,,
,,,,,,,32767.0,32767.0,90.0
324.384,0.48203757405281067,0.20616720616817474,-0.2268693596124649,0.0634656697511673,0.03153130039572716,0.9990361332893372,,,
,,,,,,,32767.0,32767.0,90.0
324.394,0.2842056453227997,-0.2907642722129822,0.03194236382842064,0.06396554410457611,0.03916970267891884,1.0047305822372437,,,
,,,,,,,32767.0,32767.0,90.0
324.404,0.1486145555973053,-0.4993647038936615,-0.025914063677191734,0.06211613491177559,0.03494559973478317,1.0024491548538208,,,
,,,,,,,32767.0,32767.0,90.0
324.414,0.35744738578796387,0.012301399372518063,-0.37016209959983826,0.06197523698210716,0.033832550048828125,0.997382640838623,,,
,,,,,,,32767.0,32767.0,90.0
324.424,-0.4155918061733246,0.04590475559234619,0.11146824061870575,0.063136026263237,0.041080355644226074,1.0043166875839233,,,
,,,,,,,32767.0,32767.0,90.0
324.434,-0.6881322860717773,-0.16816121339797974,0.22406604886054993,0.06465107947587967,0.0336887426674366,1.0022947788238525,,,
,,,,,,,32767.0,32767.0,90.0
324.444,-0.1796821653842926,-0.289844274520874,0.0072480784729123116,0.06522568315267563,0.03486695885658264,0.9985629320144653,,,
,,,,,,,32767.0,32767.0,90.0
324.454,0.15262803435325623,-0.16856685280799866,0.041230324655771255,0.066502146422863,0.04411465674638748,1.0066955089569092,,,
,,,,,,,32767.0,32767.0,90.0
324.464,0.5041362047195435,-0.18710142374038696,-0.05460599064826965,0.06476535648107529,0.03645620122551918,1.0037258863449097,,,
,,,,,,,32767.0,32767.0,90.0
324.474,0.5886222720146179,-0.2470003366470337,-0.07943493872880936,0.06285547465085983,0.03656934201717377,1.000836968421936,,,
,,,,,,,32767.0,32767.0,90.0
324.484,-0.39929911494255066,0.42384639382362366,0.13916927576065063,0.06145763024687767,0.04388417303562164,1.0042924880981445,,,
,,,,,,,32767.0,32767.0,90.0
324.494,-0.5826471447944641,0.1673540323972702,-0.04660893604159355,0.06151736155152321,0.03565438836812973,1.0035291910171509,,,
,,,,,,,32767.0,32767.0,90.0
324.504,-0.304856538772583,-0.2641823887825012,-0.14967072010040283,0.06422770023345947,0.03442095220088959,1.0042643547058105,,,
,,,,,,,32767.0,32767.0,90.0
324.514,0.043482303619384766,0.31247425079345703,0.08577455580234528,0.06395259499549866,0.03688064217567444,1.002966046333313,,,
,,,,,,,32767.0,32767.0,90.0
324.524,0.4912455081939697,-0.2546049654483795,0.1651984006166458,0.06209539994597435,0.032462526112794876,1.0004862546920776,,,
,,,,,,,32767.0,32767.0,90.0
324.534,0.237806499004364,-0.06097298115491867,-0.1558939516544342,0.06325410306453705,0.03261609748005867,1.0015310049057007,,,
,,,,,,,32767.0,32767.0,90.0
324.544,-0.16394101083278656,-0.24373409152030945,-0.15906758606433868,0.06180882081389427,0.03867993503808975,1.0024868249893188,,,
,,,,,,,32767.0,32767.0,90.0
324.554,-0.2882274091243744,0.02208811789751053,-0.10117540508508682,0.06216517090797424,0.03497365117073059,1.0024199485778809,,,
,,,,,,,32767.0,32767.0,90.0
324.564,-0.34116560220718384,-0.04489516466856003,-0.3593161404132843,0.06336413323879242,0.03653879463672638,1.001853585243225,,,
,,,,,,,32767.0,32767.0,90.0
324.574,-0.09820505976676941,0.020019549876451492,-0.2155025750398636,0.061958201229572296,0.040074460208415985,1.0017454624176025,,,
,,,,,,,32767.0,32767.0,90.0
324.584,-0.031149661168456078,-0.02412598207592964,0.18798057734966278,0.06259887665510178,0.035720642656087875,1.0037161111831665,,,
,,,,,,,32767.0,32767.0,90.0
324.594,0.42203885316848755,-0.029189683496952057,-0.17389649152755737,0.06290341913700104,0.035622723400592804,1.0023008584976196,,,
,,,,,,,32767.0,32767.0,90.0
324.604,-0.35570046305656433,0.06496023386716843,0.0648275688290596,0.06392740458250046,0.04050716012716293,1.004085659980774,,,
,,,,,,,32767.0,32767.0,90.0
324.614,-0.29082629084587097,-0.23779863119125366,-0.007499293889850378,0.06316214799880981,0.03820452466607094,1.0023455619812012,,,
,,,,,,,32767.0,32767.0,90.0
324.624,-0.25192689895629883,-0.18557237088680267,-0.11304900050163269,0.0650995597243309,0.03736579045653343,1.0043797492980957,,,
,,,,,,,32767.0,32767.0,90.0
324.634,-0.11270144581794739,-0.317198246717453,0.14706723392009735,0.06524136662483215,0.03578903153538704,1.0037190914154053,,,
,,,,,,,32767.0,32767.0,90.0
324.644,0.05475182086229324,-0.009169266559183598,-0.14482282102108002,0.06165259703993797,0.03506723791360855,1.004172682762146,,,
,,,,,,,32767.0,32767.0,90.0
324.654,0.1643809825181961,-0.11849294602870941,-0.12394362688064575,0.0623653344810009,0.03782149404287338,1.0029082298278809,,,
,,,,,,,32767.0,32767.0,90.0
324.664,0.22455795109272003,-0.31132060289382935,-0.01625761203467846,0.06354782730340958,0.038814008235931396,1.0012058019638062,,,
,,,,,,,32767.0,32767.0,90.0
324.674,-0.23305930197238922,-0.170878067612648,0.19700127840042114,0.06287075579166412,0.03943965956568718,1.0025169849395752,,,
,,,,,,,32767.0,32767.0,90.0
324.684,-0.24942757189273834,0.0676736831665039,0.13250920176506042,0.06318382918834686,0.03874542936682701,1.0041472911834717,,,
,,,,,,,32767.0,32767.0,90.0
324.694,-0.09965592622756958,-0.08665715903043747,-0.09820562601089478,0.060606397688388824,0.038790155202150345,1.0014790296554565,,,
,,,,,,,32767.0,32767.0,90.0
324.704,0.17063376307487488,-0.26678821444511414,-0.13023847341537476,0.06143452599644661,0.03570442274212837,1.0030547380447388,,,
,,,,,,,32767.0,32767.0,90.0
324.714,0.19854304194450378,-0.04954890161752701,-0.12737110257148743,0.06286774575710297,0.03601637855172157,1.0012739896774292,,,
,,,,,,,32767.0,32767.0,90.0
324.724,0.20145820081233978,-0.11313477158546448,0.023650886490941048,0.06635849177837372,0.039401259273290634,1.002114176750183,,,
,,,,,,,32767.0,32767.0,90.0
324.734,-6.890054225921631,-0.04898606613278389,-1.47785484790802,0.05917039141058922,0.04885309562087059,0.9890409708023071,,,
,,,,,,,32767.0,32767.0,90.0
324.744,-10.56417465209961,0.7083461880683899,2.621391773223877,0.06181083247065544,0.06792733073234558,0.9980848431587219,,,
,,,,,,,32767.0,32767.0,90.0
324.754,-3.0279948711395264,1.2930618524551392,5.889636516571045,0.07895700633525848,0.04047722369432449,1.0073386430740356,,,
,,,,,,,32767.0,32767.0,90.0
324.764,0.006687527988106012,3.0000436305999756,1.2835090160369873,0.06121065467596054,-0.004185807891190052,0.9840205907821655,,,
,,,,,,,32767.0,32767.0,90.0
324.774,4.702760219573975,1.9959040880203247,2.3103573322296143,0.06423398107290268,0.02989904396235943,1.0093780755996704,,,
,,,,,,,32767.0,32767.0,90.0
324.784,4.241849422454834,3.32199764251709,5.352605819702148,0.06409627944231033,0.05640433728694916,0.9981911182403564,,,
,,,,,,,32767.0,32767.0,90.0
324.794,-6.052277565002441,6.767798900604248,-0.6931751370429993,0.07192191481590271,0.029309619218111038,0.9708361029624939,,,
,,,,,,,32767.0,32767.0,90.0
324.804,-4.809860706329346,5.8181915283203125,-2.1766817569732666,0.07627939432859421,0.017283957451581955,0.9938533306121826,,,
,,,,,,,32767.0,32767.0,90.0
324.814,-2.781965970993042,6.00731086730957,-0.9452593326568604,0.050692446529865265,0.038338977843523026,1.0080671310424805,,,
,,,,,,,32767.0,32767.0,90.0
324.824,-5.145221710205078,4.256792068481445,-2.3149917125701904,0.0477944016456604,0.02794579230248928,1.0302470922470093,,,
,,,,,,,32767.0,32767.0,90.0
324.834,-0.317972332239151,0.3088380694389343,-2.548478364944458,0.05065178498625755,0.006750114262104034,1.0379912853240967,,,
,,,,,,,32767.0,32767.0,90.0
324.844,5.806448459625244,-0.6092751622200012,-2.2618517875671387,0.045219969004392624,0.016812490299344063,1.025665283203125,,,
,,,,,,,32767.0,32767.0,90.0
324.854,1.8748446702957153,-2.6758525371551514,-3.5217931270599365,0.0534890852868557,0.03541124239563942,1.0146476030349731,,,
,,,,,,,32767.0,32767.0,90.0
324.864,-0.4740102291107178,-3.200908899307251,-4.717426776885986,0.06208892911672592,0.030203325673937798,1.0071555376052856,,,
,,,,,,,32767.0,32767.0,90.0
324.874,-2.715394973754883,-3.4773998260498047,-4.48179817199707,0.061196234077215195,0.02993256412446499,1.0046740770339966,,,
,,,,,,,32767.0,32767.0,90.0
324.884,-2.972695827484131,-4.0067291259765625,-4.70018196105957,0.0566985122859478,0.037990305572748184,1.0075315237045288,,,
,,,,,,,32767.0,32767.0,90.0
324.894,-3.3872897624969482,-4.499597549438477,-4.440828323364258,0.05774211511015892,0.03436565026640892,1.007050633430481,,,
,,,,,,,32767.0,32767.0,90.0
324.904,-5.020931720733643,5.268416881561279,0.030292807146906853,0.05824310705065727,0.03373795002698898,0.9851443767547607,,,
,,,,,,,32767.0,32767.0,90.0
324.914,3.0073459148406982,-5.721478462219238,-5.353308200836182,0.06415481865406036,0.030793556943535805,0.9934490919113159,,,
,,,,,,,32767.0,32767.0,90.0
324.924,-2.7458226680755615,2.6660330295562744,-1.8194730281829834,0.07813580334186554,0.04125811159610748,0.9711320996284485,,,
,,,,,,,32767.0,32767.0,90.0
324.934,2.260998010635376,4.622270107269287,0.6824998259544373,0.06619030982255936,0.045962218195199966,0.9775429964065552,,,
,,,,,,,32767.0,32767.0,90.0
324.944,-2.6523804664611816,0.8262771368026733,-0.6605105400085449,0.057657111436128616,0.047847680747509,1.0014395713806152,,,
,,,,,,,32767.0,32767.0,90.0
324.954,-6.139444351196289,6.988306522369385,-0.5332933664321899,0.05737844109535217,0.01705142855644226,0.9999307990074158,,,
,,,,,,,32767.0,32767.0,90.0
324.964,-1.7997145652770996,4.175793647766113,-0.8628222346305847,0.04944595694541931,0.019923845306038857,1.0105091333389282,,,
,,,,,,,32767.0,32767.0,90.0
324.974,-1.3847625255584717,3.4786245822906494,0.48963311314582825,0.05407378450036049,0.04645858705043793,1.0114047527313232,,,
,,,,,,,32767.0,32767.0,90.0
324.984,-2.3597757816314697,4.683696269989014,0.5679401159286499,0.05594179034233093,0.024988414719700813,1.002577304840088,,,
,,,,,,,32767.0,32767.0,90.0
324.994,3.720205068588257,1.76390540599823,0.6816384196281433,0.05334711819887161,0.022582821547985077,1.0113312005996704,,,
,,,,,,,32767.0,32767.0,90.0
325.004,0.5737072229385376,1.3445165157318115,1.042819857597351,0.04887404665350914,0.036598142236471176,1.0187255144119263,,,
,,,,,,,32767.0,32767.0,90.0
325.014,-2.6956982612609863,0.7814189791679382,0.345384418964386,0.04680868983268738,0.02684551291167736,1.0202183723449707,,,
,,,,,,,32767.0,32767.0,90.0
325.024,-0.2221289873123169,-1.4128623008728027,-0.33407220244407654,0.05389277637004852,0.016239315271377563,1.0197863578796387,,,
,,,,,,,32767.0,32767.0,90.0
325.034,-1.217950463294983,-0.775640606880188,-0.01848437264561653,0.050902511924505234,0.026974745094776154,1.0096760988235474,,,
,,,,,,,32767.0,32767.0,90.0
325.044,0.45953407883644104,-1.8401288986206055,-0.49631890654563904,0.05240034684538841,0.02796148508787155,1.0037562847137451,,,
,,,,,,,32767.0,32767.0,90.0
325.054,1.7232621908187866,-1.896283507347107,-0.7635397911071777,0.057878587394952774,0.024625616148114204,1.0031765699386597,,,
,,,,,,,32767.0,32767.0,90.0
325.064,-0.21961207687854767,-0.8300656676292419,-1.3399215936660767,0.06107954680919647,0.028219426050782204,0.9978085160255432,,,
,,,,,,,32767.0,32767.0,90.0
325.074,-2.661362886428833,-0.14106567203998566,-1.4029303789138794,0.059637438505887985,0.03857097402215004,0.9952996969223022,,,
,,,,,,,32767.0,32767.0,90.0
325.084,-4.72598934173584,1.0256634950637817,-0.9732062220573425,0.06151292100548744,0.03845923766493797,0.9921671748161316,,,
,,,,,,,32767.0,32767.0,90.0
325.094,-5.012470245361328,2.6098060607910156,-1.1771951913833618,0.05847428739070892,0.029181137681007385,0.9891058206558228,,,
,,,,,,,32767.0,32767.0,90.0
325.104,-4.120203495025635,3.821730852127075,0.4518411159515381,0.058436039835214615,0.03516378626227379,0.9910365343093872,,,
,,,,,,,32767.0,32767.0,90.0
325.114,-2.5943920612335205,4.739836692810059,2.0186119079589844,0.057138558477163315,0.03664415329694748,0.9915485978126526,,,
,,,,,,,32767.0,32767.0,90.0
325.124,-1.203145146369934,5.74993371963501,2.7959234714508057,0.06330941617488861,0.030623717233538628,0.9912487864494324,,,
,,,,,,,32767.0,32767.0,90.0
325.134,11.893211364746094,7.038242340087891,-0.8676232099533081,0.07833070307970047,-0.007987665943801403,0.987474262714386,,,
,,,,,,,32767.0,32767.0,90.0
325.144,32.29217529296875,-6.875579833984375,2.042933225631714,0.03502734377980232,0.008411423303186893,1.0235135555267334,,,
,,,,,,,32767.0,32767.0,90.0
325.154,37.39456558227539,-5.608800888061523,5.793590068817139,0.039729587733745575,0.06347575038671494,1.0308488607406616,,,
,,,,,,,32767.0,32767.0,90.0
325.164,-13.877097129821777,-0.8816317915916443,-0.08934348076581955,0.03176015242934227,0.07072966545820236,1.0380080938339233,,,
,,,,,,,32767.0,32767.0,90.0
325.174,-8.382070541381836,-11.56319808959961,-4.036123752593994,0.03155888617038727,0.022946055978536606,1.1078569889068604,,,
,,,,,,,32767.0,32767.0,90.0
325.184,5.824555397033691,-13.050288200378418,1.8264771699905396,0.03348412364721298,-0.012087472714483738,1.0517964363098145,,,
,,,,,,,32767.0,32767.0,90.0
325.194,2.275263786315918,-11.140028953552246,0.04249400272965431,0.047843124717473984,0.030656835064291954,0.993992269039154,,,
,,,,,,,32767.0,32767.0,90.0
325.204,-4.9218645095825195,2.3514585494995117,-0.6089510917663574,0.09042283892631531,0.06746715307235718,0.9469053745269775,,,
,,,,,,,32767.0,32767.0,90.0
325.214,-10.59896469116211,-8.33773136138916,-2.160033941268921,0.07695139944553375,0.0280839204788208,0.949510395526886,,,
,,,,,,,32767.0,32767.0,90.0
325.224,23.581802368164062,2.2426557540893555,4.455209732055664,0.07206267863512039,0.03275904804468155,0.9333859086036682,,,
,,,,,,,32767.0,32767.0,90.0
325.234,19.41191864013672,1.0479193925857544,2.7395734786987305,0.08313272148370743,0.04894626885652542,0.9516379833221436,,,
,,,,,,,32767.0,32767.0,90.0
325.244,2.2195818424224854,2.4860079288482666,-0.13979648053646088,0.06842399388551712,0.0657300055027008,0.9984644651412964,,,
,,,,,,,32767.0,32767.0,90.0
325.254,-3.978888511657715,3.1064083576202393,0.6735126972198486,0.04405255243182182,0.0489257387816906,1.0653314590454102,,,
,,,,,,,32767.0,32767.0,90.0
325.264,1.8355597257614136,-0.8627498149871826,-0.3728994131088257,0.03309233486652374,0.0035417047329247,1.063490390777588,,,
,,,,,,,32767.0,32767.0,90.0
325.274,4.014443874359131,-2.293518304824829,-1.3880400657653809,0.05052097514271736,0.02347211167216301,1.0193865299224854,,,
,,,,,,,32767.0,32767.0,90.0
325.284,6.566364288330078,-1.4682821035385132,0.5247120261192322,0.06961549073457718,0.06915701180696487,0.9805693626403809,,,
,,,,,,,32767.0,32767.0,90.0
325.294,5.2325119972229,0.08892276883125305,0.8210269808769226,0.06629754602909088,0.0632701888680458,0.9606582522392273,,,
,,,,,,,32767.0,32767.0,90.0
325.304,2.652618408203125,0.8070687651634216,1.6598328351974487,0.06326662749052048,0.05294414237141609,0.9901651740074158,,,
,,,,,,,32767.0,32767.0,90.0
325.314,-1.3283405303955078,-0.8873042464256287,1.1981761455535889,0.05232086032629013,0.047149233520030975,1.0290483236312866,,,
,,,,,,,32767.0,32767.0,90.0
325.324,-1.289600133895874,-2.733370304107666,-0.07679140567779541,0.04390249028801918,0.030051030218601227,1.0359277725219727,,,
,,,,,,,32767.0,32767.0,90.0
325.334,1.8286874294281006,-4.495146751403809,-0.4272236227989197,0.058052096515893936,0.03496576473116875,1.020344614982605,,,
,,,,,,,32767.0,32767.0,90.0
325.344,-1.231377363204956,-4.187482833862305,-0.4573223888874054,0.06089930981397629,0.05699464678764343,0.9929403066635132,,,
,,,,,,,32767.0,32767.0,90.0
325.354,-5.082264423370361,-3.478510618209839,-0.439298152923584,0.062366243451833725,0.05883407220244408,0.9910038113594055,,,
,,,,,,,32767.0,32767.0,90.0
325.364,-7.79961633682251,-3.6715469360351562,-1.6147187948226929,0.0630260556936264,0.042056772857904434,1.003378987312317,,,
,,,,,,,32767.0,32767.0,90.0
325.374,-17.91463851928711,3.3812129497528076,-1.6379579305648804,0.06261811405420303,0.040572404861450195,1.0078232288360596,,,
,,,,,,,32767.0,32767.0,90.0
325.384,-14.82104778289795,-3.3395278453826904,-2.8919272422790527,0.05807613581418991,0.04106675460934639,1.0262253284454346,,,
,,,,,,,32767.0,32767.0,90.0
325.394,-8.268199920654297,-3.70076584815979,-1.7935702800750732,0.06141875311732292,0.025995364412665367,0.9937950968742371,,,
,,,,,,,32767.0,32767.0,90.0
325.404,-0.528390645980835,-1.4294943809509277,-1.3420007228851318,0.07997007668018341,0.029419293627142906,0.9679161310195923,,,
,,,,,,,32767.0,32767.0,90.0
325.414,-1.0163847208023071,5.5732316970825195,-1.7408497333526611,0.08065879344940186,0.050020162016153336,0.9486793279647827,,,
,,,,,,,32767.0,32767.0,90.0
325.424,-5.119515419006348,0.8020235896110535,-0.8957173228263855,0.07967317849397659,0.05727682262659073,0.9857980012893677,,,
,,,,,,,32767.0,32767.0,90.0
325.434,1.8552249670028687,2.382443904876709,0.2632829248905182,0.061488837003707886,0.03135407343506813,1.0023419857025146,,,
,,,,,,,32767.0,32767.0,90.0
325.444,2.423570394515991,2.779606819152832,-0.9938369989395142,0.0555088147521019,0.019181596115231514,1.021134614944458,,,
,,,,,,,32767.0,32767.0,90.0
325.454,1.469614863395691,1.0267786979675293,0.021053584292531013,0.050384122878313065,0.03954460844397545,1.0322462320327759,,,
,,,,,,,32767.0,32767.0,90.0
325.464,-1.0870461463928223,-0.6120366454124451,-0.8271595239639282,0.053997624665498734,0.03791625425219536,1.0175939798355103,,,
,,,,,,,32767.0,32767.0,90.0
325.474,-1.2352184057235718,0.06520766019821167,-0.10708165168762207,0.06396600604057312,0.03544057533144951,1.0055140256881714,,,
,,,,,,,32767.0,32767.0,90.0
325.484,1.8072384595870972,-0.4075513482093811,0.37738868594169617,0.06816669553518295,0.040434423834085464,0.9949148297309875,,,
,,,,,,,32767.0,32767.0,90.0
325.494,-0.9459853768348694,0.55766361951828,0.4155145287513733,0.06329787522554398,0.03758280351758003,0.9903450608253479,,,
,,,,,,,32767.0,32767.0,90.0
325.504,1.446897029876709,0.06542704254388809,0.13936379551887512,0.06208819895982742,0.03361576423048973,1.0050957202911377,,,
,,,,,,,32767.0,32767.0,90.0
325.514,2.2503178119659424,-0.040709368884563446,0.12066671997308731,0.05759644880890846,0.03079850599169731,1.0097521543502808,,,
,,,,,,,32767.0,32767.0,90.0
325.524,2.0873007774353027,0.05784587189555168,-0.04492707923054695,0.06310059130191803,0.03244392201304436,1.0075700283050537,,,
,,,,,,,32767.0,32767.0,90.0
325.534,2.747197389602661,0.33373576402664185,0.06175897642970085,0.06436082720756531,0.03683815896511078,1.0025382041931152,,,
,,,,,,,32767.0,32767.0,90.0
325.544,1.570302963256836,-0.03483392670750618,-0.5625579357147217,0.06254713237285614,0.039208393543958664,0.9949882626533508,,,
,,,,,,,32767.0,32767.0,90.0
325.554,2.5157902240753174,0.6744836568832397,0.0015910281799733639,0.06165207549929619,0.04073186218738556,0.9997072219848633,,,
,,,,,,,32767.0,32767.0,90.0
325.564,2.349489688873291,-0.07001031935214996,0.4829536974430084,0.05430319160223007,0.03910358250141144,1.008439302444458,,,
,,,,,,,32767.0,32767.0,90.0
325.574,4.068143844604492,-1.7897062301635742,1.3355175256729126,0.05205797776579857,0.03751778602600098,1.0178693532943726,,,
,,,,,,,32767.0,32767.0,90.0
325.584,2.514561653137207,-3.0308732986450195,1.3178412914276123,0.05269918963313103,0.039624832570552826,1.0225564241409302,,,
,,,,,,,32767.0,32767.0,90.0
325.594,0.5137065052986145,-4.256492614746094,0.6780572533607483,0.05280700698494911,0.039084985852241516,1.0255258083343506,,,
,,,,,,,32767.0,32767.0,90.0
325.604,0.12281259894371033,-0.9985311031341553,-0.724380373954773,0.07390744239091873,0.02827679179608822,1.005378246307373,,,
,,,,,,,32767.0,32767.0,90.0
325.614,-13.99212646484375,-1.469955563545227,-2.0094146728515625,0.06811459362506866,0.0338183231651783,0.9961721897125244,,,
,,,,,,,32767.0,32767.0,90.0
325.624,0.8332786560058594,-1.1915805339813232,2.0445375442504883,0.06593696773052216,0.04941398277878761,1.0013874769210815,,,
,,,,,,,32767.0,32767.0,90.0
325.634,3.093134880065918,0.050765376538038254,0.09555643051862717,0.06617564707994461,0.031493790447711945,0.9637527465820312,,,
,,,,,,,32767.0,32767.0,90.0
325.644,1.615828514099121,-0.9875946044921875,-0.934293270111084,0.07258094102144241,0.04979024827480316,0.9799714684486389,,,
,,,,,,,32767.0,32767.0,90.0
325.654,2.267303705215454,-0.002027479000389576,0.6754191517829895,0.06445659697055817,0.054316844791173935,0.9993727803230286,,,
,,,,,,,32767.0,32767.0,90.0
325.664,-4.158607006072998,1.5705921649932861,-0.14489932358264923,0.06104791909456253,0.026464859023690224,1.0108906030654907,,,
,,,,,,,32767.0,32767.0,90.0
325.674,-3.970313787460327,0.21640080213546753,-0.3651556074619293,0.07371123880147934,0.026637904345989227,1.0220143795013428,,,
,,,,,,,32767.0,32767.0,90.0
325.684,3.219722270965576,1.867464542388916,0.03375573828816414,0.04587337747216225,0.04891832172870636,1.0068659782409668,,,
,,,,,,,32767.0,32767.0,90.0
325.694,-2.8390374183654785,-1.550933599472046,-1.0265156030654907,0.06647781282663345,0.028204254806041718,1.0006409883499146,,,
,,,,,,,32767.0,32767.0,90.0
325.704,3.347642183303833,-0.8354173302650452,0.15175268054008484,0.06673695892095566,0.024917958304286003,1.0007054805755615,,,
,,,,,,,32767.0,32767.0,90.0
325.714,-2.822442054748535,0.9051812887191772,-0.3613452613353729,0.06558318436145782,0.053871046751737595,0.9943636059761047,,,
,,,,,,,32767.0,32767.0,90.0
325.724,1.7821413278579712,-0.889991283416748,0.4343425929546356,0.06563930213451385,0.04417211562395096,0.9999688863754272,,,
,,,,,,,32767.0,32767.0,90.0
325.734,1.1485095024108887,0.15750880539417267,-0.30003345012664795,0.06511782854795456,0.025388862937688828,0.9998800754547119,,,
,,,,,,,32767.0,32767.0,90.0
325.744,-2.3131446838378906,0.3121665418148041,0.03616654872894287,0.061537157744169235,0.044082995504140854,1.0151311159133911,,,
,,,,,,,32767.0,32767.0,90.0
325.754,-0.47646287083625793,-0.5980795621871948,0.3935554027557373,0.06437579542398453,0.037670038640499115,1.0068374872207642,,,
,,,,,,,32767.0,32767.0,90.0
325.764,-1.1465612649917603,0.3238007426261902,-0.5604252219200134,0.06429623812437057,0.030928723514080048,0.9950270652770996,,,
,,,,,,,32767.0,32767.0,90.0
325.774,2.8111770153045654,-0.5128579139709473,0.2705296576023102,0.05979021638631821,0.044315073639154434,1.0026007890701294,,,
,,,,,,,32767.0,32767.0,90.0
325.784,-0.5312401056289673,0.04796840623021126,0.06035279855132103,0.06328557431697845,0.03776523098349571,1.0020663738250732,,,
,,,,,,,32767.0,32767.0,90.0
325.794,0.6026090979576111,0.07151378691196442,-0.19123804569244385,0.06426925957202911,0.03106961026787758,1.0049514770507812,,,
,,,,,,,32767.0,32767.0,90.0
325.804,-0.977573037147522,0.13348500430583954,-0.28776058554649353,0.0613187775015831,0.040839046239852905,1.0035309791564941,,,
,,,,,,,32767.0,32767.0,90.0
325.814,-1.2468727827072144,-0.4517894685268402,-0.06230773776769638,0.06192409247159958,0.03889664635062218,0.9986673593521118,,,
,,,,,,,32767.0,32767.0,90.0
325.824,0.09495179355144501,-0.3012741208076477,-0.19990374147891998,0.0612875372171402,0.03600316867232323,0.9994635581970215,,,
,,,,,,,32767.0,32767.0,90.0
325.834,0.3173636794090271,-0.24013452231884003,-0.01190099585801363,0.06337569653987885,0.03776177018880844,1.0047894716262817,,,
,,,,,,,32767.0,32767.0,90.0
325.844,0.8928491473197937,-0.3284359872341156,-0.10049664229154587,0.06369522213935852,0.034694425761699677,1.0080370903015137,,,
,,,,,,,32767.0,32767.0,90.0
325.854,0.007495666388422251,-0.45327335596084595,-0.05095474049448967,0.06368588656187057,0.03646457940340042,1.004776954650879,,,
,,,,,,,32767.0,32767.0,90.0
325.864,-0.44270557165145874,-0.2288588285446167,-0.10556235909461975,0.06128646060824394,0.04275025427341461,1.0045205354690552,,,
,,,,,,,32767.0,32767.0,90.0
325.874,-1.0935386419296265,0.18507692217826843,-0.05278530344367027,0.06237384304404259,0.04063795134425163,1.0031802654266357,,,
,,,,,,,32767.0,32767.0,90.0
325.884,-0.21501438319683075,0.10572691261768341,-0.08361589163541794,0.06320555508136749,0.03689997270703316,1.0054574012756348,,,
,,,,,,,32767.0,32767.0,90.0
325.894,-0.08071541786193848,-0.031403813511133194,-0.19165366888046265,0.06180860102176666,0.037288203835487366,1.005518913269043,,,
,,,,,,,32767.0,32767.0,90.0
325.904,0.6988112330436707,-0.021262887865304947,-0.3971470594406128,0.06324595957994461,0.03641626983880997,1.0023951530456543,,,
,,,,,,,32767.0,32767.0,90.0
325.914,0.8091551065444946,-0.03359147906303406,0.16257724165916443,0.0634147971868515,0.03860777989029884,1.0011589527130127,,,
,,,,,,,32767.0,32767.0,90.0
325.924,-0.4107986092567444,-0.21943633258342743,-0.014178672805428505,0.06492827832698822,0.03790928050875664,1.0032564401626587,,,
,,,,,,,32767.0,32767.0,90.0
325.934,-0.5277236104011536,0.155324786901474,-0.09541092067956924,0.06606271862983704,0.035713013261556625,1.0034738779067993,,,
,,,,,,,32767.0,32767.0,90.0
325.944,-0.41726335883140564,0.0644649937748909,0.11833634227514267,0.06300899386405945,0.035377804189920425,1.0024958848953247,,,
,,,,,,,32767.0,32767.0,90.0
325.954,0.22828398644924164,0.09066206961870193,0.13068848848342896,0.06270471960306168,0.03693793714046478,1.0037283897399902,,,
,,,,,,,32767.0,32767.0,90.0
325.964,0.516827404499054,-0.16051840782165527,-0.2132604569196701,0.06253476440906525,0.03701484203338623,1.0015639066696167,,,
,,,,,,,32767.0,32767.0,90.0
325.974,0.4441309869289398,-0.12189915776252747,-0.10638634860515594,0.06488712131977081,0.035236064344644547,1.0042186975479126,,,
,,,,,,,32767.0,32767.0,90.0
325.984,-0.06330985575914383,0.19419987499713898,-0.30062592029571533,0.06221700459718704,0.03819991275668144,1.0046344995498657,,,
,,,,,,,32767.0,32767.0,90.0
325.994,-0.5443758964538574,0.011476614512503147,0.15674550831317902,0.060635071247816086,0.040930114686489105,1.0032545328140259,,,
,,,,,,,32767.0,32767.0,90.0
326.004,-0.3879030644893646,-0.3073788285255432,-0.1712580919265747,0.06269136816263199,0.037858400493860245,1.0023168325424194,,,
,,,,,,,32767.0,32767.0,90.0
326.014,-0.06303253024816513,-0.09075811505317688,0.1211310625076294,0.06201673299074173,0.03571750223636627,1.003799319267273,,,
,,,,,,,32767.0,32767.0,90.0
326.024,0.39187854528427124,0.1662391722202301,0.1516723781824112,0.06165440380573273,0.036505986005067825,1.0021203756332397,,,
,,,,,,,32767.0,32767.0,90.0
326.034,0.4726785123348236,-0.18646986782550812,-0.041874516755342484,0.06189257279038429,0.03752220422029495,1.0027941465377808,,,
,,,,,,,32767.0,32767.0,90.0
326.044,0.049716297537088394,-0.09400660544633865,-0.1225268766283989,0.06209405139088631,0.03760087862610817,0.9995627999305725,,,
,,,,,,,32767.0,32767.0,90.0
326.054,-0.09897829592227936,-0.15369419753551483,0.04270732030272484,0.06266334652900696,0.037305548787117004,1.002504587173462,,,
,,,,,,,32767.0,32767.0,90.0
326.064,-0.6912781000137329,0.11246588081121445,-0.045745596289634705,0.06307969242334366,0.039767730981111526,1.0024383068084717,,,
,,,,,,,32767.0,32767.0,90.0
326.074,-0.20568157732486725,-0.07934477180242538,-0.07684948295354843,0.06404102593660355,0.03733250871300697,1.0033329725265503,,,
,,,,,,,32767.0,32767.0,90.0
326.084,0.1430932730436325,0.0270093847066164,-0.07337521016597748,0.06266070157289505,0.03786535933613777,1.0014177560806274,,,
,,,,,,,32767.0,32767.0,90.0
326.094,0.38557174801826477,-0.3806901276111603,-0.026649240404367447,0.06397844105958939,0.03964141383767128,1.0036453008651733,,,
,,,,,,,32767.0,32767.0,90.0
326.104,0.13491936028003693,-0.10391203314065933,0.20917266607284546,0.061439547687768936,0.0368986651301384,1.0026824474334717,,,
,,,,,,,32767.0,32767.0,90.0
326.114,0.0007507149712182581,-0.21671386063098907,-0.1941768079996109,0.06267101317644119,0.03680029138922691,1.0039334297180176,,,
,,,,,,,32767.0,32767.0,90.0
326.124,-0.2658713459968567,0.029203372076153755,-0.19951382279396057,0.06187409907579422,0.036948852241039276,1.003723382949829,,,
,,,,,,,32767.0,32767.0,90.0
326.134,-0.3722829222679138,-0.012406943365931511,0.11603707075119019,0.061939019709825516,0.03581138327717781,1.0039970874786377,,,
,,,,,,,32767.0,32767.0,90.0
326.144,0.009948186576366425,-0.16815845668315887,-0.1565966010093689,0.06518510729074478,0.03583145886659622,1.0042794942855835,,,
,,,,,,,32767.0,32767.0,90.0
326.154,0.23379133641719818,-0.3553086519241333,-0.24191488325595856,0.06251948326826096,0.03911759331822395,1.001566767692566,,,
,,,,,,,32767.0,32767.0,90.0
326.164,0.37358441948890686,-0.11826015263795853,-0.1561281979084015,0.06197958439588547,0.03672323003411293,1.001824140548706,,,
,,,,,,,32767.0,32767.0,90.0
326.174,0.06607156991958618,-0.06815608590841293,0.07659894227981567,0.06466042250394821,0.038728587329387665,1.004393458366394,,,
,,,,,,,32767.0,32767.0,90.0
326.184,-0.3515342175960541,0.03177723288536072,0.10525625944137573,0.0635131224989891,0.039442047476768494,1.0047030448913574,,,
,,,,,,,32767.0,32767.0,90.0
326.194,-0.31393545866012573,-0.09821489453315735,-0.31152233481407166,0.06301815807819366,0.0404590368270874,1.002989411354065,,,
,,,,,,,32767.0,32767.0,90.0
326.204,-0.060174740850925446,-0.1847657710313797,0.21272748708724976,0.06205706298351288,0.03972036391496658,1.0040844678878784,,,
,,,,,,,32767.0,32767.0,90.0
326.214,0.09274367988109589,-0.15872110426425934,-0.2092408537864685,0.06195439025759697,0.03791986405849457,1.0031249523162842,,,
,,,,,,,32767.0,32767.0,90.0
326.224,0.22918637096881866,-0.18477311730384827,-0.047401051968336105,0.06177044287323952,0.03585381433367729,1.0017837285995483,,,
,,,,,,,32767.0,32767.0,90.0
326.234,-0.11621087789535522,-0.033490363508462906,-0.028184019029140472,0.05960801616311073,0.0373665876686573,1.0032622814178467,,,
,,,,,,,32767.0,32767.0,90.0
326.244,-0.30134499073028564,-0.14416803419589996,0.0854608491063118,0.06081552058458328,0.0392981581389904,1.0022060871124268,,,
,,,,,,,32767.0,32767.0,90.0
326.254,-0.1383923441171646,-0.05160726234316826,0.0635196641087532,0.06292108446359634,0.037690598517656326,1.0035195350646973,,,
,,,,,,,32767.0,32767.0,90.0
326.264,-0.04901456460356712,-0.4126412868499756,-0.10767202079296112,0.06155858188867569,0.03888343647122383,1.003759503364563,,,
,,,,,,,32767.0,32767.0,90.0
326.274,0.3271247148513794,-0.08053727447986603,-0.08420981466770172,0.061765529215335846,0.03755319491028786,1.0039297342300415,,,
,,,,,,,32767.0,32767.0,90.0
326.284,0.2265610545873642,0.0003609413106460124,0.3018462657928467,0.05988580361008644,0.037439510226249695,1.0056781768798828,,,
,,,,,,,32767.0,32767.0,90.0
326.294,0.10321023315191269,-0.06687336415052414,-0.009960982017219067,0.06012658774852753,0.03729117661714554,1.0044419765472412,,,
,,,,,,,32767.0,32767.0,90.0
326.304,-0.20241829752922058,-0.4179784655570984,-0.1455850750207901,0.062158722430467606,0.037647467106580734,1.0045325756072998,,,
,,,,,,,32767.0,32767.0,90.0
326.314,-0.15439288318157196,-0.235491544008255,0.1785401999950409,0.061707548797130585,0.03693462535738945,0.9995117783546448,,,
,,,,,,,32767.0,32767.0,90.0
326.324,0.6816526055335999,-0.013828709721565247,-0.1947011649608612,0.06911555677652359,0.03597063198685646,0.9988614320755005,,,
,,,,,,,32767.0,32767.0,90.0
326.334,-0.44223442673683167,0.05922192707657814,-0.08881732076406479,0.06200127303600311,0.046678703278303146,1.0080808401107788,,,
,,,,,,,32767.0,32767.0,90.0
326.344,-0.0655539482831955,-0.35156890749931335,0.15041927993297577,0.06230083853006363,0.02877684310078621,1.0005513429641724,,,
,,,,,,,32767.0,32767.0,90.0
326.354,1.3443543910980225,0.275445818901062,-0.7346819639205933,0.06440804898738861,0.032485656440258026,0.9934685826301575,,,
,,,,,,,32767.0,32767.0,90.0
326.364,0.09448504447937012,0.41436055302619934,0.2212846428155899,0.06423670798540115,0.06322509050369263,1.0110069513320923,,,
,,,,,,,32767.0,32767.0,90.0
326.374,-2.106902599334717,-0.5404916405677795,0.19311922788619995,0.061723291873931885,0.03512628376483917,1.0100772380828857,,,
,,,,,,,32767.0,32767.0,90.0
326.384,0.9964250326156616,0.17321690917015076,-0.8767352104187012,0.06218942254781723,0.020474117249250412,0.9997130632400513,,,
,,,,,,,32767.0,32767.0,90.0
326.394,-0.16495908796787262,-0.46412643790245056,0.14614129066467285,0.059879571199417114,0.049907561391592026,1.0014245510101318,,,
,,,,,,,32767.0,32767.0,90.0
326.404,-1.1823675632476807,-0.014548064209520817,0.21106895804405212,0.06448536366224289,0.029627935960888863,0.9920884370803833,,,
,,,,,,,32767.0,32767.0,90.0
326.414,1.188216209411621,0.8636948466300964,-0.4516197144985199,0.06347823143005371,0.019927719607949257,0.9975523948669434,,,
,,,,,,,32767.0,32767.0,90.0
326.424,0.1779535859823227,-0.3393646478652954,0.21993359923362732,0.06217057630419731,0.04187468811869621,1.0177794694900513,,,
,,,,,,,32767.0,32767.0,90.0
326.434,0.16373112797737122,-0.7062619924545288,-0.018818769603967667,0.06050216406583786,0.028377652168273926,1.006960391998291,,,
,,,,,,,32767.0,32767.0,90.0
326.444,0.42850467562675476,0.49061769247055054,-0.24361078441143036,0.06241755932569504,0.036892037838697433,0.9954500198364258,,,
,,,,,,,32767.0,32767.0,90.0
326.454,-0.5363188982009888,-0.0024063794407993555,0.32777106761932373,0.06105509772896767,0.0558011420071125,1.005959391593933,,,
,,,,,,,32767.0,32767.0,90.0
326.464,-0.3108243942260742,-0.3754388988018036,0.04038742184638977,0.06370680034160614,0.03454902023077011,1.0042794942855835,,,
,,,,,,,32767.0,32767.0,90.0
326.474,0.671244740486145,0.1899690181016922,-0.5188474059104919,0.06553354859352112,0.036335863173007965,1.0048667192459106,,,
,,,,,,,32767.0,32767.0,90.0
326.484,-0.4901815950870514,-0.10050954669713974,0.21649588644504547,0.06215137243270874,0.05061331391334534,1.0027748346328735,,,
,,,,,,,32767.0,32767.0,90.0
326.494,0.1849936544895172,-0.04405306279659271,-0.09493100643157959,0.06433507800102234,0.03407958149909973,0.9954953789710999,,,
,,,,,,,32767.0,32767.0,90.0
326.504,0.37338241934776306,0.43341630697250366,-0.4648122191429138,0.06515982747077942,0.03463542461395264,0.9985665678977966,,,
,,,,,,,32767.0,32767.0,90.0
326.514,-0.6347194910049438,-0.010107285343110561,0.5260449647903442,0.06358487904071808,0.04163997247815132,1.007638692855835,,,
,,,,,,,32767.0,32767.0,90.0
326.524,0.32582810521125793,-0.18277062475681305,0.07206083089113235,0.06371977925300598,0.030345013365149498,1.0037134885787964,,,
,,,,,,,32767.0,32767.0,90.0
326.534,0.30960363149642944,0.17318937182426453,-0.1367921680212021,0.0635172501206398,0.035982802510261536,1.0013470649719238,,,
,,,,,,,32767.0,32767.0,90.0
326.544,-0.6092660427093506,-0.4860997796058655,-0.12751348316669464,0.06481005996465683,0.04321146756410599,1.0045052766799927,,,
,,,,,,,32767.0,32767.0,90.0
326.554,0.24436545372009277,0.17612144351005554,0.0013599706580862403,0.06345194578170776,0.032896533608436584,1.0016056299209595,,,
,,,,,,,32767.0,32767.0,90.0
326.564,0.2530171871185303,-0.1852393001317978,-0.06946015357971191,0.061685919761657715,0.035936832427978516,1.0033574104309082,,,
,,,,,,,32767.0,32767.0,90.0
326.574,-0.7473623752593994,-0.5078601241111755,0.09313459694385529,0.06267125904560089,0.04226017743349075,1.0047835111618042,,,
,,,,,,,32767.0,32767.0,90.0
326.584,-0.05900445207953453,-0.19757874310016632,0.035513393580913544,0.06204153969883919,0.03160234913229942,0.9989067912101746,,,
,,,,,,,32767.0,32767.0,90.0
326.594,0.1303584724664688,-0.1007470116019249,-0.1918327659368515,0.06125379726290703,0.036528848111629486,1.0023373365402222,,,
,,,,,,,32767.0,32767.0,90.0
326.604,-0.34337112307548523,0.1553317904472351,-0.10672327876091003,0.06061232462525368,0.03845096379518509,1.0048573017120361,,,
,,,,,,,32767.0,32767.0,90.0
326.614,0.07485101372003555,-0.17440026998519897,-0.12538765370845795,0.06429217755794525,0.03049483336508274,1.0027289390563965,,,
,,,,,,,32767.0,32767.0,90.0
326.624,0.27718690037727356,0.08440053462982178,0.05277485400438309,0.06370875239372253,0.03690667450428009,1.0019222497940063,,,
,,,,,,,32767.0,32767.0,90.0
326.634,-0.3063417673110962,-0.2128925770521164,0.2156466543674469,0.0634632557630539,0.044789791107177734,1.002730131149292,,,
,,,,,,,32767.0,32767.0,90.0
326.644,-0.022478841245174408,-0.008816159330308437,0.19648945331573486,0.06343719363212585,0.03956463560461998,1.0007050037384033,,,
,,,,,,,32767.0,32767.0,90.0
326.654,0.013452267274260521,-0.22434984147548676,-0.09492696821689606,0.06038089096546173,0.03966279700398445,1.0035136938095093,,,
,,,,,,,32767.0,32767.0,90.0
326.664,0.06862534582614899,-0.3911423683166504,-0.06988559663295746,0.061562757939100266,0.042655687779188156,1.0037322044372559,,,
,,,,,,,32767.0,32767.0,90.0
326.674,-0.06434862315654755,0.07359247654676437,-0.23288574814796448,0.06341768801212311,0.039309173822402954,1.0031574964523315,,,
,,,,,,,32767.0,32767.0,90.0
326.684,-0.16690035164356232,-0.31018751859664917,-0.12680593132972717,0.06342694163322449,0.04053861275315285,1.0047581195831299,,,
,,,,,,,32767.0,32767.0,90.0
326.694,-0.132546529173851,0.040223076939582825,0.09436824172735214,0.06354625523090363,0.036949578672647476,1.004651665687561,,,
,,,,,,,32767.0,32767.0,90.0
326.704,0.08689045161008835,0.24583595991134644,-0.24169914424419403,0.06342653930187225,0.03594902157783508,1.0014207363128662,,,
,,,,,,,32767.0,32767.0,90.0
326.714,-0.1545790135860443,0.019438376650214195,0.009393980726599693,0.06379757076501846,0.03792149946093559,1.0021709203720093,,,
,,,,,,,32767.0,32767.0,90.0
326.724,0.025666899979114532,0.1020573079586029,0.1057841032743454,0.06316202133893967,0.03437746688723564,1.0014649629592896,,,
,,,,,,,32767.0,32767.0,90.0
326.734,-0.03655550628900528,-0.19612516462802887,0.09023652970790863,0.06194359436631203,0.03444395214319229,1.0041236877441406,,,
,,,,,,,32767.0,32767.0,90.0
326.744,-0.10298722237348557,-0.19769668579101562,0.0006151568959467113,0.06517214328050613,0.03855622187256813,1.0053553581237793,,,
,,,,,,,32767.0,32767.0,90.0
326.754,0.22254741191864014,-0.3858051598072052,-0.08466754853725433,0.06361997872591019,0.03980570286512375,1.0049371719360352,,,
,,,,,,,32767.0,32767.0,90.0
326.764,-0.09058559685945511,-0.17164389789104462,-0.2459736466407776,0.06334512680768967,0.038250599056482315,1.0006221532821655,,,
,,,,,,,32767.0,32767.0,90.0
326.774,-0.16163574159145355,-0.23116400837898254,-0.31314992904663086,0.0641561895608902,0.03824272006750107,1.0027172565460205,,,
,,,,,,,32767.0,32767.0,90.0
326.784,-0.10226845741271973,0.11854765564203262,0.10143661499023438,0.06477153301239014,0.03765393793582916,1.002353549003601,,,
,,,,,,,32767.0,32767.0,90.0
326.794,0.16387499868869781,-0.013287005014717579,-0.22823530435562134,0.06207658722996712,0.03492823243141174,1.0022611618041992,,,
,,,,,,,32767.0,32767.0,90.0
326.804,-0.0189442690461874,-0.03821879252791405,-0.3073485493659973,0.06142240762710571,0.0370430126786232,1.0041300058364868,,,
,,,,,,,32767.0,32767.0,90.0
326.814,0.24265654385089874,-0.041013021022081375,-0.11133530735969543,0.06376292556524277,0.03800172731280327,0.9983704686164856,,,
,,,,,,,32767.0,32767.0,90.0
326.824,1.2168374061584473,-0.1972021907567978,0.3351844549179077,0.0666702464222908,0.046692363917827606,0.9899303317070007,,,
,,,,,,,32767.0,32767.0,90.0
326.834,0.3608563542366028,0.9044952988624573,0.07105596363544464,0.07191242277622223,0.04544512927532196,0.9911683201789856,,,
,,,,,,,32767.0,32767.0,90.0
326.844,1.3991070985794067,0.35273945331573486,0.010439971461892128,0.07211364060640335,0.03703634813427925,0.9962388277053833,,,
,,,,,,,32767.0,32767.0,90.0
326.854,2.2072832584381104,0.6789398193359375,0.0773945078253746,0.05211958661675453,0.043122369796037674,1.0021635293960571,,,
,,,,,,,32767.0,32767.0,90.0
326.864,0.6813320517539978,0.20619560778141022,0.24861185252666473,0.06536760181188583,0.04590914025902748,1.0162843465805054,,,
,,,,,,,32767.0,32767.0,90.0
326.874,0.8736698031425476,0.17562322318553925,0.2691670060157776,0.05360933393239975,0.043757542967796326,0.998792827129364,,,
,,,,,,,32767.0,32767.0,90.0
326.884,-3.0396111011505127,0.4897383451461792,0.09027786552906036,0.07031247019767761,0.06178687512874603,0.9796718955039978,,,
,,,,,,,32767.0,32767.0,90.0
326.894,-2.010296583175659,0.8866398334503174,0.234272301197052,0.07351289689540863,0.042728304862976074,0.9783334732055664,,,
,,,,,,,32767.0,32767.0,90.0
326.904,2.3467423915863037,1.4723366498947144,0.501404345035553,0.069364532828331,0.025448694825172424,0.9819743633270264,,,
,,,,,,,32767.0,32767.0,90.0
326.914,4.815684795379639,2.6277880668640137,0.7479206919670105,0.07279952615499496,0.017337573692202568,0.9982510805130005,,,
,,,,,,,32767.0,32767.0,90.0
326.924,9.36495590209961,1.7782753705978394,0.2553267180919647,0.057872217148542404,0.013828417286276817,1.0238689184188843,,,
,,,,,,,32767.0,32767.0,90.0
326.934,9.903735160827637,1.2438732385635376,0.10750186443328857,0.04431547224521637,0.03432433679699898,1.0349801778793335,,,
,,,,,,,32767.0,32767.0,90.0
326.944,1.7070494890213013,0.057588573545217514,-0.18364042043685913,0.04888321831822395,0.05931418016552925,1.034739375114441,,,
,,,,,,,32767.0,32767.0,90.0
326.954,-2.3266518115997314,-1.0509700775146484,0.011222559958696365,0.05505701154470444,0.05060238018631935,1.0190719366073608,,,
,,,,,,,32767.0,32767.0,90.0
326.964,1.1933592557907104,-0.1520921289920807,-0.6484646201133728,0.05992647260427475,0.024401279166340828,0.9891893267631531,,,
,,,,,,,32767.0,32767.0,90.0
326.974,4.865735054016113,0.3668166399002075,0.4584105908870697,0.0602068193256855,0.0345316007733345,0.988707959651947,,,
,,,,,,,32767.0,32767.0,90.0
326.984,13.066597938537598,-0.9332245588302612,0.223341166973114,0.041884660720825195,0.024283921346068382,1.0183658599853516,,,
,,,,,,,32767.0,32767.0,90.0
326.994,19.334552764892578,-2.439457654953003,-0.808040976524353,0.05551830306649208,0.007766351103782654,1.0120940208435059,,,
,,,,,,,32767.0,32767.0,90.0
327.004,24.024147033691406,-1.8346329927444458,-0.9944062232971191,0.07992175966501236,0.026324184611439705,0.9898458123207092,,,
,,,,,,,32767.0,32767.0,90.0
327.014,24.226139068603516,0.1243099644780159,-1.264885663986206,0.07925551384687424,0.07009849697351456,0.9715286493301392,,,
,,,,,,,32767.0,32767.0,90.0
327.024,18.5415096282959,1.105686068534851,-0.6155843138694763,0.06134618818759918,0.0934268906712532,0.9824752807617188,,,
,,,,,,,32767.0,32767.0,90.0
327.034,13.168343544006348,0.4636935591697693,-0.3255910277366638,0.058733534067869186,0.08654256165027618,1.0103240013122559,,,
,,,,,,,32767.0,32767.0,90.0
327.044,5.512768268585205,0.6020944714546204,-0.4567737877368927,0.05972786247730255,0.08699557185173035,1.018647313117981,,,
,,,,,,,32767.0,32767.0,90.0
327.054,1.3837597370147705,-0.5633206963539124,0.14298860728740692,0.06223929673433304,0.0918123871088028,1.011829137802124,,,
,,,,,,,32767.0,32767.0,90.0
327.064,-1.159578561782837,-0.3338368237018585,0.03279762342572212,0.06141558662056923,0.07767825573682785,1.0011146068572998,,,
,,,,,,,32767.0,32767.0,90.0
327.074,-2.0813021659851074,0.4449072480201721,-0.040546782314777374,0.06413932889699936,0.06415486335754395,0.9979569911956787,,,
,,,,,,,32767.0,32767.0,90.0
327.084,1.528182864189148,0.5001729130744934,0.0506635457277298,0.058989569544792175,0.05771835520863533,1.0096615552902222,,,
,,,,,,,32767.0,32767.0,90.0
327.094,-0.5069194436073303,-0.2305309921503067,0.15416325628757477,0.05800351873040199,0.0693189799785614,1.012308120727539,,,
,,,,,,,32767.0,32767.0,90.0
327.104,-3.518422842025757,-0.4190722405910492,0.2830565571784973,0.06285487115383148,0.07303975522518158,1.0045243501663208,,,
,,,,,,,32767.0,32767.0,90.0
327.114,-2.8070898056030273,-0.673080325126648,0.019571037963032722,0.06634317338466644,0.05918117240071297,0.9828357696533203,,,
,,,,,,,32767.0,32767.0,90.0
327.124,0.38467857241630554,1.0854644775390625,-0.08261450380086899,0.0758904293179512,0.04595203325152397,0.963721513748169,,,
,,,,,,,32767.0,32767.0,90.0
327.134,10.39193344116211,1.1930382251739502,0.5598010420799255,0.053727664053440094,0.038473572582006454,0.9921817183494568,,,
,,,,,,,32767.0,32767.0,90.0
327.144,21.406414031982422,0.009359829127788544,-0.07242713123559952,0.04951899126172066,0.025316687300801277,1.0199425220489502,,,
,,,,,,,32767.0,32767.0,90.0
327.154,24.113798141479492,-0.5101187825202942,-0.4246560037136078,0.05859930068254471,0.04764800891280174,1.0062175989151,,,
,,,,,,,32767.0,32767.0,90.0
327.164,19.0169734954834,0.484585165977478,-0.7177624702453613,0.06159636750817299,0.0925704836845398,1.0068634748458862,,,
,,,,,,,32767.0,32767.0,90.0
327.174,7.456167697906494,-1.877672791481018,-1.1386243104934692,0.06397166848182678,0.1242593303322792,1.0149880647659302,,,
,,,,,,,32767.0,32767.0,90.0
327.184,4.294338226318359,1.143917202949524,-0.3723030090332031,0.06626290827989578,0.11332646012306213,0.9584388136863708,,,
,,,,,,,32767.0,32767.0,90.0
327.194,-6.276073455810547,3.588136672973633,-0.5899863243103027,0.08013323694467545,0.1123482882976532,0.9696959853172302,,,
,,,,,,,32767.0,32767.0,90.0
327.204,-9.17802906036377,1.9936518669128418,1.07259202003479,0.05831174924969673,0.10546547174453735,1.0252617597579956,,,
,,,,,,,32767.0,32767.0,90.0
327.214,-9.712959289550781,-0.003379242494702339,0.5790306925773621,0.0481482595205307,0.07268069684505463,1.0401461124420166,,,
,,,,,,,32767.0,32767.0,90.0
327.224,-7.266556262969971,-0.23699896037578583,0.034425295889377594,0.058254875242710114,0.07266782224178314,1.018060564994812,,,
,,,,,,,32767.0,32767.0,90.0
327.234,-1.7697075605392456,0.5538777112960815,0.6531826853752136,0.0587247833609581,0.045386649668216705,1.0051758289337158,,,
,,,,,,,32767.0,32767.0,90.0
327.244,3.5359866619110107,0.4415212571620941,-0.8822072148323059,0.05832146853208542,0.024162158370018005,1.0196720361709595,,,
,,,,,,,32767.0,32767.0,90.0
327.254,6.164943218231201,-1.5309216976165771,-0.34452101588249207,0.05305642634630203,0.07569876313209534,1.0222307443618774,,,
,,,,,,,32767.0,32767.0,90.0
327.264,3.331603765487671,-1.510123372077942,-0.09277508407831192,0.05893455073237419,0.0890740305185318,0.9804208874702454,,,
,,,,,,,32767.0,32767.0,90.0
327.274,0.8123638033866882,0.33494797348976135,0.09130780398845673,0.06781898438930511,0.09118833392858505,0.9583497643470764,,,
,,,,,,,32767.0,32767.0,90.0
327.284,-0.9348865151405334,1.4454699754714966,0.24038012325763702,0.08671048283576965,0.09635081142187119,0.9677011966705322,,,
,,,,,,,32767.0,32767.0,90.0
327.294,-4.366517066955566,3.1131951808929443,-0.2204514443874359,0.08423253148794174,0.09674055874347687,0.9655100107192993,,,
,,,,,,,32767.0,32767.0,90.0
327.304,-6.518017768859863,3.8756964206695557,0.08884966373443604,0.06596848368644714,0.08993730694055557,0.9835098385810852,,,
,,,,,,,32767.0,32767.0,90.0
327.314,-3.5777525901794434,1.603131651878357,0.8043591976165771,0.029095949605107307,0.06066078320145607,1.032045602798462,,,
,,,,,,,32767.0,32767.0,90.0
327.324,1.2103275060653687,-0.7069860696792603,0.31622761487960815,0.03398904204368591,0.0467551164329052,1.0417418479919434,,,
,,,,,,,32767.0,32767.0,90.0
327.334,5.094233989715576,-0.9087072610855103,0.2777464985847473,0.05722480267286301,0.05757322907447815,1.0107001066207886,,,
,,,,,,,32767.0,32767.0,90.0
327.344,5.615285873413086,0.08609829843044281,-0.21799570322036743,0.06446695327758789,0.07758781313896179,0.9878515005111694,,,
,,,,,,,32767.0,32767.0,90.0
327.354,3.2037322521209717,0.642090916633606,-0.21234296262264252,0.06517805904150009,0.08862442523241043,0.9803724884986877,,,
,,,,,,,32767.0,32767.0,90.0
327.364,4.453725337982178,1.2419781684875488,0.08404149860143661,0.04442604258656502,0.07866065949201584,1.0045641660690308,,,
,,,,,,,32767.0,32767.0,90.0
327.374,5.95415735244751,-2.2208871841430664,0.3404146134853363,0.04971146211028099,0.07435720413923264,1.0352287292480469,,,
,,,,,,,32767.0,32767.0,90.0
327.384,4.8919196128845215,-0.8988332152366638,0.6275340914726257,0.0515730157494545,0.08395163714885712,1.0052096843719482,,,
,,,,,,,32767.0,32767.0,90.0
327.394,3.9182727336883545,-1.0046584606170654,-0.3119114339351654,0.0591207854449749,0.07042529433965683,1.0165237188339233,,,
,,,,,,,32767.0,32767.0,90.0
327.404,3.0338211059570312,-1.1238956451416016,-0.6006134748458862,0.07161615788936615,0.08278006315231323,1.0052435398101807,,,
,,,,,,,32767.0,32767.0,90.0
327.414,-1.089353084564209,0.7168578505516052,-0.08757232874631882,0.0734260082244873,0.0995444655418396,0.9662113785743713,,,
,,,,,,,32767.0,32767.0,90.0
327.424,-3.5287814140319824,2.477273941040039,-0.5249029994010925,0.0755908191204071,0.09831831604242325,0.9590763449668884,,,
,,,,,,,32767.0,32767.0,90.0
327.434,-5.051172733306885,1.9734351634979248,-0.04634564369916916,0.08013103157281876,0.10232274979352951,0.9669734835624695,,,
,,,,,,,32767.0,32767.0,90.0
327.444,-3.657331705093384,3.4725067615509033,0.27610939741134644,0.07540888339281082,0.10915026813745499,0.9515054225921631,,,
,,,,,,,32767.0,32767.0,90.0
327.454,-5.814497947692871,5.199072360992432,0.8367800116539001,0.06795206665992737,0.10096324980258942,0.9539212584495544,,,
,,,,,,,32767.0,32767.0,90.0
327.464,-1.9957377910614014,4.236084461212158,0.4549448788166046,0.04240308701992035,0.06599260866641998,1.023484230041504,,,
,,,,,,,32767.0,32767.0,90.0
327.474,10.163762092590332,1.453983187675476,1.4722756147384644,0.02485676296055317,0.03778723254799843,1.1277018785476685,,,
,,,,,,,32767.0,32767.0,90.0
327.484,6.388934135437012,-1.91793954372406,-0.21382030844688416,0.06103028729557991,0.037653904408216476,1.0216059684753418,,,
,,,,,,,32767.0,32767.0,90.0
327.494,7.062755584716797,4.16997766494751,-1.2868602275848389,0.07735037058591843,0.06833852827548981,0.9672089219093323,,,
,,,,,,,32767.0,32767.0,90.0
327.504,4.852853775024414,0.03559621050953865,0.6616153120994568,0.0475921556353569,0.11044146865606308,1.0314804315567017,,,
,,,,,,,32767.0,32767.0,90.0
327.514,2.062089204788208,0.9641034007072449,0.7451736330986023,0.05012977495789528,0.08788223564624786,0.998253583908081,,,
,,,,,,,32767.0,32767.0,90.0
327.524,2.11409592628479,2.037975311279297,0.4877105951309204,0.0467207245528698,0.07842240482568741,0.9998353719711304,,,
,,,,,,,32767.0,32767.0,90.0
327.534,1.749951720237732,-0.8211354613304138,0.8065868616104126,0.03152940422296524,0.06999419629573822,1.0247968435287476,,,
,,,,,,,32767.0,32767.0,90.0
327.544,1.5066190958023071,0.3311595618724823,-0.006716769188642502,0.05326538532972336,0.07531148195266724,0.99149090051651,,,
,,,,,,,32767.0,32767.0,90.0
327.554,1.6244572401046753,0.9794338345527649,0.28871220350265503,0.055835966020822525,0.08769980818033218,0.995965301990509,,,
,,,,,,,32767.0,32767.0,90.0
327.564,0.4140141010284424,0.3141603469848633,0.2155625820159912,0.054864995181560516,0.08946813642978668,1.0064384937286377,,,
,,,,,,,32767.0,32767.0,90.0
327.574,0.4649837613105774,0.8463020920753479,0.6582851409912109,0.060934606939554214,0.09011134505271912,0.9926220774650574,,,
,,,,,,,32767.0,32767.0,90.0
327.584,0.2508126497268677,0.7610636353492737,0.6613037586212158,0.05044989660382271,0.08150219917297363,1.0112147331237793,,,
,,,,,,,32767.0,32767.0,90.0
327.594,-0.25262612104415894,0.2601146697998047,0.35164833068847656,0.05486488714814186,0.07897210866212845,1.0037927627563477,,,
,,,,,,,32767.0,32767.0,90.0
327.604,-1.6736366748809814,2.4703307151794434,0.11089466512203217,0.0752323716878891,0.08773045986890793,0.9823587536811829,,,
,,,,,,,32767.0,32767.0,90.0
327.614,-4.3979949951171875,3.383171319961548,0.25381535291671753,0.08077453821897507,0.11092668026685715,1.0031964778900146,,,
,,,,,,,32767.0,32767.0,90.0
327.624,-12.33979606628418,1.9716235399246216,0.8925336599349976,0.04773528128862381,0.12509578466415405,1.0405288934707642,,,
,,,,,,,32767.0,32767.0,90.0
327.634,-22.325387954711914,-0.6757209897041321,1.7377831935882568,0.0012450480135157704,0.10418494045734406,1.053438425064087,,,
,,,,,,,32767.0,32767.0,90.0
327.644,-23.693334579467773,-3.222799062728882,0.6298096776008606,0.022759033367037773,0.060421694070100784,1.0418376922607422,,,
,,,,,,,32767.0,32767.0,90.0
327.654,-21.56194496154785,-3.5336053371429443,0.8100894093513489,0.028432520106434822,0.04394516721367836,0.9953964352607727,,,
,,,,,,,32767.0,32767.0,90.0
327.664,-25.140422821044922,0.3403867185115814,-0.8549616932868958,0.01801086962223053,0.0015053985407575965,0.9752639532089233,,,
,,,,,,,32767.0,32767.0,90.0
327.674,-11.56174087524414,-2.21978497505188,-3.0683438777923584,0.05070898309350014,-0.004575270693749189,1.0149005651474,,,
,,,,,,,32767.0,32767.0,90.0
327.684,24.971412658691406,-7.395959854125977,-1.3861974477767944,-0.029231086373329163,-0.016721442341804504,1.035282015800476,,,
,,,,,,,32767.0,32767.0,90.0
327.694,13.424651145935059,-3.461913585662842,-0.27153676748275757,0.09477254748344421,0.05292564257979393,1.095449686050415,,,
,,,,,,,32767.0,32767.0,90.0
327.704,2.6048405170440674,-7.614802360534668,-3.6466028690338135,0.16932278871536255,0.1084376722574234,1.0275332927703857,,,
,,,,,,,32767.0,32767.0,90.0
327.714,-2.532317638397217,-3.006387233734131,-2.2787415981292725,0.11083768308162689,0.15590500831604004,0.831372857093811,,,
,,,,,,,32767.0,32767.0,90.0
327.724,-19.280311584472656,7.955045700073242,0.8907603621482849,0.04824500158429146,0.19050078094005585,0.8911755681037903,,,
,,,,,,,32767.0,32767.0,90.0
327.734,-16.030431747436523,-5.091008186340332,3.721818685531616,0.04327908530831337,0.09013191610574722,1.1118866205215454,,,
,,,,,,,32767.0,32767.0,90.0
327.744,-20.074493408203125,-2.627596139907837,0.6827919483184814,0.019419249147176743,-0.0327000766992569,1.0941771268844604,,,
,,,,,,,32767.0,32767.0,90.0
327.754,-9.758613586425781,-5.992730617523193,-2.589874744415283,0.04120131582021713,-0.00125720608048141,1.0498751401901245,,,
,,,,,,,32767.0,32767.0,90.0
327.764,-8.50207233428955,-5.630489349365234,-0.7864150404930115,0.07146888971328735,0.07143052667379379,0.9893229603767395,,,
,,,,,,,32767.0,32767.0,90.0
327.774,-3.8244802951812744,-2.843792676925659,-0.24311138689517975,0.07109303027391434,0.0807492733001709,0.9357330799102783,,,
,,,,,,,32767.0,32767.0,90.0
327.784,-2.620171070098877,-1.1549429893493652,-0.8536896705627441,0.09659574180841446,0.06990928202867508,0.9125412106513977,,,
,,,,,,,32767.0,32767.0,90.0
327.794,-9.857073783874512,1.0514239072799683,0.15785439312458038,0.08816499263048172,0.0838853120803833,0.9233465194702148,,,
,,,,,,,32767.0,32767.0,90.0
327.804,-2.433879852294922,1.6427948474884033,0.5314949750900269,0.07173270732164383,0.06567610800266266,0.9811723232269287,,,
,,,,,,,32767.0,32767.0,90.0
327.814,3.957808017730713,1.9038338661193848,0.7504025101661682,0.05693883076310158,0.029133640229701996,1.018541693687439,,,
,,,,,,,32767.0,32767.0,90.0
327.824,6.0799031257629395,0.23313255608081818,-0.39598479866981506,0.04514982923865318,0.03015034645795822,1.045979380607605,,,
,,,,,,,32767.0,32767.0,90.0
327.834,3.652050256729126,-1.8833199739456177,-0.4623181223869324,0.05164064094424248,0.059508420526981354,1.0426682233810425,,,
,,,,,,,32767.0,32767.0,90.0
327.844,-2.51387882232666,-1.0878841876983643,-0.47664886713027954,0.054281532764434814,0.06471238285303116,0.9975978136062622,,,
,,,,,,,32767.0,32767.0,90.0
327.854,-1.7765311002731323,-0.03877052664756775,0.15748633444309235,0.05966085568070412,0.05924355983734131,0.9771552085876465,,,
,,,,,,,32767.0,32767.0,90.0
327.864,-2.632789373397827,0.334193617105484,0.24483877420425415,0.06269659847021103,0.06245686113834381,0.9862865209579468,,,
,,,,,,,32767.0,32767.0,90.0
327.874,-2.132139205932617,-0.6141698360443115,0.30807027220726013,0.04859786108136177,0.055037032812833786,1.0082154273986816,,,
,,,,,,,32767.0,32767.0,90.0
327.884,3.3460159301757812,-2.3193917274475098,0.5662373304367065,0.04330651834607124,0.05101284384727478,1.0033237934112549,,,
,,,,,,,32767.0,32767.0,90.0
327.894,-2.2359066009521484,2.806800127029419,-0.11784857511520386,0.10745475441217422,0.049973055720329285,1.0132875442504883,,,
,,,,,,,32767.0,32767.0,90.0
327.904,5.171953201293945,0.6551099419593811,-0.8689036965370178,0.04358479380607605,0.03630000725388527,1.0045031309127808,,,
,,,,,,,32767.0,32767.0,90.0
327.914,-1.099661946296692,-0.7976949214935303,-0.7551926374435425,0.05715368688106537,0.06712537258863449,0.9995710253715515,,,
,,,,,,,32767.0,32767.0,90.0
327.924,-3.9678471088409424,0.4418815076351166,0.8163855075836182,0.05848531052470207,0.06893854588270187,1.002481460571289,,,
,,,,,,,32767.0,32767.0,90.0
327.934,-0.9667924046516418,0.30628910660743713,0.18993689119815826,0.057471416890621185,0.04543839395046234,1.0048267841339111,,,
,,,,,,,32767.0,32767.0,90.0
327.944,-0.5610443353652954,-0.4109336733818054,-0.3179432451725006,0.06015036255121231,0.052007924765348434,1.004621982574463,,,
,,,,,,,32767.0,32767.0,90.0
327.954,1.3431367874145508,-0.4495100677013397,-0.05164550617337227,0.06267449259757996,0.05648302659392357,1.0033864974975586,,,
,,,,,,,32767.0,32767.0,90.0
327.964,1.1076104640960693,0.07208128273487091,0.013895655050873756,0.06057632714509964,0.054822806268930435,0.9989209175109863,,,
,,,,,,,32767.0,32767.0,90.0
327.974,0.2108183205127716,-0.12465672940015793,-0.444542795419693,0.05965852737426758,0.058695755898952484,1.003679871559143,,,
,,,,,,,32767.0,32767.0,90.0
327.984,-0.7963599562644958,-0.38601386547088623,-0.18161728978157043,0.05874785780906677,0.058398570865392685,1.0036375522613525,,,
,,,,,,,32767.0,32767.0,90.0
327.994,-0.9092885255813599,-0.058701615780591965,-0.10660336911678314,0.059536825865507126,0.05297106131911278,1.001415491104126,,,
,,,,,,,32767.0,32767.0,90.0
328.004,-1.0187838077545166,-0.21529130637645721,-0.1729486733675003,0.05600742623209953,0.0535285584628582,1.003122329711914,,,
,,,,,,,32767.0,32767.0,90.0
328.014,-0.46324312686920166,-0.13059861958026886,-0.30269306898117065,0.05855020135641098,0.05463617295026779,1.0049058198928833,,,
,,,,,,,32767.0,32767.0,90.0
328.024,0.9942925572395325,-0.3295100927352905,0.19653253257274628,0.05757340416312218,0.050827570259571075,1.00458824634552,,,
,,,,,,,32767.0,32767.0,90.0
328.034,1.2551672458648682,-0.09330227971076965,0.22314321994781494,0.05717391520738602,0.05416886880993843,0.9999695420265198,,,
,,,,,,,32767.0,32767.0,90.0
328.044,-0.3873204290866852,0.06465920805931091,-0.04663311317563057,0.05881853401660919,0.058866675943136215,1.000050663948059,,,
,,,,,,,32767.0,32767.0,90.0
328.054,-1.106225609779358,-0.03026457689702511,-0.3475087583065033,0.058412134647369385,0.05381316319108009,1.0019633769989014,,,
,,,,,,,32767.0,32767.0,90.0
328.064,-0.6725640892982483,-0.08644165843725204,-0.19847238063812256,0.05930964648723602,0.05230071023106575,1.00339674949646,,,
,,,,,,,32767.0,32767.0,90.0
328.074,-0.23217879235744476,-0.6560193300247192,-0.08268361538648605,0.060142725706100464,0.052840981632471085,1.00508451461792,,,
,,,,,,,32767.0,32767.0,90.0
328.084,0.40768903493881226,0.020547350868582726,-0.11388363689184189,0.060157183557748795,0.05048569291830063,1.0027563571929932,,,
,,,,,,,32767.0,32767.0,90.0
328.094,0.810075044631958,-0.21539416909217834,0.012010128237307072,0.0618717186152935,0.0527469702064991,1.0013866424560547,,,
,,,,,,,32767.0,32767.0,90.0
328.104,0.16717477142810822,-0.032911382615566254,0.1291877031326294,0.060483723878860474,0.056833505630493164,1.0004574060440063,,,
,,,,,,,32767.0,32767.0,90.0
328.114,-0.7361538410186768,-0.02122078649699688,-0.26704642176628113,0.05719776824116707,0.055888477712869644,1.001771330833435,,,
,,,,,,,32767.0,32767.0,90.0
328.124,-0.88739013671875,-0.31503626704216003,-0.16418097913265228,0.05790194869041443,0.05314944311976433,1.003494381904602,,,
,,,,,,,32767.0,32767.0,90.0
328.134,-0.4731966555118561,-0.2020961195230484,-0.09905264526605606,0.059078995138406754,0.05333898589015007,1.0023382902145386,,,
,,,,,,,32767.0,32767.0,90.0
328.144,-0.6540506482124329,-0.04278446361422539,-0.058900296688079834,0.062378060072660446,0.0545269213616848,0.9985650181770325,,,
,,,,,,,32767.0,32767.0,90.0
328.154,-0.21043218672275543,-0.3243531584739685,0.06662140041589737,0.060063861310482025,0.05367671325802803,0.9994514584541321,,,
,,,,,,,32767.0,32767.0,90.0
328.164,-0.24001866579055786,0.04361104965209961,0.0026028291322290897,0.058281634002923965,0.05332135036587715,1.0004596710205078,,,
,,,,,,,32767.0,32767.0,90.0
328.174,-1.0266731977462769,0.5103097558021545,0.1042720377445221,0.059707775712013245,0.05162941664457321,1.0019004344940186,,,
,,,,,,,32767.0,32767.0,90.0
328.184,-2.237900495529175,0.2488064169883728,0.04854916036128998,0.05967109277844429,0.05242534354329109,1.0031780004501343,,,
,,,,,,,32767.0,32767.0,90.0
328.194,-1.3353612422943115,0.08208882063627243,0.12463471293449402,0.059247858822345734,0.04936737194657326,1.0068912506103516,,,
,,,,,,,32767.0,32767.0,90.0
328.204,-1.197484016418457,-0.04821997135877609,-0.024037962779402733,0.05856166034936905,0.04921628534793854,1.006377100944519,,,
,,,,,,,32767.0,32767.0,90.0
328.214,1.1672961711883545,-0.3958832621574402,-0.24011465907096863,0.05789883807301521,0.04920981824398041,1.0027586221694946,,,
,,,,,,,32767.0,32767.0,90.0
328.224,1.1487492322921753,0.1893753856420517,0.04516204446554184,0.06069931015372276,0.054451100528240204,0.9966168403625488,,,
,,,,,,,32767.0,32767.0,90.0
328.234,1.6850178241729736,0.15279828011989594,-0.09217341244220734,0.06124972552061081,0.053529467433691025,0.998645544052124,,,
,,,,,,,32767.0,32767.0,90.0
328.244,1.5735769271850586,0.45445719361305237,-0.08739909529685974,0.05992789939045906,0.051336780190467834,0.998475968837738,,,
,,,,,,,32767.0,32767.0,90.0
328.254,-1.3523486852645874,0.47512975335121155,-0.15394775569438934,0.055375244468450546,0.057973917573690414,1.003092885017395,,,
,,,,,,,32767.0,32767.0,90.0
328.264,1.4271749258041382,-0.5542536973953247,0.20479318499565125,0.05937599018216133,0.05288795381784439,1.008924961090088,,,
,,,,,,,32767.0,32767.0,90.0
328.274,1.3044445514678955,-0.2970430254936218,-0.39884617924690247,0.05628069490194321,0.046080708503723145,0.9935954809188843,,,
,,,,,,,32767.0,32767.0,90.0
328.284,30.203365325927734,-0.6201522350311279,0.8662257194519043,0.06814704090356827,0.031884949654340744,0.9622581601142883,,,
,,,,,,,32767.0,32767.0,90.0
328.294,3.7113077640533447,1.1394122838974,-0.6940199136734009,0.0740068256855011,0.08379852771759033,0.9722061157226562,,,
,,,,,,,32767.0,32767.0,90.0
328.304,0.11253324151039124,1.3254162073135376,-0.13524803519248962,0.06492587178945541,0.10581426322460175,1.0388036966323853,,,
,,,,,,,32767.0,32767.0,90.0
328.314,-4.393385887145996,-1.793736457824707,-1.3009448051452637,0.036794330924749374,0.048885323107242584,1.0393061637878418,,,
,,,,,,,32767.0,32767.0,90.0
328.324,-11.665103912353516,4.014822483062744,-0.024242984130978584,0.06473594158887863,0.03973272070288658,1.0244498252868652,,,
,,,,,,,32767.0,32767.0,90.0
328.334,3.036999225616455,-2.3979735374450684,0.16700604557991028,0.04658195376396179,0.05248134955763817,1.019421100616455,,,
,,,,,,,32767.0,32767.0,90.0
328.344,13.218783378601074,-2.382422685623169,0.06766019761562347,0.06641585379838943,0.028646280989050865,0.9608199596405029,,,
,,,,,,,32767.0,32767.0,90.0
328.354,19.17360496520996,0.8870959877967834,0.46515923738479614,0.06919930130243301,0.05063065141439438,0.9443389773368835,,,
,,,,,,,32767.0,32767.0,90.0
328.364,25.803953170776367,0.5582820177078247,0.21650905907154083,0.07407441735267639,0.07330163568258286,0.9701136350631714,,,
,,,,,,,32767.0,32767.0,90.0
328.374,22.173229217529297,1.2833235263824463,-0.0075009954161942005,0.04833647608757019,0.07033602893352509,0.9981688857078552,,,
,,,,,,,32767.0,32767.0,90.0
328.384,14.695488929748535,-0.0512273795902729,0.32958054542541504,0.052310552448034286,0.07077168673276901,1.072617769241333,,,
,,,,,,,32767.0,32767.0,90.0
328.394,19.14241600036621,-3.802077293395996,0.4941791594028473,0.05136599764227867,0.05709157511591911,1.0677177906036377,,,
,,,,,,,32767.0,32767.0,90.0
328.404,17.662275314331055,-3.0351080894470215,-0.03455737233161926,0.05262818560004234,0.07551881670951843,0.9893426895141602,,,
,,,,,,,32767.0,32767.0,90.0
328.414,10.983209609985352,-0.03126991167664528,0.1360449492931366,0.06534615904092789,0.1129133328795433,0.9619832634925842,,,
,,,,,,,32767.0,32767.0,90.0
328.424,3.465017080307007,0.6694665551185608,0.023677155375480652,0.0699898973107338,0.11205320060253143,0.9840853214263916,,,
,,,,,,,32767.0,32767.0,90.0
328.434,-2.5096702575683594,0.88980633020401,-0.7736061215400696,0.06377505511045456,0.09573503583669662,1.0083893537521362,,,
,,,,,,,32767.0,32767.0,90.0
328.444,-4.228852272033691,1.412924885749817,-0.4891309440135956,0.05899733304977417,0.09028308093547821,1.0086523294448853,,,
,,,,,,,32767.0,32767.0,90.0
328.454,-4.987196445465088,1.2911127805709839,0.4708874225616455,0.053986866027116776,0.08024416118860245,1.0080538988113403,,,
,,,,,,,32767.0,32767.0,90.0
328.464,-3.4416167736053467,0.4228249490261078,-0.0981910452246666,0.05443664267659187,0.0650225505232811,1.0214104652404785,,,
,,,,,,,32767.0,32767.0,90.0
328.474,-2.8637027740478516,-0.7748875617980957,-0.26290637254714966,0.053074177354574203,0.07462523132562637,1.0194270610809326,,,
,,,,,,,32767.0,32767.0,90.0
328.484,-2.9583325386047363,-0.6392230987548828,0.021638615056872368,0.06116356700658798,0.08500854671001434,0.997949481010437,,,
,,,,,,,32767.0,32767.0,90.0
328.494,-4.749027729034424,0.04344504699110985,-0.4084303379058838,0.06805463880300522,0.08733074367046356,0.9734965562820435,,,
,,,,,,,32767.0,32767.0,90.0
328.504,-5.226036548614502,0.7533342838287354,-0.6269086599349976,0.060289859771728516,0.08440104871988297,0.9804268479347229,,,
,,,,,,,32767.0,32767.0,90.0
328.514,-5.898250579833984,0.31144189834594727,-0.33958670496940613,0.06161462515592575,0.08498929440975189,1.000954508781433,,,
,,,,,,,32767.0,32767.0,90.0
328.524,-10.6422700881958,-0.45061221718788147,-0.278653621673584,0.059027280658483505,0.09765346348285675,1.0014588832855225,,,
,,,,,,,32767.0,32767.0,90.0
328.534,-14.555161476135254,2.1071267127990723,0.6233312487602234,0.05635850504040718,0.08020343631505966,1.0057728290557861,,,
,,,,,,,32767.0,32767.0,90.0
328.544,-19.62112045288086,0.13395772874355316,-1.6560397148132324,0.058999765664339066,0.05201948434114456,1.0519334077835083,,,
,,,,,,,32767.0,32767.0,90.0
328.554,-19.01925277709961,-1.4200905561447144,-0.3311239182949066,0.050913672894239426,0.07072067260742188,1.0451765060424805,,,
,,,,,,,32767.0,32767.0,90.0
328.564,-21.65744972229004,-1.688283920288086,-0.17538011074066162,0.05595642700791359,0.0768703743815422,0.990199863910675,,,
,,,,,,,32767.0,32767.0,90.0
328.574,-20.16563606262207,-0.5851029753684998,-0.1736678034067154,0.06861767917871475,0.0601000115275383,0.9604465961456299,,,
,,,,,,,32767.0,32767.0,90.0
328.584,-10.987000465393066,0.20264868438243866,-0.09941888600587845,0.06350427865982056,0.04242347553372383,0.9612523913383484,,,
,,,,,,,32767.0,32767.0,90.0
328.594,-3.1559808254241943,0.5891955494880676,0.008112668059766293,0.06470289826393127,0.046789925545454025,0.9732432961463928,,,
,,,,,,,32767.0,32767.0,90.0
328.604,-0.18458248674869537,1.0601346492767334,0.17177733778953552,0.0655912309885025,0.05524221807718277,0.989736020565033,,,
,,,,,,,32767.0,32767.0,90.0
328.614,-0.08071549981832504,1.109405755996704,-0.03328593075275421,0.05617367476224899,0.05654361471533775,1.0060898065567017,,,
,,,,,,,32767.0,32767.0,90.0
328.624,-3.231006622314453,0.6876034736633301,-0.310934454202652,0.049230244010686874,0.05858336389064789,1.0161150693893433,,,
,,,,,,,32767.0,32767.0,90.0
328.634,-4.672651767730713,-0.11132115125656128,0.11434467136859894,0.05151522532105446,0.05459421128034592,1.0178861618041992,,,
,,,,,,,32767.0,32767.0,90.0
328.644,-5.354755878448486,-0.8297698497772217,-0.008316761814057827,0.05833527818322182,0.05255589261651039,1.0075018405914307,,,
,,,,,,,32767.0,32767.0,90.0
328.654,-8.155144691467285,0.41275471448898315,-0.14051905274391174,0.06532711535692215,0.059800583869218826,0.9938902854919434,,,
,,,,,,,32767.0,32767.0,90.0
328.664,-10.288540840148926,0.3070417642593384,-0.5212878584861755,0.07186631113290787,0.06629634648561478,0.9932640790939331,,,
,,,,,,,32767.0,32767.0,90.0
328.674,-12.735396385192871,1.4276642799377441,-0.20421183109283447,0.06132853031158447,0.06610679626464844,0.999622106552124,,,
,,,,,,,32767.0,32767.0,90.0
328.684,-11.638907432556152,0.899169921875,0.5101483464241028,0.058276645839214325,0.06647103279829025,1.0128211975097656,,,
,,,,,,,32767.0,32767.0,90.0
328.694,-14.452929496765137,0.07662153989076614,1.2888572216033936,0.06938875466585159,0.07074998319149017,1.0088284015655518,,,
,,,,,,,32767.0,32767.0,90.0
328.704,-19.212635040283203,0.6242128014564514,1.9202271699905396,0.0683305487036705,0.06374432146549225,0.9968885779380798,,,
,,,,,,,32767.0,32767.0,90.0
328.714,-19.468671798706055,0.7798232436180115,1.8005130290985107,0.05793072655797005,0.03721003234386444,0.9896713495254517,,,
,,,,,,,32767.0,32767.0,90.0
328.724,-17.873291015625,1.5135951042175293,1.5790473222732544,0.050419412553310394,0.020805181935429573,1.0110496282577515,,,
,,,,,,,32767.0,32767.0,90.0
328.734,-14.733985900878906,-0.23938649892807007,1.8322789669036865,0.04729606956243515,0.018866972997784615,1.0195578336715698,,,
,,,,,,,32767.0,32767.0,90.0
328.744,-11.977301597595215,0.6107769012451172,1.285593032836914,0.05398331582546234,0.010891365818679333,1.0027110576629639,,,
,,,,,,,32767.0,32767.0,90.0
328.754,-17.3460750579834,1.4586591720581055,0.3771798312664032,0.06811545044183731,0.020231638103723526,1.000846266746521,,,
,,,,,,,32767.0,32767.0,90.0
328.764,0.12027351558208466,-1.1553821563720703,2.5171332359313965,0.04934452474117279,0.018795082345604897,0.9993492364883423,,,
,,,,,,,32767.0,32767.0,90.0
328.774,-10.64922046661377,0.698794424533844,2.3706982135772705,0.045135557651519775,0.01798184961080551,0.9870142936706543,,,
,,,,,,,32767.0,32767.0,90.0
328.784,-3.3024561405181885,1.0436006784439087,1.2886854410171509,0.05149667337536812,-0.002307593123987317,1.0007057189941406,,,
,,,,,,,32767.0,32767.0,90.0
328.794,-2.949924945831299,0.5046504735946655,0.733020544052124,0.051263339817523956,-0.0019265543669462204,1.0134251117706299,,,
,,,,,,,32767.0,32767.0,90.0
328.804,5.162362575531006,-1.2928240299224854,0.5872446894645691,0.045846421271562576,-0.003420895664021373,1.0147849321365356,,,
,,,,,,,32767.0,32767.0,90.0
328.814,0.5111061334609985,0.41900792717933655,-0.5457925200462341,0.05789896100759506,0.016916470602154732,1.0038948059082031,,,
,,,,,,,32767.0,32767.0,90.0
328.824,2.289320468902588,-0.9715828895568848,-0.24439086019992828,0.052752818912267685,0.022340433672070503,1.012874722480774,,,
,,,,,,,32767.0,32767.0,90.0
328.834,-1.5818912982940674,0.22621160745620728,0.011064582504332066,0.057794418185949326,0.025414763018488884,1.0030895471572876,,,
,,,,,,,32767.0,32767.0,90.0
328.844,5.125977516174316,-1.4498759508132935,0.02205762080848217,0.04956308752298355,0.011215174570679665,1.0102266073226929,,,
,,,,,,,32767.0,32767.0,90.0
328.854,0.011097338050603867,-0.6493957042694092,-0.06370004266500473,0.05578194931149483,0.014868075959384441,1.0002654790878296,,,
,,,,,,,32767.0,32767.0,90.0
328.864,8.062952995300293,-1.4509717226028442,-0.928658664226532,0.05125385522842407,-0.0033791260793805122,0.9959306120872498,,,
,,,,,,,32767.0,32767.0,90.0
328.874,12.131507873535156,0.1718340516090393,-1.462630271911621,0.05877380445599556,-0.006355167832225561,1.000090479850769,,,
,,,,,,,32767.0,32767.0,90.0
328.884,19.482263565063477,-1.420101284980774,-1.436165452003479,0.05221797153353691,-0.000427702150773257,1.0000131130218506,,,
,,,,,,,32767.0,32767.0,90.0
328.894,10.273673057556152,0.3001112639904022,-2.1148602962493896,0.05629729852080345,0.028354430571198463,0.998428463935852,,,
,,,,,,,32767.0,32767.0,90.0
328.904,14.843994140625,-0.3886387348175049,-1.829953908920288,0.05618254840373993,0.04252567142248154,1.0105489492416382,,,
,,,,,,,32767.0,32767.0,90.0
328.914,5.303354263305664,0.1738477349281311,-1.8053762912750244,0.06487337499856949,0.061549555510282516,1.011175513267517,,,
,,,,,,,32767.0,32767.0,90.0
328.924,8.853861808776855,-1.1604441404342651,-0.8554204106330872,0.06086220592260361,0.06221168115735054,1.014879822731018,,,
,,,,,,,32767.0,32767.0,90.0
328.934,3.7070577144622803,-0.39579010009765625,-0.4143168330192566,0.06249232962727547,0.060518521815538406,0.9945513010025024,,,
,,,,,,,32767.0,32767.0,90.0
328.944,1.530409812927246,-0.08660552650690079,-0.5818930864334106,0.0656421035528183,0.05739634484052658,0.993234395980835,,,
,,,,,,,32767.0,32767.0,90.0
328.954,0.8324694037437439,0.09205860644578934,0.10753205418586731,0.06528754532337189,0.0520939938724041,0.9957442283630371,,,
,,,,,,,32767.0,32767.0,90.0
328.964,-0.437715619802475,0.6566228270530701,0.33087968826293945,0.05875201150774956,0.03868323937058449,1.0049223899841309,,,
,,,,,,,32767.0,32767.0,90.0
328.974,-0.4090809226036072,-0.16064578294754028,0.051659706979990005,0.05942438915371895,0.03495970740914345,1.0130209922790527,,,
,,,,,,,32767.0,32767.0,90.0
328.984,0.5019619464874268,-0.5282299518585205,0.037991441786289215,0.05418328568339348,0.029691385105252266,1.0112695693969727,,,
,,,,,,,32767.0,32767.0,90.0
328.994,0.7930013537406921,-0.6949588060379028,-0.10179193317890167,0.05844715237617493,0.035765714943408966,1.0017824172973633,,,
,,,,,,,32767.0,32767.0,90.0
329.004,2.39997935295105,-0.7670208811759949,-0.37879544496536255,0.05941765382885933,0.037709612399339676,0.9961001873016357,,,
,,,,,,,32767.0,32767.0,90.0
329.014,2.3739418983459473,0.25107541680336,-0.34593382477760315,0.06012006849050522,0.0339273177087307,0.9903184175491333,,,
,,,,,,,32767.0,32767.0,90.0
329.024,2.867475748062134,0.03394515812397003,-0.46378853917121887,0.058441855013370514,0.034971971064805984,0.9975698590278625,,,
,,,,,,,32767.0,32767.0,90.0
329.034,2.1719677448272705,0.4722438454627991,-0.4256846606731415,0.05512947216629982,0.041172273457050323,1.0094999074935913,,,
,,,,,,,32767.0,32767.0,90.0
329.044,2.427168369293213,-0.4129241704940796,-0.4277794361114502,0.054063789546489716,0.04347885027527809,1.0112292766571045,,,
,,,,,,,32767.0,32767.0,90.0
329.054,1.5332947969436646,-0.39991748332977295,-0.25843605399131775,0.06037699058651924,0.04501987621188164,1.0046510696411133,,,
,,,,,,,32767.0,32767.0,90.0
329.064,1.873292326927185,-0.37276679277420044,-0.36049845814704895,0.0633421465754509,0.04290471598505974,0.9965604543685913,,,
,,,,,,,32767.0,32767.0,90.0
329.074,1.7823021411895752,0.3004276156425476,-0.25593510270118713,0.062052223831415176,0.04120844975113869,0.9960976243019104,,,
,,,,,,,32767.0,32767.0,90.0
329.084,1.9057090282440186,0.15108729898929596,-0.19858305156230927,0.059631891548633575,0.04301564022898674,1.0014374256134033,,,
,,,,,,,32767.0,32767.0,90.0
329.094,1.6907026767730713,-0.3327975869178772,-0.4425504803657532,0.05727526545524597,0.04374271631240845,1.0074946880340576,,,
,,,,,,,32767.0,32767.0,90.0
329.104,1.6860291957855225,-0.080118328332901,-0.2238457351922989,0.05804825201630592,0.0432150773704052,1.0066523551940918,,,
,,,,,,,32767.0,32767.0,90.0
329.114,1.6666404008865356,-0.18234136700630188,-0.35539761185646057,0.05783563479781151,0.04044964909553528,1.002701759338379,,,
,,,,,,,32767.0,32767.0,90.0
329.124,1.6783688068389893,-0.10835535079240799,-0.19287537038326263,0.058467183262109756,0.04316341504454613,1.0011436939239502,,,
,,,,,,,32767.0,32767.0,90.0
329.134,1.4021230936050415,-0.060982927680015564,-0.2446698248386383,0.05928805097937584,0.044638123363256454,1.0023431777954102,,,
,,,,,,,32767.0,32767.0,90.0
329.144,1.5621014833450317,0.17283400893211365,-0.051803626120090485,0.05865227058529854,0.04901786521077156,1.0007686614990234,,,
,,,,,,,32767.0,32767.0,90.0
329.154,0.6071975231170654,0.12208595871925354,0.1914995312690735,0.05778190493583679,0.05010576918721199,1.0025969743728638,,,
,,,,,,,32767.0,32767.0,90.0
329.164,0.7083309292793274,0.31087949872016907,-0.09297826141119003,0.062235232442617416,0.04692184180021286,1.0049874782562256,,,
,,,,,,,32767.0,32767.0,90.0
329.174,0.931617021560669,0.13549411296844482,-0.08528264611959457,0.06284855306148529,0.04436838999390602,0.9976192116737366,,,
,,,,,,,32767.0,32767.0,90.0
329.184,1.2447640895843506,0.19847947359085083,-0.015652664005756378,0.055054936558008194,0.04892309382557869,0.9986839890480042,,,
,,,,,,,32767.0,32767.0,90.0
329.194,0.5963528156280518,0.4081707000732422,0.21035656332969666,0.055256057530641556,0.04938212409615517,1.0060577392578125,,,
,,,,,,,32767.0,32767.0,90.0
329.204,0.027642004191875458,0.011749220080673695,-0.0662514790892601,0.05698045343160629,0.04566911607980728,1.0086270570755005,,,
,,,,,,,32767.0,32767.0,90.0
329.214,0.265332967042923,-0.04445912316441536,-0.07581813633441925,0.05500984564423561,0.04236761853098869,1.0040793418884277,,,
,,,,,,,32767.0,32767.0,90.0
329.224,0.8768804669380188,0.025378534570336342,-0.32358700037002563,0.05967557802796364,0.04234227538108826,1.0006290674209595,,,
,,,,,,,32767.0,32767.0,90.0
329.234,0.9517621397972107,0.1763240396976471,0.05541561171412468,0.060093849897384644,0.04379599168896675,0.9987540245056152,,,
,,,,,,,32767.0,32767.0,90.0
329.244,1.5576976537704468,-0.007216237019747496,-0.13188570737838745,0.05883302539587021,0.0416136309504509,0.9964457750320435,,,
,,,,,,,32767.0,32767.0,90.0
329.254,3.420097827911377,0.20020154118537903,-0.319649338722229,0.05701100081205368,0.036996155977249146,0.9992210865020752,,,
,,,,,,,32767.0,32767.0,90.0
329.264,5.448263168334961,0.08642832189798355,-0.5293998122215271,0.058195944875478745,0.03436924144625664,0.9982466697692871,,,
,,,,,,,32767.0,32767.0,90.0
329.274,7.091912269592285,0.49973899126052856,-0.6201982498168945,0.05995376035571098,0.03513488173484802,0.9970420598983765,,,
,,,,,,,32767.0,32767.0,90.0
329.284,7.069799900054932,0.5623075366020203,-0.5545951724052429,0.06055917963385582,0.05393971875309944,1.0027562379837036,,,
,,,,,,,32767.0,32767.0,90.0
329.294,4.180276393890381,0.5655218362808228,0.4659203290939331,0.05832325294613838,0.0808887705206871,1.0074673891067505,,,
,,,,,,,32767.0,32767.0,90.0
329.304,0.7120263576507568,0.4751492738723755,0.2534283399581909,0.051927052438259125,0.0652468204498291,1.0026891231536865,,,
,,,,,,,32767.0,32767.0,90.0
329.314,-0.48967424035072327,0.781489908695221,-0.09119559079408646,0.05631380155682564,0.04310419782996178,1.0080020427703857,,,
,,,,,,,32767.0,32767.0,90.0
329.324,-1.6202737092971802,0.3547613322734833,0.05897804722189903,0.05601530522108078,0.04719383642077446,1.0163404941558838,,,
,,,,,,,32767.0,32767.0,90.0
329.334,-2.893552541732788,0.2957996726036072,0.025191260501742363,0.04919663816690445,0.05475220829248428,1.0155690908432007,,,
,,,,,,,32767.0,32767.0,90.0
329.344,-2.590672492980957,-0.2868128716945648,-0.26368382573127747,0.0535457618534565,0.04774602875113487,1.0095163583755493,,,
,,,,,,,32767.0,32767.0,90.0
329.354,-2.970916986465454,-0.44636011123657227,-0.317349374294281,0.05168329179286957,0.0507616251707077,1.0081886053085327,,,
,,,,,,,32767.0,32767.0,90.0
329.364,-2.686258554458618,-0.06709413230419159,0.1889178305864334,0.054566167294979095,0.050874121487140656,1.0049104690551758,,,
,,,,,,,32767.0,32767.0,90.0
329.374,-1.3606432676315308,-1.1871733665466309,-0.16462065279483795,0.057133786380290985,0.041997816413640976,1.0019229650497437,,,
,,,,,,,32767.0,32767.0,90.0
329.384,-0.08244955539703369,-0.475297212600708,-0.18325050175189972,0.057600073516368866,0.04124971479177475,1.0012683868408203,,,
,,,,,,,32767.0,32767.0,90.0
329.394,0.23441572487354279,-0.6431639790534973,0.0008516085799783468,0.05881574749946594,0.04874962568283081,1.0035468339920044,,,
,,,,,,,32767.0,32767.0,90.0
329.404,-0.4138283431529999,-0.10282288491725922,0.2007143199443817,0.059209562838077545,0.052443284541368484,1.0031177997589111,,,
,,,,,,,32767.0,32767.0,90.0
329.414,-0.4393957853317261,-0.5004335045814514,-0.18063689768314362,0.06010226160287857,0.047526765614748,1.0018028020858765,,,
,,,,,,,32767.0,32767.0,90.0
329.424,-0.08825068920850754,-0.356901079416275,-0.4519331157207489,0.05979815497994423,0.04613374173641205,0.9986940026283264,,,
,,,,,,,32767.0,32767.0,90.0
329.434,1.0182230472564697,-0.009267757646739483,-0.13221420347690582,0.05727960541844368,0.047655362635850906,0.9974040389060974,,,
,,,,,,,32767.0,32767.0,90.0
329.444,0.8208538889884949,-0.3147621154785156,0.014397179707884789,0.057628657668828964,0.048210106790065765,1.0038843154907227,,,
,,,,,,,32767.0,32767.0,90.0
329.454,1.0234320163726807,-0.30360040068626404,-0.10028678923845291,0.05767562985420227,0.045257460325956345,1.0090192556381226,,,
,,,,,,,32767.0,32767.0,90.0
329.464,0.05482161417603493,-0.4353376030921936,-0.5441688299179077,0.05719931051135063,0.050361745059490204,1.0046778917312622,,,
,,,,,,,32767.0,32767.0,90.0
329.474,0.28911665081977844,0.052179619669914246,0.21021470427513123,0.06033612787723541,0.05280231311917305,0.9991039037704468,,,
,,,,,,,32767.0,32767.0,90.0
329.484,0.20957718789577484,-0.3577083945274353,-0.14647738635540009,0.055375002324581146,0.05058762803673744,1.0013307332992554,,,
,,,,,,,32767.0,32767.0,90.0
329.494,-0.18729908764362335,-0.2646486163139343,-0.2585127353668213,0.047868866473436356,0.048019204288721085,1.0065395832061768,,,
,,,,,,,32767.0,32767.0,90.0
329.504,3.3713526725769043,-2.9983832836151123,0.28815019130706787,0.04003343731164932,0.04480769857764244,1.021723985671997,,,
,,,,,,,32767.0,32767.0,90.0
329.514,0.8030520677566528,2.570054292678833,-0.6972026824951172,0.08477295190095901,0.04467377811670303,1.0006071329116821,,,
,,,,,,,32767.0,32767.0,90.0
329.524,-7.028267860412598,2.399343252182007,-0.5674121975898743,0.05778123065829277,0.05020958185195923,1.0030090808868408,,,
,,,,,,,32767.0,32767.0,90.0
329.534,-4.46178674697876,-3.3376424312591553,-1.8081611394882202,0.04222608730196953,0.06724237650632858,1.0337237119674683,,,
,,,,,,,32767.0,32767.0,90.0
329.544,-4.376341819763184,-4.897731304168701,0.6943377256393433,0.04537876322865486,0.04872693866491318,1.0124200582504272,,,
,,,,,,,32767.0,32767.0,90.0
329.554,1.1458369493484497,-3.0354630947113037,-0.19462555646896362,0.08255540579557419,0.019785674288868904,0.966924250125885,,,
,,,,,,,32767.0,32767.0,90.0
329.564,8.506361961364746,1.9025973081588745,-2.025182008743286,0.06886784732341766,0.04198848828673363,0.9534602761268616,,,
,,,,,,,32767.0,32767.0,90.0
329.574,0.4009450674057007,2.753742218017578,0.029273465275764465,0.06684452295303345,0.07966452091932297,0.9983758926391602,,,
,,,,,,,32767.0,32767.0,90.0
329.584,-4.144850254058838,0.06648678332567215,0.14672382175922394,0.05046868696808815,0.05969148874282837,1.0266315937042236,,,
,,,,,,,32767.0,32767.0,90.0
329.594,-3.016044855117798,-0.0704791322350502,-2.505452871322632,0.06134388968348503,0.021854057908058167,1.0167086124420166,,,
,,,,,,,32767.0,32767.0,90.0
329.604,3.4911882877349854,-2.509866237640381,0.786226749420166,0.0514812208712101,0.05091701075434685,0.9998881816864014,,,
,,,,,,,32767.0,32767.0,90.0
329.614,1.3431804180145264,-0.3245750069618225,-0.8188313841819763,0.0575723871588707,0.05299470201134682,0.983873724937439,,,
,,,,,,,32767.0,32767.0,90.0
329.624,-0.08467096090316772,0.9220066070556641,-0.3459510803222656,0.08458711206912994,0.05290008336305618,0.993857204914093,,,
,,,,,,,32767.0,32767.0,90.0
329.634,-1.6373374462127686,1.9662330150604248,-0.1446208655834198,0.05060809850692749,0.06071280688047409,0.9823957681655884,,,
,,,,,,,32767.0,32767.0,90.0
329.644,-4.608015537261963,2.3446125984191895,-0.2432848960161209,0.051741983741521835,0.05466713756322861,1.0000476837158203,,,
,,,,,,,32767.0,32767.0,90.0
329.654,-2.0045063495635986,0.3484497368335724,0.7340549826622009,0.07144267857074738,0.04498369246721268,1.0114591121673584,,,
,,,,,,,32767.0,32767.0,90.0
329.664,-2.6984236240386963,1.5414986610412598,-0.8913142085075378,0.07173779606819153,0.04407467320561409,0.9777849316596985,,,
,,,,,,,32767.0,32767.0,90.0
329.674,-3.1953299045562744,3.084242582321167,-2.1646840572357178,0.0794580802321434,0.052274439483881,0.9774742722511292,,,
,,,,,,,32767.0,32767.0,90.0
329.684,-3.525451183319092,3.7456436157226562,0.7319939136505127,0.05402132868766785,0.06099597364664078,1.0149250030517578,,,
,,,,,,,32767.0,32767.0,90.0
329.694,-1.839815616607666,2.6198043823242188,-0.2452803999185562,0.04172757267951965,0.027844896540045738,1.0368084907531738,,,
,,,,,,,32767.0,32767.0,90.0
329.704,-6.320767879486084,1.0571873188018799,-2.2544443607330322,0.045473612844944,0.02012273482978344,1.0320243835449219,,,
,,,,,,,32767.0,32767.0,90.0
329.714,-4.682224273681641,0.22663606703281403,-1.2713559865951538,0.03795596584677696,0.05310129374265671,1.019954800605774,,,
,,,,,,,32767.0,32767.0,90.0
329.724,-4.304068088531494,0.4266315698623657,-0.5839585661888123,0.045265212655067444,0.05042796581983566,1.009747862815857,,,
,,,,,,,32767.0,32767.0,90.0
329.734,-5.964287281036377,0.9432660341262817,-1.3297550678253174,0.058255258947610855,0.04154190793633461,1.0094753503799438,,,
,,,,,,,32767.0,32767.0,90.0
329.744,-6.48371696472168,0.8220433592796326,-1.2381718158721924,0.05697380751371384,0.03943527489900589,1.0003595352172852,,,
,,,,,,,32767.0,32767.0,90.0
329.754,-4.505545616149902,1.038205862045288,-1.4344019889831543,0.05394640564918518,0.02908855862915516,0.9920468926429749,,,
,,,,,,,32767.0,32767.0,90.0
329.764,-3.731010675430298,2.2015268802642822,-2.054326295852661,0.0538351833820343,0.02584814466536045,0.9954391717910767,,,
,,,,,,,32767.0,32767.0,90.0
329.774,-2.433436393737793,1.9505630731582642,-2.2582507133483887,0.04926072061061859,0.032881226390600204,1.0003371238708496,,,
,,,,,,,32767.0,32767.0,90.0
329.784,-1.9275132417678833,2.206291675567627,-2.060943841934204,0.054153867065906525,0.038091402500867844,1.0082474946975708,,,
,,,,,,,32767.0,32767.0,90.0
329.794,-1.522900938987732,2.0220532417297363,-1.9126460552215576,0.05617968738079071,0.03620482236146927,1.0159151554107666,,,
,,,,,,,32767.0,32767.0,90.0
329.804,2.4925789833068848,-1.57639741897583,-2.0910558700561523,0.043690700083971024,0.03599431738257408,1.0263530015945435,,,
,,,,,,,32767.0,32767.0,90.0
329.814,-4.787106990814209,0.2691512405872345,-2.1900439262390137,0.04514014348387718,0.029748858883976936,1.0123538970947266,,,
,,,,,,,32767.0,32767.0,90.0
329.824,0.9559082388877869,-2.1988844871520996,-2.097222089767456,0.047317199409008026,0.03608781471848488,1.018956184387207,,,
,,,,,,,32767.0,32767.0,90.0
329.834,-6.359403133392334,-1.4189664125442505,-0.4240383505821228,0.053409770131111145,0.041266728192567825,1.0049619674682617,,,
,,,,,,,32767.0,32767.0,90.0
329.844,-0.4749004542827606,-2.3701746463775635,-0.8349792957305908,0.05220300331711769,0.03486376628279686,0.9978017210960388,,,
,,,,,,,32767.0,32767.0,90.0
329.854,3.348762035369873,-2.6356608867645264,-0.060098350048065186,0.05209486186504364,0.036943219602108,0.9932945966720581,,,
,,,,,,,32767.0,32767.0,90.0
329.864,3.0172910690307617,-0.5446097254753113,0.056167121976614,0.06396033614873886,0.03990506753325462,0.9894817471504211,,,
,,,,,,,32767.0,32767.0,90.0
329.874,2.370741367340088,0.3271005153656006,-0.3355986475944519,0.06387010961771011,0.03958567604422569,0.9903534650802612,,,
,,,,,,,32767.0,32767.0,90.0
329.884,-0.8753393888473511,-0.3026169240474701,-0.5897809267044067,0.05170125886797905,0.04121570661664009,1.0043699741363525,,,
,,,,,,,32767.0,32767.0,90.0
329.894,0.47512489557266235,-1.6061177253723145,0.5918786525726318,0.04710695892572403,0.040855005383491516,1.0147582292556763,,,
,,,,,,,32767.0,32767.0,90.0
329.904,1.418305516242981,-1.5598379373550415,0.37543585896492004,0.055940717458724976,0.03106745146214962,1.0045030117034912,,,
,,,,,,,32767.0,32767.0,90.0
329.914,0.21488675475120544,0.2832498848438263,-1.496739387512207,0.06492562592029572,0.02701346017420292,0.9947360157966614,,,
,,,,,,,32767.0,32767.0,90.0
329.924,0.6455474495887756,0.5761648416519165,-0.7901461124420166,0.05971723794937134,0.03897988423705101,0.9972124099731445,,,
,,,,,,,32767.0,32767.0,90.0
329.934,2.7538270950317383,-0.3475589454174042,-0.0986543670296669,0.05320175364613533,0.04656262323260307,1.001560091972351,,,
,,,,,,,32767.0,32767.0,90.0
329.944,3.6366772651672363,-0.9059932827949524,0.1569634974002838,0.049937959760427475,0.036086488515138626,1.0052931308746338,,,
,,,,,,,32767.0,32767.0,90.0
329.954,3.4876255989074707,-0.17180697619915009,-0.15603092312812805,0.060513660311698914,0.02948807179927826,1.0053173303604126,,,
,,,,,,,32767.0,32767.0,90.0
329.964,0.6908766627311707,0.8951645493507385,-0.2851245403289795,0.05796130746603012,0.04927347972989082,1.0089794397354126,,,
,,,,,,,32767.0,32767.0,90.0
329.974,0.015992311760783195,0.3725876808166504,0.08168549835681915,0.05556109920144081,0.04952646791934967,1.0076302289962769,,,
,,,,,,,32767.0,32767.0,90.0
329.984,1.6775814294815063,-0.4165516495704651,-0.11293121427297592,0.05107377469539642,0.03429289162158966,1.0002888441085815,,,
,,,,,,,32767.0,32767.0,90.0
329.994,1.8892371654510498,-0.7921352982521057,0.12377653270959854,0.053565818816423416,0.04078007489442825,1.0045017004013062,,,
,,,,,,,32767.0,32767.0,90.0
330.004,1.4128780364990234,-0.551047146320343,-0.20428717136383057,0.05597202107310295,0.04332844540476799,0.9987615942955017,,,
,,,,,,,32767.0,32767.0,90.0
330.014,-0.17246000468730927,0.8986520767211914,-0.3477049171924591,0.055633943527936935,0.039064060896635056,0.9986127614974976,,,
,,,,,,,32767.0,32767.0,90.0
330.024,0.279841810464859,0.016705404967069626,-0.2048850804567337,0.05615167319774628,0.04357804358005524,1.0051347017288208,,,
,,,,,,,32767.0,32767.0,90.0
330.034,-0.10538101941347122,-0.2453971952199936,0.08596745133399963,0.053852129727602005,0.04298201575875282,1.00575852394104,,,
,,,,,,,32767.0,32767.0,90.0
330.044,0.3103538751602173,-0.6564880609512329,-0.2795558571815491,0.05552918463945389,0.03993412107229233,1.00093674659729,,,
,,,,,,,32767.0,32767.0,90.0
330.054,0.08828478306531906,0.3240726888179779,-0.22586652636528015,0.05847906321287155,0.03990377485752106,0.9956247210502625,,,
,,,,,,,32767.0,32767.0,90.0
330.064,-0.19566868245601654,0.6250547170639038,-0.24755173921585083,0.05811689421534538,0.0410173125565052,0.9943889379501343,,,
,,,,,,,32767.0,32767.0,90.0
330.074,-1.6168652772903442,0.45079371333122253,-0.05866521596908569,0.05404585227370262,0.045858606696128845,0.9999157786369324,,,
,,,,,,,32767.0,32767.0,90.0
330.084,-1.24649977684021,-0.045473676174879074,0.008045983500778675,0.048064492642879486,0.039064012467861176,1.0091145038604736,,,
,,,,,,,32767.0,32767.0,90.0
330.094,-1.2147362232208252,-0.5471734404563904,-0.2775171101093292,0.05236414819955826,0.034979403018951416,1.0120254755020142,,,
,,,,,,,32767.0,32767.0,90.0
330.104,-0.6440309286117554,-0.15993356704711914,0.034262098371982574,0.06140924617648125,0.037481896579265594,1.0025560855865479,,,
,,,,,,,32767.0,32767.0,90.0
330.114,-0.872164785861969,0.5029774308204651,-0.1748289167881012,0.06208429113030434,0.04048335179686546,0.9926482439041138,,,
,,,,,,,32767.0,32767.0,90.0
330.124,-0.03312327712774277,0.8048508763313293,-0.06206965819001198,0.0546371191740036,0.03909178450703621,1.0015068054199219,,,
,,,,,,,32767.0,32767.0,90.0
330.134,0.7156297564506531,-0.08503279834985733,0.06503932178020477,0.05004669353365898,0.03728007152676582,1.014272689819336,,,
,,,,,,,32767.0,32767.0,90.0
330.144,1.4076498746871948,-0.46906962990760803,-0.11519954353570938,0.052928127348423004,0.035110361874103546,1.0053374767303467,,,
,,,,,,,32767.0,32767.0,90.0
330.154,0.9741736054420471,0.8158285617828369,-0.33458083868026733,0.06050962582230568,0.03587907925248146,0.9929202795028687,,,
,,,,,,,32767.0,32767.0,90.0
330.164,1.542690634727478,0.8810325860977173,0.05281268060207367,0.05803719907999039,0.03798467665910721,0.9889394640922546,,,
,,,,,,,32767.0,32767.0,90.0
330.174,1.8534648418426514,0.48280882835388184,0.10820521414279938,0.048652008175849915,0.04557144269347191,1.0077694654464722,,,
,,,,,,,32767.0,32767.0,90.0
330.184,2.519094705581665,-0.8664409518241882,0.09556232392787933,0.046835388988256454,0.03996617719531059,1.0169249773025513,,,
,,,,,,,32767.0,32767.0,90.0
330.194,2.679657459259033,-0.4102853834629059,-0.07028517127037048,0.053118716925382614,0.035028744488954544,1.0080276727676392,,,
,,,,,,,32767.0,32767.0,90.0
330.204,2.647263526916504,-0.11254634708166122,-0.1306886523962021,0.056130051612854004,0.04252758249640465,1.0003565549850464,,,
,,,,,,,32767.0,32767.0,90.0
330.214,1.3967852592468262,0.38656139373779297,0.013977534137666225,0.053270451724529266,0.04886891320347786,1.0048611164093018,,,
,,,,,,,32767.0,32767.0,90.0
330.224,-0.23535935580730438,-0.2358524650335312,-0.2777251899242401,0.045877039432525635,0.04433091729879379,1.0133062601089478,,,
,,,,,,,32767.0,32767.0,90.0
330.234,-1.174012541770935,-0.6945135593414307,-0.2793368995189667,0.04797060415148735,0.038011014461517334,1.0135109424591064,,,
,,,,,,,32767.0,32767.0,90.0
330.244,-0.9349578619003296,-0.6786472797393799,0.10196994245052338,0.05516955628991127,0.0430942177772522,1.0009253025054932,,,
,,,,,,,32767.0,32767.0,90.0
330.254,-0.3525862991809845,-0.6127750873565674,-0.24865533411502838,0.05704619362950325,0.04780120030045509,0.9954751133918762,,,
,,,,,,,32767.0,32767.0,90.0
330.264,0.09813757985830307,-0.14127102494239807,0.024413352832198143,0.056931160390377045,0.04382378235459328,1.0006047487258911,,,
,,,,,,,32767.0,32767.0,90.0
330.274,0.6583214402198792,-0.4427518844604492,0.09624893218278885,0.05179034173488617,0.040332164615392685,1.0055159330368042,,,
,,,,,,,32767.0,32767.0,90.0
330.284,0.8795939087867737,-0.7542834281921387,-0.13453879952430725,0.053540315479040146,0.04329235851764679,1.0035456418991089,,,
,,,,,,,32767.0,32767.0,90.0
330.294,0.6230877041816711,-0.4786491096019745,0.08268671482801437,0.056167326867580414,0.04470206797122955,0.9996095299720764,,,
,,,,,,,32767.0,32767.0,90.0
330.304,-0.0076028513722121716,-0.3802748918533325,-0.03592574596405029,0.05780330300331116,0.043952576816082,0.9999202489852905,,,
,,,,,,,32767.0,32767.0,90.0
330.314,-0.8030651211738586,-0.06745995581150055,-0.3049921691417694,0.05495592579245567,0.04376061260700226,1.002567172050476,,,
,,,,,,,32767.0,32767.0,90.0
330.324,-0.4023694396018982,-0.47581803798675537,0.0446988046169281,0.052397191524505615,0.04347908869385719,1.0059149265289307,,,
,,,,,,,32767.0,32767.0,90.0
330.334,-0.23565074801445007,-0.6156207919120789,0.0300931166857481,0.052373580634593964,0.0404680073261261,1.0068506002426147,,,
,,,,,,,32767.0,32767.0,90.0
330.344,-0.28664734959602356,-0.6744556427001953,-0.10771367698907852,0.05610031634569168,0.04185866191983223,1.007091760635376,,,
,,,,,,,32767.0,32767.0,90.0
330.354,-0.5302309989929199,-0.002129299333319068,-0.028532618656754494,0.06347823143005371,0.040756408125162125,1.0009104013442993,,,
,,,,,,,32767.0,32767.0,90.0
330.364,-0.7912895679473877,0.03774835541844368,-0.29315492510795593,0.056521281599998474,0.04180523380637169,1.0005786418914795,,,
,,,,,,,32767.0,32767.0,90.0
330.374,-1.096010684967041,-0.2733108699321747,-0.11321591585874557,0.053538594394922256,0.04574049264192581,1.004771113395691,,,
,,,,,,,32767.0,32767.0,90.0
330.384,-0.2940822243690491,-0.3262147009372711,-0.09132318943738937,0.05245673656463623,0.03995734453201294,1.0029369592666626,,,
,,,,,,,32767.0,32767.0,90.0
330.394,0.4294721186161041,-0.29172250628471375,0.0659988522529602,0.05638915300369263,0.03941177576780319,0.9982732534408569,,,
,,,,,,,32767.0,32767.0,90.0
330.404,1.2404770851135254,0.3857545554637909,0.05148774012923241,0.05898883566260338,0.04280855134129524,0.9989687204360962,,,
,,,,,,,32767.0,32767.0,90.0
330.414,1.5775760412216187,0.30642077326774597,0.0748622715473175,0.061628881841897964,0.04166585952043533,1.008062720298767,,,
,,,,,,,32767.0,32767.0,90.0
330.424,2.2501111030578613,0.1848423182964325,-0.10441076755523682,0.054380178451538086,0.041138045489788055,1.008305311203003,,,
,,,,,,,32767.0,32767.0,90.0
330.434,1.9958287477493286,-0.3060496151447296,-0.21164481341838837,0.052156802266836166,0.041823770850896835,1.0058298110961914,,,
,,,,,,,32767.0,32767.0,90.0
330.444,1.622373104095459,0.054187461733818054,-0.09294357895851135,0.05350951850414276,0.04561441019177437,1.0057694911956787,,,
,,,,,,,32767.0,32767.0,90.0
330.454,1.7087810039520264,0.32747212052345276,-0.01815129444003105,0.05823003128170967,0.046986620873212814,0.9994778037071228,,,
,,,,,,,32767.0,32767.0,90.0
330.464,1.5286744832992554,0.16599103808403015,0.06041225790977478,0.05392047390341759,0.044445138424634933,1.0000224113464355,,,
,,,,,,,32767.0,32767.0,90.0
330.474,1.295985460281372,0.20809563994407654,-0.3008294701576233,0.052923038601875305,0.045794401317834854,1.0040977001190186,,,
,,,,,,,32767.0,32767.0,90.0
330.484,0.8207632303237915,0.08606264740228653,-0.14040175080299377,0.05580117926001549,0.04282252863049507,1.0048065185546875,,,
,,,,,,,32767.0,32767.0,90.0
330.494,-0.2221820205450058,-0.1244066059589386,-0.25642162561416626,0.055946413427591324,0.04242220148444176,1.0019856691360474,,,
,,,,,,,32767.0,32767.0,90.0
330.504,-0.7207924723625183,0.2871093153953552,-0.17656663060188293,0.05691215768456459,0.04372410476207733,1.0045746564865112,,,
,,,,,,,32767.0,32767.0,90.0
330.514,-0.6403105854988098,0.42976370453834534,-0.1777852177619934,0.054502613842487335,0.043389055877923965,1.0024384260177612,,,
,,,,,,,32767.0,32767.0,90.0
330.524,-0.7390789985656738,-0.16744942963123322,-0.23174671828746796,0.054603878408670425,0.04327678680419922,1.0027825832366943,,,
,,,,,,,32767.0,32767.0,90.0
330.534,-0.3829413652420044,-0.029912101104855537,0.06659179925918579,0.05176910012960434,0.04641496390104294,1.0019065141677856,,,
,,,,,,,32767.0,32767.0,90.0
330.544,-0.15308137238025665,0.032582834362983704,-0.27675479650497437,0.05392865464091301,0.04205940291285515,1.0041660070419312,,,
,,,,,,,32767.0,32767.0,90.0
330.554,-0.06456436961889267,0.33806610107421875,-0.009240255691111088,0.05654503032565117,0.04356823116540909,1.002981424331665,,,
,,,,,,,32767.0,32767.0,90.0
330.564,-0.3725837469100952,0.37770316004753113,-0.037500426173210144,0.05557253956794739,0.04491112381219864,0.9973194003105164,,,
,,,,,,,32767.0,32767.0,90.0
330.574,-0.1460418701171875,0.43041887879371643,-0.10230522602796555,0.053601883351802826,0.04491613432765007,1.0019272565841675,,,
,,,,,,,32767.0,32767.0,90.0
330.584,0.12972547113895416,0.2637837529182434,0.1281922608613968,0.05300186946988106,0.04430477321147919,1.0049225091934204,,,
,,,,,,,32767.0,32767.0,90.0
330.594,-0.22797971963882446,0.08805976063013077,0.009587781503796577,0.05318296328186989,0.04344690963625908,0.9998606443405151,,,
,,,,,,,32767.0,32767.0,90.0
330.604,-0.550917387008667,0.38984981179237366,-0.1791306734085083,0.05361292511224747,0.04455362632870674,0.9998024106025696,,,
,,,,,,,32767.0,32767.0,90.0
330.614,-0.8995855450630188,0.4776427447795868,-0.009887159802019596,0.05392128601670265,0.04536091908812523,1.004744529724121,,,
,,,,,,,32767.0,32767.0,90.0
330.624,-1.5870174169540405,0.10964995622634888,0.30382320284843445,0.0521891824901104,0.04399721324443817,1.0100443363189697,,,
,,,,,,,32767.0,32767.0,90.0
330.634,-1.7529144287109375,0.08227860182523727,0.15272055566310883,0.05149345472455025,0.043439533561468124,1.0053178071975708,,,
,,,,,,,32767.0,32767.0,90.0
330.644,-1.8065797090530396,0.013679947704076767,-0.06664182990789413,0.05194544792175293,0.04355476051568985,1.000057578086853,,,
,,,,,,,32767.0,32767.0,90.0
330.654,-2.13564133644104,-0.03099709004163742,-0.05843144655227661,0.052017223089933395,0.04449508711695671,1.0004746913909912,,,
,,,,,,,32767.0,32767.0,90.0
330.664,-2.387425184249878,-0.12502850592136383,-0.15721209347248077,0.05111119896173477,0.04309658706188202,1.0005297660827637,,,
,,,,,,,32767.0,32767.0,90.0
330.674,-2.1621131896972656,0.1584179848432541,-0.21272677183151245,0.053617801517248154,0.043210189789533615,1.0038944482803345,,,
,,,,,,,32767.0,32767.0,90.0
330.684,-2.088813543319702,-0.04938490316271782,0.03567636013031006,0.0532396025955677,0.04253397509455681,1.0028396844863892,,,
,,,,,,,32767.0,32767.0,90.0
330.694,-2.072077512741089,0.09239470958709717,0.08704753965139389,0.0537143237888813,0.043417561799287796,1.0050908327102661,,,
,,,,,,,32767.0,32767.0,90.0
330.704,-3.624664545059204,0.12258666753768921,-0.09213937073945999,0.0531485378742218,0.0410471074283123,1.010738730430603,,,
,,,,,,,32767.0,32767.0,90.0
330.714,-4.9603424072265625,-0.5353222489356995,-0.3506368398666382,0.05447620898485184,0.04185528680682182,1.0091376304626465,,,
,,,,,,,32767.0,32767.0,90.0
330.724,-5.467993259429932,-0.020332375541329384,-0.18549677729606628,0.052800606936216354,0.040566910058259964,1.0023237466812134,,,
,,,,,,,32767.0,32767.0,90.0
330.734,-4.4775824546813965,-0.3199036717414856,0.13303381204605103,0.05618283897638321,0.039936598390340805,0.9974215626716614,,,
,,,,,,,32767.0,32767.0,90.0
330.744,-3.8132801055908203,-0.0030904600862413645,0.7854199409484863,0.057830534875392914,0.05031769722700119,1.0036803483963013,,,
,,,,,,,32767.0,32767.0,90.0
330.754,-3.549175977706909,0.11076471954584122,1.1600481271743774,0.054460007697343826,0.03620634600520134,1.0001693964004517,,,
,,,,,,,32767.0,32767.0,90.0
330.764,-2.3302645683288574,0.39257001876831055,0.1550980806350708,0.051028504967689514,0.016789991408586502,0.9976801872253418,,,
,,,,,,,32767.0,32767.0,90.0
330.774,-0.6368259787559509,0.11451083421707153,-0.2366979569196701,0.05186197906732559,0.02031579799950123,0.99867182970047,,,
,,,,,,,32767.0,32767.0,90.0
330.784,-0.20687252283096313,-0.14768840372562408,0.0034763074945658445,0.052251674234867096,0.03720180690288544,1.0070381164550781,,,
,,,,,,,32767.0,32767.0,90.0
330.794,-0.23720921576023102,-0.2273634821176529,0.14382211863994598,0.05499652400612831,0.03432876616716385,1.0033804178237915,,,
,,,,,,,32767.0,32767.0,90.0
330.804,-0.19779111444950104,0.5373579263687134,-0.2214633822441101,0.05509648844599724,0.02988656796514988,1.0034892559051514,,,
,,,,,,,32767.0,32767.0,90.0
330.814,-0.06770186871290207,0.4244292974472046,0.40718749165534973,0.054603323340415955,0.03714935481548309,1.0052133798599243,,,
,,,,,,,32767.0,32767.0,90.0
330.824,-0.12252252548933029,0.3711867034435272,0.1411752849817276,0.05216948315501213,0.03589946776628494,1.003240704536438,,,
,,,,,,,32767.0,32767.0,90.0
330.834,0.35794076323509216,0.0846930667757988,-0.0863756537437439,0.05311043560504913,0.03330042585730553,1.0036951303482056,,,
,,,,,,,32767.0,32767.0,90.0
330.844,0.5282254815101624,0.7317700386047363,-0.48240262269973755,0.0566018745303154,0.03600127249956131,1.0015039443969727,,,
,,,,,,,32767.0,32767.0,90.0
330.854,0.08862447738647461,1.1998357772827148,-0.3641107678413391,0.05111102759838104,0.027963105589151382,0.9942035675048828,,,
,,,,,,,32767.0,32767.0,90.0
330.864,0.6217938661575317,-0.4046766757965088,0.5533753037452698,0.05524003878235817,0.04242795333266258,1.0108078718185425,,,
,,,,,,,32767.0,32767.0,90.0
330.874,-0.5332701206207275,-0.20360232889652252,-0.6848966479301453,0.052436571568250656,0.042366381734609604,1.0051960945129395,,,
,,,,,,,32767.0,32767.0,90.0
330.884,-1.881932258605957,1.483971357345581,-0.47181403636932373,0.05064551159739494,0.029980430379509926,1.0022046566009521,,,
,,,,,,,32767.0,32767.0,90.0
330.894,0.2602795958518982,0.24810393154621124,-0.017742209136486053,0.05017171800136566,0.04562722519040108,1.0147982835769653,,,
,,,,,,,32767.0,32767.0,90.0
330.904,-2.0948240756988525,-0.22977842390537262,-0.2181137502193451,0.051973383873701096,0.0376545786857605,1.0093872547149658,,,
,,,,,,,32767.0,32767.0,90.0
330.914,-0.11400987207889557,-1.0560455322265625,-0.16289909183979034,0.04935576394200325,0.02408326230943203,0.9955381751060486,,,
,,,,,,,32767.0,32767.0,90.0
330.924,-0.3379591405391693,0.31433531641960144,0.12903600931167603,0.05872364342212677,0.04021778330206871,1.0001806020736694,,,
,,,,,,,32767.0,32767.0,90.0
330.934,0.030453624203801155,-0.16484375298023224,0.29705238342285156,0.05258423089981079,0.039045095443725586,1.001044750213623,,,
,,,,,,,32767.0,32767.0,90.0
330.944,0.43077006936073303,-0.08257561177015305,-0.6161795258522034,0.05362660810351372,0.02410118468105793,0.9917161464691162,,,
,,,,,,,32767.0,32767.0,90.0
330.954,2.9762251377105713,-0.48464101552963257,0.18600083887577057,0.06023470312356949,0.042059995234012604,0.9975970983505249,,,
,,,,,,,32767.0,32767.0,90.0
330.964,3.5225837230682373,-0.29594507813453674,0.46535739302635193,0.05762263387441635,0.047228652983903885,0.9892746210098267,,,
,,,,,,,32767.0,32767.0,90.0
330.974,3.2048873901367188,1.1901304721832275,0.18327714502811432,0.053717225790023804,0.034562788903713226,0.9882934093475342,,,
,,,,,,,32767.0,32767.0,90.0
330.984,0.9804003238677979,1.5368958711624146,-0.17996574938297272,0.05253992974758148,0.04088447988033295,1.0097875595092773,,,
,,,,,,,32767.0,32767.0,90.0
330.994,-2.5343258380889893,0.3708350956439972,-0.23927929997444153,0.05170054733753204,0.04657835140824318,1.0082695484161377,,,
,,,,,,,32767.0,32767.0,90.0
331.004,-3.035975933074951,0.6393543481826782,0.5777215957641602,0.05687398463487625,0.04589064046740532,0.9994936585426331,,,
,,,,,,,32767.0,32767.0,90.0
331.014,-3.0292913913726807,1.1026558876037598,0.07613680511713028,0.0548243373632431,0.039690472185611725,1.0009393692016602,,,
,,,,,,,32767.0,32767.0,90.0
331.024,-5.023348331451416,2.038506031036377,-0.2744125425815582,0.050846539437770844,0.03318328782916069,1.0083290338516235,,,
,,,,,,,32767.0,32767.0,90.0
331.034,-1.368261694908142,0.7763428092002869,0.4625767171382904,0.03966948762536049,0.026275891810655594,1.0487476587295532,,,
,,,,,,,32767.0,32767.0,90.0
331.044,-3.8508830070495605,-1.232661485671997,0.0010290603386238217,0.04260934516787529,0.03051675111055374,1.017626166343689,,,
,,,,,,,32767.0,32767.0,90.0
331.054,-2.0039243698120117,0.01543841976672411,-0.05874643474817276,0.05391574651002884,0.026365282014012337,0.9902660846710205,,,
,,,,,,,32767.0,32767.0,90.0
331.064,-0.8990788459777832,-0.21894560754299164,-0.010305860079824924,0.047283679246902466,0.02590205892920494,1.0041053295135498,,,
,,,,,,,32767.0,32767.0,90.0
331.074,0.1078762412071228,-0.3938259482383728,0.1318243145942688,0.04918321594595909,0.02768770046532154,1.0035667419433594,,,
,,,,,,,32767.0,32767.0,90.0
331.084,0.8944535851478577,0.17904196679592133,-0.0697440505027771,0.053344085812568665,0.02933371439576149,0.9967376589775085,,,
,,,,,,,32767.0,32767.0,90.0
331.094,1.463991641998291,-0.4257670044898987,-0.2782287299633026,0.049425430595874786,0.03060850501060486,1.0089480876922607,,,
,,,,,,,32767.0,32767.0,90.0
331.104,1.9261351823806763,-0.5984698534011841,0.043824467808008194,0.047495074570178986,0.030969152227044106,1.0181785821914673,,,
,,,,,,,32767.0,32767.0,90.0
331.114,2.208099603652954,-1.3086657524108887,-0.11565534770488739,0.04757821559906006,0.03274339810013771,1.011020541191101,,,
,,,,,,,32767.0,32767.0,90.0
331.124,0.99002605676651,-0.8989054560661316,-0.39991864562034607,0.05060678347945213,0.03449614718556404,1.0028902292251587,,,
,,,,,,,32767.0,32767.0,90.0
331.134,1.8360681533813477,-0.5283805727958679,0.04499037563800812,0.05321640148758888,0.04061597213149071,1.0035947561264038,,,
,,,,,,,32767.0,32767.0,90.0
331.144,2.08664608001709,-0.9054298400878906,-0.0483994334936142,0.0503070168197155,0.036263614892959595,1.0006738901138306,,,
,,,,,,,32767.0,32767.0,90.0
331.154,1.96401047706604,-1.515036940574646,-0.3647625744342804,0.05243223160505295,0.03389297425746918,1.0018844604492188,,,
,,,,,,,32767.0,32767.0,90.0
331.164,1.5475742816925049,-0.9218584299087524,-0.25974681973457336,0.051311228424310684,0.03625556826591492,1.00267493724823,,,
,,,,,,,32767.0,32767.0,90.0
331.174,0.9321756958961487,-0.7827887535095215,0.1570848673582077,0.05156128853559494,0.036112453788518906,1.0018905401229858,,,
,,,,,,,32767.0,32767.0,90.0
331.184,2.1408276557922363,-0.7283607721328735,-0.24282953143119812,0.054752301424741745,0.03452792018651962,1.0003658533096313,,,
,,,,,,,32767.0,32767.0,90.0
331.194,2.8245532512664795,-0.7016971707344055,-0.13908641040325165,0.05797702446579933,0.033845335245132446,0.9993123412132263,,,
,,,,,,,32767.0,32767.0,90.0
331.204,3.6879208087921143,-0.41931939125061035,-0.6145427823066711,0.05230037495493889,0.022112559527158737,0.9929053783416748,,,
,,,,,,,32767.0,32767.0,90.0
331.214,5.2224440574646,0.510626494884491,-1.160574197769165,0.05206163972616196,0.021700695157051086,0.9918608069419861,,,
,,,,,,,32767.0,32767.0,90.0
331.224,6.283565044403076,0.41720911860466003,-1.0718889236450195,0.05403300002217293,0.0420306995511055,0.997556209564209,,,
,,,,,,,32767.0,32767.0,90.0
331.234,6.245497703552246,-0.14587555825710297,-0.5577852725982666,0.05500593036413193,0.05336736515164375,1.003345012664795,,,
,,,,,,,32767.0,32767.0,90.0
331.244,6.5350446701049805,0.3464841842651367,-0.3962189853191376,0.05493753030896187,0.04698420688509941,1.0013015270233154,,,
,,,,,,,32767.0,32767.0,90.0
331.254,5.778753757476807,0.3294958770275116,-0.2623766362667084,0.0571126714348793,0.05060200020670891,1.0055681467056274,,,
,,,,,,,32767.0,32767.0,90.0
331.264,3.9815118312835693,0.642155647277832,0.027538403868675232,0.05694695562124252,0.05612239986658096,1.0085399150848389,,,
,,,,,,,32767.0,32767.0,90.0
331.274,2.7755556106567383,0.6529497504234314,0.11002737283706665,0.051396116614341736,0.04401577636599541,1.007528305053711,,,
,,,,,,,32767.0,32767.0,90.0
331.284,1.8040357828140259,0.19696557521820068,-0.21959079802036285,0.05130545794963837,0.04569613188505173,1.0115046501159668,,,
,,,,,,,32767.0,32767.0,90.0
331.294,0.6004820466041565,0.29685837030410767,0.044873762875795364,0.04921707510948181,0.05163858085870743,1.0089826583862305,,,
,,,,,,,32767.0,32767.0,90.0
331.304,0.30136236548423767,0.11144708842039108,-0.0014254712732508779,0.04916759952902794,0.04803440719842911,1.0056551694869995,,,
,,,,,,,32767.0,32767.0,90.0
331.314,-0.44667306542396545,0.09796097129583359,0.17435085773468018,0.050917480140924454,0.04798619821667671,1.0074957609176636,,,
,,,,,,,32767.0,32767.0,90.0
331.324,0.011285591870546341,0.2709832787513733,-0.054758358746767044,0.05212080851197243,0.04832009598612785,1.0076947212219238,,,
,,,,,,,32767.0,32767.0,90.0
331.334,-0.2882670760154724,-0.1430315524339676,-0.13530096411705017,0.05177423730492592,0.046274565160274506,1.0086719989776611,,,
,,,,,,,32767.0,32767.0,90.0
331.344,-1.0570963621139526,-0.5346729755401611,0.2570249140262604,0.05156351625919342,0.04560580104589462,1.0035210847854614,,,
,,,,,,,32767.0,32767.0,90.0
331.354,-2.316755533218384,0.2926267683506012,-0.17478805780410767,0.05148106813430786,0.04398699849843979,0.9978670477867126,,,
,,,,,,,32767.0,32767.0,90.0
331.364,-3.786661148071289,0.4213755130767822,-0.3064028024673462,0.0537751279771328,0.049124766141176224,1.0003070831298828,,,
,,,,,,,32767.0,32767.0,90.0
331.374,-5.331080913543701,0.18929439783096313,-0.058881644159555435,0.05201898515224457,0.05020047724246979,1.0042206048965454,,,
,,,,,,,32767.0,32767.0,90.0
331.384,-5.3298444747924805,-0.06890960037708282,0.16636139154434204,0.0505891889333725,0.041743434965610504,1.0000114440917969,,,
,,,,,,,32767.0,32767.0,90.0
331.394,-4.271573066711426,0.04453370347619057,-0.24248534440994263,0.05416489765048027,0.04004517197608948,0.9957665205001831,,,
,,,,,,,32767.0,32767.0,90.0
331.404,-1.18125319480896,0.4035567343235016,-0.22693860530853271,0.057083889842033386,0.03585861995816231,0.9913595914840698,,,
,,,,,,,32767.0,32767.0,90.0
331.414,1.39401376247406,0.4369864761829376,-0.06428918242454529,0.055119168013334274,0.03465062007308006,0.9951080083847046,,,
,,,,,,,32767.0,32767.0,90.0
331.424,4.89880895614624,0.6876627206802368,-0.5760626792907715,0.05366326868534088,0.042493484914302826,1.0087512731552124,,,
,,,,,,,32767.0,32767.0,90.0
331.434,4.644404411315918,-0.36306846141815186,0.5180691480636597,0.04989991709589958,0.037604283541440964,1.0012239217758179,,,
,,,,,,,32767.0,32767.0,90.0
331.444,7.1898369789123535,0.7246361970901489,-0.5072770714759827,0.04943733289837837,0.028853528201580048,0.9918942451477051,,,
,,,,,,,32767.0,32767.0,90.0
331.454,6.0890607833862305,1.0745437145233154,-0.6107832193374634,0.05765138566493988,0.047870662063360214,1.0137231349945068,,,
,,,,,,,32767.0,32767.0,90.0
331.464,2.4858150482177734,-1.2669987678527832,0.5962082743644714,0.04281424358487129,0.05841008946299553,1.0352811813354492,,,
,,,,,,,32767.0,32767.0,90.0
331.474,0.8282181024551392,-0.3906417191028595,-0.09873901307582855,0.05148791894316673,0.04400157928466797,0.9974845051765442,,,
,,,,,,,32767.0,32767.0,90.0
331.484,0.1143239438533783,0.7630725502967834,-0.3608546555042267,0.05294176936149597,0.05223711580038071,1.0019994974136353,,,
,,,,,,,32767.0,32767.0,90.0
331.494,-2.0256927013397217,-0.2612351179122925,0.10731478035449982,0.0503898486495018,0.058312952518463135,1.0093719959259033,,,
,,,,,,,32767.0,32767.0,90.0
331.504,-1.9054665565490723,0.8610039353370667,0.11835002899169922,0.057428061962127686,0.0493527390062809,0.9992280006408691,,,
,,,,,,,32767.0,32767.0,90.0
331.514,-2.9562644958496094,0.1943938136100769,-0.4635621905326843,0.05080776661634445,0.046475429087877274,1.0055853128433228,,,
,,,,,,,32767.0,32767.0,90.0
331.524,-2.768073558807373,0.20563487708568573,-0.29821914434432983,0.05070989206433296,0.044406112283468246,1.002029299736023,,,
,,,,,,,32767.0,32767.0,90.0
331.534,-0.6748477220535278,0.6852489709854126,0.3466648757457733,0.05423303693532944,0.036732397973537445,0.9949352145195007,,,
,,,,,,,32767.0,32767.0,90.0
331.544,0.4879523813724518,0.5829930901527405,-0.49690020084381104,0.05219704285264015,0.03586269170045853,1.0056272745132446,,,
,,,,,,,32767.0,32767.0,90.0
331.554,0.9265657663345337,-0.28388240933418274,-0.43640759587287903,0.05345533415675163,0.03926721587777138,1.0029491186141968,,,
,,,,,,,32767.0,32767.0,90.0
331.564,1.0597212314605713,0.5622350573539734,-0.1576470285654068,0.06031728535890579,0.04158920422196388,0.9976150393486023,,,
,,,,,,,32767.0,32767.0,90.0
331.574,2.863645553588867,0.6592164635658264,-0.9811863899230957,0.06040389463305473,0.037048351019620895,0.9978339672088623,,,
,,,,,,,32767.0,32767.0,90.0
331.584,4.486624240875244,0.7975797057151794,-0.6592665910720825,0.05766059458255768,0.041121434420347214,0.9940674304962158,,,
,,,,,,,32767.0,32767.0,90.0
331.594,5.8110551834106445,1.107966423034668,-1.2159754037857056,0.05226320028305054,0.045577727258205414,0.9950307607650757,,,
,,,,,,,32767.0,32767.0,90.0
331.604,4.229668617248535,0.7084171175956726,-1.721103310585022,0.04767252877354622,0.0515204481780529,1.0127129554748535,,,
,,,,,,,32767.0,32767.0,90.0
331.614,1.6797356605529785,0.1243472471833229,-1.9136792421340942,0.04394497349858284,0.05147228389978409,1.0077106952667236,,,
,,,,,,,32767.0,32767.0,90.0
331.624,1.3571500778198242,0.745822012424469,-2.0814476013183594,0.04597533494234085,0.048617009073495865,0.9987436532974243,,,
,,,,,,,32767.0,32767.0,90.0
331.634,0.20443406701087952,0.6799691319465637,-2.342087745666504,0.044842757284641266,0.051586803048849106,1.0133577585220337,,,
,,,,,,,32767.0,32767.0,90.0
331.644,-1.3142510652542114,-0.5906370878219604,-2.427166223526001,0.0460161454975605,0.04614096134901047,1.0117448568344116,,,
,,,,,,,32767.0,32767.0,90.0
331.654,-1.6560945510864258,-0.2217181921005249,-3.033863067626953,0.04999325051903725,0.039716143161058426,1.002724289894104,,,
,,,,,,,32767.0,32767.0,90.0
331.664,-1.850641131401062,-0.2748611271381378,-3.532848358154297,0.047153789550065994,0.04579244181513786,1.0039262771606445,,,
,,,,,,,32767.0,32767.0,90.0
331.674,-2.43575382232666,-0.7478196620941162,-3.177621841430664,0.04728536307811737,0.05358640477061272,1.004993200302124,,,
,,,,,,,32767.0,32767.0,90.0
331.684,-3.5927951335906982,-0.11389027535915375,-3.2908406257629395,0.05009064823389053,0.05251055210828781,0.9958634972572327,,,
,,,,,,,32767.0,32767.0,90.0
331.694,-3.8031656742095947,-0.3631058633327484,-3.199374198913574,0.047816202044487,0.05224002152681351,1.0045053958892822,,,
,,,,,,,32767.0,32767.0,90.0
331.704,-4.210052967071533,-1.0532361268997192,-2.916433095932007,0.04922612011432648,0.051288045942783356,1.0050469636917114,,,
,,,,,,,32767.0,32767.0,90.0
331.714,-3.914618968963623,-0.034129541367292404,-3.1074814796447754,0.05009302496910095,0.04536185413599014,0.9940905570983887,,,
,,,,,,,32767.0,32767.0,90.0
331.724,-3.1291518211364746,-0.23045340180397034,-2.789573907852173,0.04955661669373512,0.04556786268949509,1.0036611557006836,,,
,,,,,,,32767.0,32767.0,90.0
331.734,-4.323077201843262,-0.6850651502609253,-2.659237861633301,0.05023818835616112,0.044893160462379456,1.007023811340332,,,
,,,,,,,32767.0,32767.0,90.0
331.744,-2.9687399864196777,0.3350397050380707,-1.9503170251846313,0.053546883165836334,0.042301930487155914,1.0022724866867065,,,
,,,,,,,32767.0,32767.0,90.0
331.754,-2.0179781913757324,0.35256245732307434,-2.195528745651245,0.053015515208244324,0.03702903911471367,1.0009042024612427,,,
,,,,,,,32767.0,32767.0,90.0
331.764,-0.9887030720710754,-0.2546245753765106,-1.7618778944015503,0.05228563770651817,0.039935674518346786,1.002427577972412,,,
,,,,,,,32767.0,32767.0,90.0
331.774,-0.7706183195114136,0.15129400789737701,-1.6585396528244019,0.050701677799224854,0.04345838353037834,1.0071841478347778,,,
,,,,,,,32767.0,32767.0,90.0
331.784,-1.3210318088531494,-0.2129669189453125,-1.5836002826690674,0.049101438373327255,0.045409370213747025,1.0051113367080688,,,
,,,,,,,32767.0,32767.0,90.0
331.794,-2.022676467895508,0.20219120383262634,-0.8475590348243713,0.05081921070814133,0.04609139263629913,0.9989872574806213,,,
,,,,,,,32767.0,32767.0,90.0
331.804,-1.508148193359375,0.7245596051216125,-0.8662092685699463,0.052790261805057526,0.04558737948536873,1.0003300905227661,,,
,,,,,,,32767.0,32767.0,90.0
331.814,-1.4975733757019043,0.271465927362442,-0.9355417490005493,0.05021899566054344,0.04454650729894638,1.0033042430877686,,,
,,,,,,,32767.0,32767.0,90.0
331.824,-0.5049641132354736,0.2518722712993622,-1.0017250776290894,0.048752885311841965,0.040301986038684845,1.0013024806976318,,,
,,,,,,,32767.0,32767.0,90.0
331.834,0.598029613494873,0.2833188474178314,-1.3889917135238647,0.04897675663232803,0.03739776462316513,1.002750277519226,,,
,,,,,,,32767.0,32767.0,90.0
331.844,0.25099074840545654,-0.2824607193470001,-1.4665133953094482,0.04806944355368614,0.041400305926799774,1.0034071207046509,,,
,,,,,,,32767.0,32767.0,90.0
331.854,0.04547720029950142,-0.1934564858675003,-1.7007776498794556,0.05063068866729736,0.0436062291264534,1.0042362213134766,,,
,,,,,,,32767.0,32767.0,90.0
331.864,-1.287524938583374,-0.312122106552124,-1.6551395654678345,0.046874258667230606,0.04466194286942482,1.008194923400879,,,
,,,,,,,32767.0,32767.0,90.0
331.874,-1.5151408910751343,-0.4004068076610565,-1.905747652053833,0.04681447148323059,0.04210594296455383,1.00819993019104,,,
,,,,,,,32767.0,32767.0,90.0
331.884,-2.1726486682891846,-0.27830076217651367,-1.9590390920639038,0.05166881904006004,0.04767845943570137,1.0080708265304565,,,
,,,,,,,32767.0,32767.0,90.0
331.894,-3.4546053409576416,-0.6627014875411987,-2.2179787158966064,0.04953675717115402,0.046193793416023254,1.0075792074203491,,,
,,,,,,,32767.0,32767.0,90.0
331.904,-3.1276886463165283,-0.8200056552886963,-2.0551795959472656,0.04875795543193817,0.04282186180353165,1.002603530883789,,,
,,,,,,,32767.0,32767.0,90.0
331.914,-1.6237971782684326,-0.24652604758739471,-1.604475975036621,0.04910659044981003,0.034980613738298416,1.001102089881897,,,
,,,,,,,32767.0,32767.0,90.0
331.924,-0.6357341408729553,-0.38789990544319153,-1.5896122455596924,0.04853624477982521,0.0300933588296175,0.9973397254943848,,,
,,,,,,,32767.0,32767.0,90.0
331.934,2.0463826656341553,-0.3900693655014038,-1.7996011972427368,0.05118574947118759,0.02899394929409027,1.0007144212722778,,,
,,,,,,,32767.0,32767.0,90.0
331.944,2.3886971473693848,-0.5624786019325256,-1.5200550556182861,0.05243164300918579,0.0363667868077755,1.0054656267166138,,,
,,,,,,,32767.0,32767.0,90.0
331.954,3.67606782913208,-0.22996242344379425,-1.2516363859176636,0.05114777386188507,0.035911012440919876,0.9972770810127258,,,
,,,,,,,32767.0,32767.0,90.0
331.964,3.3842058181762695,-0.128566175699234,-0.8588941693305969,0.05211279168725014,0.04595493525266647,1.0026533603668213,,,
,,,,,,,32767.0,32767.0,90.0
331.974,1.9005458354949951,-0.6418601870536804,-0.05732205510139465,0.0487411729991436,0.052733391523361206,1.0132604837417603,,,
,,,,,,,32767.0,32767.0,90.0
331.984,1.8423024415969849,-0.9608520269393921,-0.09859146177768707,0.04805561527609825,0.0408116951584816,1.0020816326141357,,,
,,,,,,,32767.0,32767.0,90.0
331.994,2.6973769664764404,-0.5563642978668213,-0.6134649515151978,0.049222346395254135,0.039884053170681,1.0048177242279053,,,
,,,,,,,32767.0,32767.0,90.0
332.004,1.602439522743225,-0.7052198648452759,0.05806782841682434,0.04938165843486786,0.05009493976831436,1.004869818687439,,,
,,,,,,,32767.0,32767.0,90.0
332.014,0.6608944535255432,-0.3531827926635742,-0.32448524236679077,0.05461630970239639,0.047799382358789444,1.0001181364059448,,,
,,,,,,,32767.0,32767.0,90.0
332.024,-0.6091064810752869,-0.2481161504983902,-0.029972761869430542,0.052197348326444626,0.04841364547610283,1.005805492401123,,,
,,,,,,,32767.0,32767.0,90.0
332.034,-1.0372169017791748,-0.020077038556337357,0.13435158133506775,0.050129424780607224,0.04155614972114563,0.9983927607536316,,,
,,,,,,,32767.0,32767.0,90.0
332.044,-0.3009699881076813,0.4925498366355896,0.020821867510676384,0.05328651890158653,0.038822025060653687,0.993059515953064,,,
,,,,,,,32767.0,36000.0,90.0
332.054,-0.36814168095588684,0.28645262122154236,0.010383515618741512,0.05200940743088722,0.04002406820654869,1.0007355213165283,,,
,,,,,,,35000.0,36000.0,90.0
332.064,0.10643848776817322,0.6984198689460754,-0.26059702038764954,0.05411842092871666,0.03810159116983414,0.9982115626335144,,,
,,,,,,,35000.0,36000.0,90.0
332.074,0.6220427751541138,0.9631260633468628,0.12411630153656006,0.06325729191303253,0.04471173882484436,1.0001298189163208,,,
,,,,,,,35000.0,36000.0,90.0
332.084,-5.305271148681641,6.247600078582764,-0.7698016166687012,0.19729545712471008,0.0522623136639595,0.8994802236557007,,,
,,,,,,,35000.0,36000.0,90.0
332.094,3.2963247299194336,10.36646556854248,-5.081961154937744,0.09605351090431213,0.0372881181538105,1.0101248025894165,,,
,,,,,,,35000.0,36000.0,90.0
332.104,8.116106033325195,-6.868055820465088,-2.819441080093384,-0.07016599923372269,0.08186885714530945,1.1783435344696045,,,
,,,,,,,35000.0,36000.0,90.0
332.114,-11.402159690856934,-7.336725234985352,-1.7906973361968994,-0.003024296835064888,0.06361939758062363,1.019802212715149,,,
,,,,,,,35000.0,36000.0,90.0
332.124,-9.091716766357422,5.464852333068848,-3.4611191749572754,0.08567631244659424,0.006349439267069101,0.8976992964744568,,,
,,,,,,,35000.0,36000.0,90.0
332.134,-6.032813549041748,-0.5612746477127075,-4.721546173095703,0.02592044323682785,0.018813634291291237,1.0444631576538086,,,
,,,,,,,35000.0,37000.0,90.0
332.144,-11.371357917785645,-5.783690929412842,-4.449793338775635,0.027446746826171875,0.04437028244137764,1.055229902267456,,,
,,,,,,,43000.0,37000.0,90.0
332.154,-5.4488301277160645,-2.094538927078247,-7.237951755523682,0.09969214349985123,0.00679530156776309,0.9399343729019165,,,
,,,,,,,43000.0,37000.0,90.0
332.164,1.3131687641143799,2.825343370437622,-8.999781608581543,0.09311716258525848,0.014347033575177193,0.960716187953949,,,
,,,,,,,43000.0,37000.0,90.0
332.174,-0.9510087966918945,-5.44564151763916,-8.350491523742676,0.010616214945912361,0.05724838748574257,1.0870068073272705,,,
,,,,,,,43000.0,37000.0,90.0
332.184,-13.92165470123291,-2.1730220317840576,-6.2078776359558105,0.03399861231446266,0.061411648988723755,1.004607081413269,,,
,,,,,,,43000.0,37000.0,90.0
332.194,1.4971048831939697,-2.4247987270355225,-8.70169448852539,0.05641353875398636,-0.003812183625996113,0.9611105918884277,,,
,,,,,,,43000.0,37000.0,90.0
332.204,1.9061698913574219,-2.1409740447998047,-10.4119234085083,0.04756779223680496,-0.000270670308964327,1.0063821077346802,,,
,,,,,,,43000.0,37000.0,90.0
332.214,0.5675692558288574,-2.3715479373931885,-10.895143508911133,0.06198642775416374,0.027521807700395584,1.0077972412109375,,,
,,,,,,,43000.0,39000.0,90.0
332.224,5.650260925292969,-4.170958995819092,-11.357110977172852,0.06116298586130142,0.040693219751119614,1.0082664489746094,,,
,,,,,,,49000.0,39000.0,90.0
332.234,-2.1430745124816895,-1.6049233675003052,-11.379247665405273,0.09891491383314133,0.035592421889305115,0.9689595103263855,,,
,,,,,,,49000.0,39000.0,90.0
332.244,-2.8386077880859375,3.8572449684143066,-15.276700019836426,0.14469097554683685,0.04082648828625679,0.9759129881858826,,,
,,,,,,,49000.0,39000.0,90.0
332.254,-4.9426679611206055,-5.560081958770752,-15.583649635314941,0.020667875185608864,0.09248635917901993,1.1192046403884888,,,
,,,,,,,49000.0,39000.0,90.0
332.264,-4.035671234130859,-11.1473970413208,-11.143446922302246,-0.018138518556952477,0.06398043036460876,1.0715456008911133,,,
,,,,,,,49000.0,39000.0,90.0
332.274,-8.43390941619873,-3.5994160175323486,-15.427430152893066,0.059545621275901794,-0.02649570256471634,0.9249789118766785,,,
,,,,,,,49000.0,39000.0,90.0
332.284,-1.9638113975524902,0.7097155451774597,-18.034080505371094,0.06382280588150024,-0.03793792799115181,0.939883291721344,,,
,,,,,,,49000.0,39000.0,90.0
332.294,-0.6352910995483398,-3.6477274894714355,-18.52773094177246,0.02498743124306202,0.018531301990151405,1.0518230199813843,,,
,,,,,,,49000.0,40000.0,90.0
332.304,0.30100926756858826,-4.720108985900879,-17.581697463989258,0.06361884623765945,0.04273747280240059,1.0101349353790283,,,
,,,,,,,49000.0,40000.0,90.0
332.314,-11.198718070983887,6.294257164001465,-17.815322875976562,0.09006170183420181,0.03380713239312172,0.9041256904602051,,,
,,,,,,,50000.0,40000.0,90.0
332.324,-0.8688279986381531,4.886965751647949,-20.03291130065918,0.09249167889356613,0.055032625794410706,0.9756131768226624,,,
,,,,,,,50000.0,40000.0,90.0
332.334,-5.180501937866211,11.737011909484863,-15.728119850158691,0.013563412241637707,0.033277060836553574,1.0271304845809937,,,
,,,,,,,50000.0,40000.0,90.0
332.344,3.5887813568115234,5.336315631866455,-19.32676124572754,0.03554239869117737,-0.014713817276060581,1.0173457860946655,,,
,,,,,,,50000.0,40000.0,90.0
332.354,3.973104476928711,4.020782947540283,-22.306743621826172,0.06716769188642502,0.00447940593585372,1.0238937139511108,,,
,,,,,,,50000.0,40000.0,90.0
332.364,-7.025240898132324,8.38115406036377,-19.1229248046875,0.05656788870692253,0.025441816076636314,0.9907214641571045,,,
,,,,,,,50000.0,40000.0,90.0
332.374,1.966481328010559,3.668565273284912,-22.90383529663086,0.049859948456287384,0.030364371836185455,1.0208295583724976,,,
,,,,,,,50000.0,40000.0,90.0
332.384,0.6319894790649414,2.517711639404297,-23.371740341186523,0.04113607853651047,0.013122916221618652,1.0159621238708496,,,
,,,,,,,50000.0,40000.0,90.0
332.394,8.948990821838379,1.6306573152542114,-26.062854766845703,0.03820430859923363,0.0045609911903738976,0.998239278793335,,,
,,,,,,,50000.0,40000.0,90.0
332.404,8.205918312072754,1.6576340198516846,-26.43788719177246,0.03997049853205681,0.032698482275009155,1.002922534942627,,,
,,,,,,,50000.0,40000.0,90.0
332.414,3.9049360752105713,-0.42767032980918884,-25.658842086791992,0.04008112847805023,0.04953585937619209,1.0272296667099,,,
,,,,,,,50000.0,40000.0,90.0
332.424,2.7255735397338867,-2.9305737018585205,-26.993566513061523,0.050336629152297974,0.0360417366027832,1.0242804288864136,,,
,,,,,,,50000.0,40000.0,90.0
332.434,3.4728150367736816,-3.9458000659942627,-28.907793045043945,0.0471327006816864,0.026586033403873444,1.0208712816238403,,,
,,,,,,,50000.0,40000.0,90.0
332.444,5.180604457855225,-5.914487361907959,-29.596960067749023,0.04593248292803764,0.03355317562818527,1.016933798789978,,,
,,,,,,,50000.0,40000.0,90.0
332.454,7.274717807769775,-7.687754154205322,-30.130556106567383,0.04631844535470009,0.0423588827252388,1.0170751810073853,,,
,,,,,,,50000.0,40000.0,90.0
332.464,4.672077178955078,-8.747011184692383,-30.018205642700195,0.04573869705200195,0.043471045792102814,1.0148264169692993,,,
,,,,,,,50000.0,40000.0,90.0
332.474,6.351746559143066,-10.31626033782959,-30.712398529052734,0.04828924685716629,0.034208860248327255,1.0217301845550537,,,
,,,,,,,50000.0,40000.0,90.0
332.484,7.132412910461426,-12.132932662963867,-32.198150634765625,0.04699026048183441,0.03816257789731026,1.0174850225448608,,,
,,,,,,,50000.0,40000.0,90.0
332.494,8.903633117675781,-13.496018409729004,-32.07474899291992,0.04651634395122528,0.04685649275779724,1.0110161304473877,,,
,,,,,,,50000.0,40000.0,90.0
332.504,0.9473915100097656,3.167140245437622,-29.875415802001953,0.06302150338888168,0.06721973419189453,0.9342342019081116,,,
,,,,,,,50000.0,40000.0,90.0
332.514,-9.13077449798584,-3.809690237045288,-30.453266143798828,0.04778032749891281,0.03217677026987076,0.9870638847351074,,,
,,,,,,,50000.0,40000.0,90.0
332.524,4.4445576667785645,-10.710301399230957,-30.657068252563477,0.04407737776637077,0.04205421358346939,1.0270482301712036,,,
,,,,,,,50000.0,40000.0,90.0
332.534,-4.788094997406006,8.254814147949219,-28.90252685546875,0.07921282202005386,0.0518580861389637,0.9191277027130127,,,
,,,,,,,50000.0,40000.0,90.0
332.544,9.185930252075195,3.1429831981658936,-32.03183364868164,0.09053774178028107,0.0420256033539772,0.9862829446792603,,,
,,,,,,,50000.0,40000.0,90.0
332.554,8.840950965881348,-6.0115132331848145,-26.60725975036621,0.04211573675274849,0.06684336811304092,1.0822443962097168,,,
,,,,,,,50000.0,40000.0,90.0
332.564,-10.257918357849121,-3.218116044998169,-26.908288955688477,0.040918707847595215,0.04530757665634155,1.039772868156433,,,
,,,,,,,50000.0,40000.0,90.0
332.574,3.621968984603882,-7.541164398193359,-28.58631706237793,0.06384866684675217,0.026825159788131714,1.0086209774017334,,,
,,,,,,,50000.0,40000.0,90.0
332.584,4.930243968963623,-9.00301742553711,-26.00527572631836,0.06686746329069138,0.05440886318683624,1.0101001262664795,,,
,,,,,,,50000.0,40000.0,90.0
332.594,-3.0180094242095947,3.990199327468872,-26.86417579650879,0.08173136413097382,0.04769385606050491,0.9465885758399963,,,
,,,,,,,50000.0,40000.0,90.0
332.604,6.499879837036133,-2.484376907348633,-25.175643920898438,0.04977067932486534,0.052334826439619064,0.995283305644989,,,
,,,,,,,50000.0,40000.0,90.0
332.614,1.0049824714660645,-6.657922744750977,-21.583877563476562,0.0363190583884716,0.09883998334407806,1.0204821825027466,,,
,,,,,,,50000.0,40000.0,90.0
332.624,-2.3436224460601807,5.14539909362793,-21.503141403198242,0.052195969969034195,0.06255257874727249,0.953457772731781,,,
,,,,,,,50000.0,40000.0,90.0
332.634,5.688894748687744,-1.857056975364685,-23.72852897644043,0.07450225204229355,0.02970847859978676,0.9915471076965332,,,
,,,,,,,50000.0,40000.0,90.0
332.644,8.750421524047852,-6.933456897735596,-20.647340774536133,0.04361754655838013,0.06496905535459518,1.0648314952850342,,,
,,,,,,,50000.0,40000.0,90.0
332.654,-4.821728706359863,0.9839125871658325,-19.17991828918457,0.04631997272372246,0.06904394924640656,1.0124174356460571,,,
,,,,,,,50000.0,40000.0,90.0
332.664,-3.59851336479187,-1.7771447896957397,-19.957792282104492,0.06535103172063828,0.057349927723407745,0.9714407324790955,,,
,,,,,,,50000.0,40000.0,90.0
332.674,-0.8242584466934204,-4.579558849334717,-17.6708984375,0.052126575261354446,0.07588425278663635,1.0005218982696533,,,
,,,,,,,50000.0,40000.0,90.0
332.684,1.4859946966171265,-4.417318820953369,-17.375995635986328,0.04558262228965759,0.06701027601957321,1.0078874826431274,,,
,,,,,,,50000.0,40000.0,90.0
332.694,-0.4002545177936554,-1.5949482917785645,-17.81603240966797,0.06910260021686554,0.046393442898988724,0.981635570526123,,,
,,,,,,,50000.0,40000.0,90.0
332.704,3.409435510635376,1.144326090812683,-15.240427017211914,0.05863850563764572,0.06483795493841171,0.9975002408027649,,,
,,,,,,,50000.0,40000.0,90.0
332.714,-7.0501627922058105,-0.0420798733830452,-12.474566459655762,0.05143016204237938,0.08388440310955048,1.0149707794189453,,,
,,,,,,,50000.0,40000.0,90.0
332.724,-3.2848033905029297,-4.220588684082031,-12.963953018188477,0.05305490270256996,0.06663333624601364,1.0178215503692627,,,
,,,,,,,50000.0,40000.0,90.0
332.734,-0.6704422831535339,-4.23502254486084,-12.036694526672363,0.06695888936519623,0.051606930792331696,0.9931091070175171,,,
,,,,,,,50000.0,41000.0,90.0
332.744,1.0555267333984375,-0.6120584607124329,-12.21222972869873,0.06804577261209488,0.056399863213300705,0.9726127982139587,,,
,,,,,,,50000.0,41000.0,90.0
332.754,-2.9934439659118652,2.2696750164031982,-8.147740364074707,0.07640808075666428,0.0775664746761322,0.9931783676147461,,,
,,,,,,,50000.0,41000.0,90.0
332.764,-8.292098999023438,0.65711510181427,-7.851122856140137,0.07014758139848709,0.06919926404953003,1.004410982131958,,,
,,,,,,,50000.0,41000.0,90.0
332.774,-6.61320686340332,-1.552504062652588,-8.444656372070312,0.016466865316033363,0.04852995276451111,1.0292469263076782,,,
,,,,,,,50000.0,41000.0,90.0
332.784,1.1795331239700317,-2.6091301441192627,-4.772671699523926,0.05948493257164955,0.0675782859325409,1.0179152488708496,,,
,,,,,,,50000.0,41000.0,90.0
332.794,1.648866057395935,-0.025230802595615387,-5.784276008605957,0.07257284969091415,0.04853985086083412,0.9747897982597351,,,
,,,,,,,50000.0,41000.0,90.0
332.804,-0.5505388975143433,1.0779672861099243,-4.659428119659424,0.06532201170921326,0.0491996668279171,0.9882394671440125,,,
,,,,,,,50000.0,41000.0,90.0
332.814,-4.672597885131836,-0.3912316560745239,-3.085785150527954,0.05306054279208183,0.07549659162759781,1.0254848003387451,,,
,,,,,,,50000.0,41000.0,90.0
332.824,-3.869029998779297,-1.407495379447937,-1.6130536794662476,0.05172733590006828,0.05378604680299759,1.0099714994430542,,,
,,,,,,,50000.0,41000.0,90.0
332.834,1.527672529220581,-0.9869789481163025,-2.271315574645996,0.060776058584451675,0.038719285279512405,0.9902398586273193,,,
,,,,,,,50000.0,41000.0,90.0
332.844,4.2374749183654785,0.4542574882507324,-1.297876000404358,0.06246863678097725,0.052045583724975586,0.9872162342071533,,,
,,,,,,,50000.0,41000.0,90.0
332.854,2.101067066192627,0.6703298687934875,0.18044844269752502,0.05937332287430763,0.06443441659212112,1.002900242805481,,,
,,,,,,,50000.0,41000.0,90.0
332.864,-0.7021946310997009,-0.35300037264823914,-0.20781707763671875,0.06023426726460457,0.05259592458605766,1.0097018480300903,,,
,,,,,,,50000.0,41000.0,90.0
332.874,-0.6807617545127869,-0.785862922668457,0.791822612285614,0.05825422331690788,0.05096087604761124,1.011045217514038,,,
,,,,,,,50000.0,41000.0,90.0
332.884,2.4662673473358154,-0.49844586849212646,0.24038073420524597,0.06418824940919876,0.04855776205658913,0.9963313937187195,,,
,,,,,,,50000.0,41000.0,90.0
332.894,2.7644641399383545,0.38765814900398254,-0.08310358971357346,0.0631367638707161,0.04821345955133438,0.9936143755912781,,,
,,,,,,,50000.0,41000.0,90.0
332.904,2.3119587898254395,0.07946275919675827,-0.4093574285507202,0.06569863855838776,0.0551379956305027,1.0055692195892334,,,
,,,,,,,50000.0,41000.0,90.0
332.914,0.4662075936794281,-0.22240205109119415,0.5467637777328491,0.058652613312006,0.05446706339716911,1.0135300159454346,,,
,,,,,,,50000.0,41000.0,90.0
332.924,2.4241204261779785,-1.0513341426849365,-0.06886755675077438,0.05974454805254936,0.05025714635848999,1.0093022584915161,,,
,,,,,,,50000.0,41000.0,90.0
332.934,0.7421703338623047,-0.1228637769818306,0.07611851394176483,0.06295443326234818,0.049458667635917664,1.000258207321167,,,
,,,,,,,50000.0,41000.0,90.0
332.944,1.5801399946212769,-0.10160480439662933,-0.39374661445617676,0.0608367957174778,0.05405840277671814,0.999709963798523,,,
,,,,,,,50000.0,41000.0,90.0
332.954,0.1316906362771988,0.10243608057498932,-0.23655888438224792,0.061163898557424545,0.05767114832997322,1.0051429271697998,,,
,,,,,,,50000.0,41000.0,90.0
332.964,-0.06639512628316879,-0.7294055819511414,0.05282926186919212,0.060823000967502594,0.05610699579119682,1.0083879232406616,,,
,,,,,,,50000.0,41000.0,90.0
332.974,-1.511190414428711,-0.6983156204223633,-0.004195597022771835,0.05977954715490341,0.058576613664627075,1.0021682977676392,,,
,,,,,,,50000.0,41000.0,90.0
332.984,-16.337690353393555,1.1547061204910278,-0.40071195363998413,0.056144457310438156,0.0853370949625969,1.0103189945220947,,,
,,,,,,,50000.0,41000.0,90.0
332.994,-9.560550689697266,-1.128415822982788,0.160555899143219,0.06148608773946762,0.03295517712831497,1.0187042951583862,,,
,,,,,,,50000.0,41000.0,90.0
333.004,-8.30781078338623,-1.0220601558685303,-0.8499863743782043,0.06343410909175873,0.01326367724686861,0.9931666851043701,,,
,,,,,,,50000.0,41000.0,90.0
333.014,-3.132174491882324,-0.7288373112678528,-0.06654103100299835,0.06573017686605453,0.04970906302332878,0.9811476469039917,,,
,,,,,,,50000.0,41000.0,90.0
333.024,2.3834359645843506,-0.0803932324051857,0.004647162742912769,0.06593483686447144,0.0539470836520195,0.9807119965553284,,,
,,,,,,,50000.0,41000.0,90.0
333.034,-1.2723835706710815,0.5424801111221313,-0.34785133600234985,0.06466633081436157,0.04608771950006485,1.0054492950439453,,,
,,,,,,,50000.0,41000.0,90.0
333.044,0.8974453806877136,-0.602194607257843,-0.35091325640678406,0.05951518565416336,0.045356955379247665,1.0163214206695557,,,
,,,,,,,50000.0,41000.0,90.0
333.054,-0.7755400538444519,-0.15842537581920624,-0.3275458812713623,0.061267443001270294,0.046872399747371674,0.996744692325592,,,
,,,,,,,50000.0,41000.0,90.0
333.064,0.6408176422119141,-0.4204069674015045,0.2364550083875656,0.06180870905518532,0.048675574362277985,1.0002878904342651,,,
,,,,,,,50000.0,39000.0,90.0
333.074,-0.8284200429916382,0.13414327800273895,-0.04551198333501816,0.06318464130163193,0.04562930017709732,1.007651925086975,,,
,,,,,,,45000.0,39000.0,90.0
333.084,-1.34796941280365,0.16368503868579865,-0.24826250970363617,0.06107087805867195,0.04616941139101982,1.004688024520874,,,
,,,,,,,45000.0,39000.0,90.0
333.094,-0.6345021724700928,0.1251162886619568,-0.31158748269081116,0.06285419315099716,0.04884958267211914,0.9965031743049622,,,
,,,,,,,45000.0,39000.0,90.0
333.104,-0.6614233255386353,0.8208714723587036,-0.229883074760437,0.06472617387771606,0.04633468762040138,0.9980277419090271,,,
,,,,,,,45000.0,39000.0,90.0
333.114,-0.4017503261566162,-0.15463915467262268,0.045661717653274536,0.057311080396175385,0.04995238408446312,1.007813572883606,,,
,,,,,,,45000.0,39000.0,90.0
333.124,-0.7890445590019226,-0.8815900683403015,-0.1624653935432434,0.05796341225504875,0.04620872065424919,1.0096791982650757,,,
,,,,,,,45000.0,39000.0,90.0
333.134,-2.8870584964752197,0.048959676176309586,-0.22391775250434875,0.06807253509759903,0.046088848263025284,0.9963330626487732,,,
,,,,,,,45000.0,39000.0,90.0
333.144,-1.6203798055648804,0.30499544739723206,0.027772506698966026,0.05921263247728348,0.04847629368305206,1.0032347440719604,,,
,,,,,,,45000.0,39000.0,90.0
333.154,-1.186374306678772,-0.39311620593070984,0.06272465735673904,0.0571664497256279,0.04338033124804497,1.008837342262268,,,
,,,,,,,45000.0,35000.0,90.0
333.164,-0.5029559135437012,-0.8799176216125488,-0.020975077524781227,0.06038852781057358,0.03911338374018669,1.0102931261062622,,,
,,,,,,,36000.0,35000.0,90.0
333.174,0.7195720076560974,-0.42230814695358276,0.20617520809173584,0.0699981227517128,0.04024771600961685,1.0023036003112793,,,
,,,,,,,36000.0,35000.0,90.0
333.184,-0.38155534863471985,-0.2195272445678711,-0.14002946019172668,0.06400997191667557,0.04523065313696861,1.001605749130249,,,
,,,,,,,36000.0,35000.0,90.0
333.194,-0.9136613011360168,0.0823214128613472,-0.30031877756118774,0.06833633035421371,0.04204703867435455,1.0023618936538696,,,
,,,,,,,36000.0,35000.0,90.0
333.204,-0.5458590984344482,-0.5847073793411255,-0.20624631643295288,0.06319314241409302,0.04210697114467621,1.0001060962677002,,,
,,,,,,,36000.0,35000.0,90.0
333.214,-0.5820040702819824,-0.19337251782417297,0.2580932080745697,0.06012115627527237,0.0443861298263073,1.00212562084198,,,
,,,,,,,36000.0,35000.0,90.0
333.224,0.22936846315860748,-0.5078083276748657,-0.10939862579107285,0.05747807025909424,0.04384021833539009,1.005418062210083,,,
,,,,,,,36000.0,35000.0,90.0
333.234,-0.6554011106491089,-0.21724729239940643,-0.23432782292366028,0.06256027519702911,0.04844960197806358,1.0022534132003784,,,
,,,,,,,36000.0,35000.0,90.0
333.244,-0.3439554274082184,-0.1293652504682541,-0.1274617463350296,0.06031497195363045,0.049621790647506714,1.0009504556655884,,,
,,,,,,,35000.0,35000.0,90.0
333.254,0.05790074169635773,-0.05227392911911011,-0.09435150772333145,0.059691496193408966,0.04711779206991196,1.0012016296386719,,,
,,,,,,,35000.0,35000.0,90.0
333.264,0.36522573232650757,-1.658490777015686,0.6795645952224731,0.040201377123594284,0.04013850539922714,1.0223256349563599,,,
,,,,,,,35000.0,35000.0,90.0
333.274,3.640171766281128,-2.199352979660034,0.18543075025081635,0.07145316898822784,0.03513342887163162,1.0279194116592407,,,
,,,,,,,35000.0,35000.0,90.0
333.284,-14.41600227355957,4.379489421844482,-2.273282051086426,0.07415938377380371,0.050780970603227615,0.9899254441261292,,,
,,,,,,,35000.0,35000.0,90.0
333.294,-14.449135780334473,-1.8543586730957031,-1.0699647665023804,0.057803619652986526,0.06636052578687668,1.0183485746383667,,,
,,,,,,,35000.0,35000.0,90.0
333.304,0.16487503051757812,-6.739753246307373,0.795310914516449,0.04896637797355652,0.030726177617907524,1.0104225873947144,,,
,,,,,,,35000.0,35000.0,90.0
333.314,-2.8939290046691895,-0.5530532598495483,0.15206928551197052,0.07037025690078735,0.029142268002033234,0.9500736594200134,,,
,,,,,,,35000.0,35000.0,90.0
333.324,3.679581642150879,1.9847776889801025,-3.2560675144195557,0.10657596588134766,0.03371299058198929,0.9672896862030029,,,
,,,,,,,35000.0,32767.0,90.0
333.334,-1.010622262954712,3.758404016494751,1.1513293981552124,0.06477866321802139,0.047229185700416565,1.002976894378662,,,
,,,,,,,32767.0,32767.0,90.0
333.344,-1.7048336267471313,-1.6210172176361084,-1.3813878297805786,0.05129397660493851,0.05158703401684761,1.0532034635543823,,,
,,,,,,,32767.0,32767.0,90.0
333.354,-0.7857082486152649,-5.111021041870117,1.2706663608551025,0.04076956585049629,0.05084827542304993,1.0091557502746582,,,
,,,,,,,32767.0,32767.0,90.0
333.364,5.344620704650879,-0.5541580319404602,-0.4205557703971863,0.09967992454767227,0.031148411333560944,0.9688608050346375,,,
,,,,,,,32767.0,32767.0,90.0
333.374,-7.22161340713501,3.753850221633911,-3.512463092803955,0.08077553659677505,0.01848801225423813,0.9669739603996277,,,
,,,,,,,32767.0,32767.0,90.0
333.384,2.295201063156128,0.1378563493490219,0.8959416151046753,0.05042453482747078,0.04618465527892113,1.0383450984954834,,,
,,,,,,,32767.0,32767.0,90.0
333.394,2.72556471824646,-4.130034923553467,0.050934549421072006,0.04114371910691261,0.04080081731081009,1.04561448097229,,,
,,,,,,,32767.0,32767.0,90.0
333.404,-5.389626502990723,-2.365278959274292,0.24781957268714905,0.05805686488747597,0.04442950710654259,1.0145596265792847,,,
,,,,,,,32767.0,32767.0,90.0
333.414,1.6085574626922607,-0.4142690896987915,-0.3036922514438629,0.085514135658741,0.035613127052783966,0.9636846780776978,,,
,,,,,,,32767.0,32767.0,90.0
333.424,-0.31648218631744385,3.237715721130371,-0.9234482049942017,0.08055193722248077,0.04052230715751648,0.9596954584121704,,,
,,,,,,,32767.0,32767.0,90.0
333.434,-0.6856727600097656,1.82752525806427,-0.4146524965763092,0.06149037182331085,0.05125374719500542,1.014335036277771,,,
,,,,,,,32767.0,32767.0,90.0
333.444,-1.3108854293823242,-1.6999366283416748,0.3154619634151459,0.050855282694101334,0.03499680012464523,1.0479826927185059,,,
,,,,,,,32767.0,32767.0,90.0
333.454,3.558778762817383,-3.1750752925872803,0.023467935621738434,0.056828610599040985,0.02485155500471592,1.011760950088501,,,
,,,,,,,32767.0,32767.0,90.0
333.464,-1.306429147720337,-0.10073994100093842,-2.0573744773864746,0.07983250170946121,0.04155982285737991,0.9745347499847412,,,
,,,,,,,32767.0,32767.0,90.0
333.474,-1.3532377481460571,2.709016799926758,-0.4022098481655121,0.07407790422439575,0.05407138168811798,0.9793740510940552,,,
,,,,,,,32767.0,32767.0,90.0
333.484,-0.44637176394462585,1.492504596710205,0.2659163773059845,0.061756253242492676,0.04139692336320877,1.0103486776351929,,,
,,,,,,,32767.0,32767.0,90.0
333.494,-2.503612518310547,-1.1461366415023804,-0.3461354970932007,0.05807819589972496,0.029169512912631035,1.0330251455307007,,,
,,,,,,,32767.0,32767.0,90.0
333.504,2.049685001373291,-3.0105814933776855,-0.2549251914024353,0.05658920481801033,0.037579067051410675,1.01292884349823,,,
,,,,,,,32767.0,32767.0,90.0
333.514,1.5144985914230347,-0.25860729813575745,0.09824786335229874,0.07640194147825241,0.038028307259082794,0.9795974493026733,,,
,,,,,,,32767.0,32767.0,90.0
333.524,-0.8555662631988525,2.2328040599823,-0.3960097134113312,0.07331246882677078,0.045729149132966995,0.9816538691520691,,,
,,,,,,,32767.0,32767.0,90.0
333.534,-1.230603575706482,0.6910536885261536,-0.4823649525642395,0.06604936718940735,0.042447544634342194,1.014338493347168,,,
,,,,,,,32767.0,32767.0,90.0
333.544,-1.1935884952545166,-1.2798259258270264,0.08388332277536392,0.05474560335278511,0.02860100381076336,1.0276598930358887,,,
,,,,,,,32767.0,32767.0,90.0
333.554,2.222517490386963,-1.8248118162155151,0.3042128086090088,0.056406423449516296,0.03672553971409798,1.0053952932357788,,,
,,,,,,,32767.0,32767.0,90.0
333.564,-0.11534789204597473,-0.13382945954799652,-0.578029215335846,0.0748891532421112,0.043527018278837204,0.9846709370613098,,,
,,,,,,,32767.0,32767.0,90.0
333.574,-2.969660758972168,1.6265305280685425,-1.402153730392456,0.07019046694040298,0.04204760119318962,0.9884347915649414,,,
,,,,,,,32767.0,32767.0,90.0
333.584,0.12117024511098862,0.5644193887710571,0.4439258575439453,0.05885094404220581,0.0412149503827095,1.0150365829467773,,,
,,,,,,,32767.0,32767.0,90.0
333.594,-0.455219030380249,-1.3220696449279785,0.4152218997478485,0.060753051191568375,0.035395216196775436,1.0160359144210815,,,
,,,,,,,32767.0,32767.0,90.0
333.604,0.9258553981781006,-1.467167854309082,-0.3423753082752228,0.057970449328422546,0.033688876777887344,1.0046368837356567,,,
,,,,,,,32767.0,32767.0,90.0
333.614,-1.130915880203247,0.0646437406539917,0.05497392266988754,0.07081830501556396,0.04482409358024597,0.9946548342704773,,,
,,,,,,,32767.0,32767.0,90.0
333.624,-0.435982882976532,0.5441269874572754,-0.32184913754463196,0.0661417618393898,0.049306027591228485,0.9939075708389282,,,
,,,,,,,32767.0,32767.0,90.0
333.634,-1.7274762392044067,0.780093789100647,-0.14045605063438416,0.06397917121648788,0.03453410416841507,1.0074269771575928,,,
,,,,,,,32767.0,32767.0,90.0
333.644,0.23386012017726898,-1.049390435218811,0.22102411091327667,0.06067778542637825,0.036154843866825104,1.0155102014541626,,,
,,,,,,,32767.0,32767.0,90.0
333.654,1.391223430633545,-0.9298199415206909,0.29454705119132996,0.06167472153902054,0.040063172578811646,0.9979922771453857,,,
,,,,,,,32767.0,32767.0,90.0
333.664,-0.4798109531402588,0.08446551114320755,-0.39800846576690674,0.06985761970281601,0.04315070062875748,0.990721583366394,,,
,,,,,,,32767.0,32767.0,90.0
333.674,-1.055478572845459,0.5859586000442505,-0.48293009400367737,0.06432324647903442,0.04267331585288048,1.001021385192871,,,
,,,,,,,32767.0,32767.0,90.0
333.684,-1.5623430013656616,-0.062403593212366104,-0.5422008633613586,0.06482629477977753,0.03903234377503395,1.0089969635009766,,,
,,,,,,,32767.0,32767.0,90.0
333.694,0.542007327079773,-1.0301510095596313,0.12309765815734863,0.06325370818376541,0.034897468984127045,1.0063380002975464,,,
,,,,,,,32767.0,32767.0,90.0
333.704,1.672793984413147,-0.5890846252441406,0.12473218142986298,0.06281379610300064,0.036736853420734406,0.994978129863739,,,
,,,,,,,32767.0,32767.0,90.0
333.714,-0.28790760040283203,0.43405547738075256,-0.07436487823724747,0.06518027186393738,0.04063800349831581,0.9950308799743652,,,
,,,,,,,32767.0,32767.0,90.0
333.724,-1.6664295196533203,0.7001289129257202,-0.3029479682445526,0.05990330129861832,0.03874947875738144,1.005042314529419,,,
,,,,,,,32767.0,32767.0,90.0
333.734,-0.46043911576271057,-0.25148501992225647,-0.146990105509758,0.06006783992052078,0.03689318895339966,1.0090779066085815,,,
,,,,,,,32767.0,32767.0,90.0
333.744,0.7328363656997681,-0.4701027274131775,0.1751408725976944,0.06406603753566742,0.03957824036478996,0.999191164970398,,,
,,,,,,,32767.0,32767.0,90.0
333.754,1.035738468170166,-0.21438610553741455,0.11924391239881516,0.0646226704120636,0.04379313811659813,0.9960403442382812,,,
,,,,,,,32767.0,32767.0,90.0
333.764,0.017907800152897835,0.09772939234972,-0.2234719693660736,0.06370601803064346,0.04023464396595955,1.0021569728851318,,,
,,,,,,,32767.0,32767.0,90.0
333.774,-1.4749975204467773,0.3004426956176758,-0.3703058362007141,0.06254208087921143,0.03767568618059158,1.0060120820999146,,,
,,,,,,,32767.0,32767.0,90.0
333.784,-0.4486044645309448,-0.003077911678701639,-0.04293793439865112,0.0629107654094696,0.037201039493083954,1.0052729845046997,,,
,,,,,,,32767.0,32767.0,90.0
333.794,0.3644573986530304,-0.36774981021881104,0.03261013329029083,0.06344035267829895,0.03688609600067139,0.9982561469078064,,,
,,,,,,,32767.0,32767.0,90.0
333.804,0.9543494582176208,-0.3184962868690491,0.3011268377304077,0.06556477397680283,0.038824327290058136,1.0006431341171265,,,
,,,,,,,32767.0,32767.0,90.0
333.814,-0.032543081790208817,-0.12825527787208557,0.06545619666576385,0.0636153593659401,0.04002755507826805,1.0057556629180908,,,
,,,,,,,32767.0,32767.0,90.0
333.824,-1.299169659614563,0.1537194550037384,-0.47270631790161133,0.06392466276884079,0.041234441101551056,1.0060659646987915,,,
,,,,,,,32767.0,32767.0,90.0
333.834,-0.4565838873386383,-0.17348183691501617,-0.11081864684820175,0.06262887269258499,0.04089236631989479,1.0040311813354492,,,
,,,,,,,32767.0,32767.0,90.0
333.844,0.511360764503479,-0.3976728320121765,0.04597137123346329,0.06387879699468613,0.040405090898275375,1.0024471282958984,,,
,,,,,,,32767.0,32767.0,90.0
333.854,1.0270135402679443,-0.3147744834423065,0.2040245234966278,0.06338523328304291,0.03886833041906357,1.0016741752624512,,,
,,,,,,,32767.0,32767.0,90.0
333.864,-0.3701057434082031,0.07392231374979019,0.10476824641227722,0.0633796826004982,0.039553750306367874,1.004102110862732,,,
,,,,,,,32767.0,32767.0,90.0
333.874,-1.2588597536087036,0.21033146977424622,-0.23898012936115265,0.06584960967302322,0.037615109235048294,1.0074882507324219,,,
,,,,,,,32767.0,32767.0,90.0
333.884,-0.3706039488315582,-0.34333187341690063,-0.06275973469018936,0.06517457962036133,0.037517987191677094,1.0047259330749512,,,
,,,,,,,32767.0,32767.0,90.0
333.894,0.7891150116920471,-0.2877540588378906,0.006359495222568512,0.06539907306432724,0.03960474207997322,0.9991926550865173,,,
,,,,,,,32767.0,32767.0,90.0
333.904,0.9582950472831726,-0.2479582279920578,0.2939314842224121,0.0658428817987442,0.04049154743552208,1.0014041662216187,,,
,,,,,,,32767.0,32767.0,90.0
333.914,-0.39179491996765137,0.059625718742609024,-0.17983897030353546,0.06396535038948059,0.041354887187480927,1.002611517906189,,,
,,,,,,,32767.0,32767.0,90.0
333.924,-0.8945789933204651,0.36737024784088135,-0.3771889805793762,0.06285775452852249,0.04081352427601814,1.0074390172958374,,,
,,,,,,,32767.0,32767.0,90.0
333.934,-0.4230250120162964,-0.45483162999153137,-0.40772634744644165,0.06419603526592255,0.039869848638772964,1.004399299621582,,,
,,,,,,,32767.0,32767.0,90.0
333.944,0.6297886967658997,0.07199624925851822,0.051370345056056976,0.0641363114118576,0.037707969546318054,0.9998672604560852,,,
,,,,,,,32767.0,32767.0,90.0
333.954,0.6256888508796692,-0.34843799471855164,-0.186664417386055,0.06556398421525955,0.04057690128684044,1.0025790929794312,,,
,,,,,,,32767.0,32767.0,90.0
333.964,-0.27635887265205383,-0.1556922048330307,-0.07574610412120819,0.06330545991659164,0.04068952053785324,1.0045335292816162,,,
,,,,,,,32767.0,32767.0,90.0
333.974,-0.5549019575119019,-0.2549225389957428,-0.2843676507472992,0.06506170332431793,0.04003668203949928,1.00264310836792,,,
,,,,,,,32767.0,32767.0,90.0
333.984,-0.18853968381881714,-0.15850774943828583,-0.18258017301559448,0.0672120749950409,0.037168074399232864,0.9999910593032837,,,
,,,,,,,32767.0,32767.0,90.0
333.994,0.5255577564239502,-0.08850911259651184,0.09391976147890091,0.06620658189058304,0.039811525493860245,0.9999721050262451,,,
,,,,,,,32767.0,32767.0,90.0
334.004,0.3614934980869293,-0.3157166540622711,0.07801554352045059,0.06263772398233414,0.03653733432292938,1.0016065835952759,,,
,,,,,,,32767.0,32767.0,90.0
334.014,-0.16989503800868988,-0.365781307220459,-0.08748769015073776,0.06355682760477066,0.0384584441781044,1.0052350759506226,,,
,,,,,,,32767.0,32767.0,90.0
334.024,-0.8071092963218689,0.2092760056257248,-0.18935266137123108,0.06331474334001541,0.039596643298864365,1.003201961517334,,,
,,,,,,,32767.0,32767.0,90.0
334.034,-0.09690435230731964,-0.06243034452199936,-0.27178841829299927,0.06494533270597458,0.0381978414952755,1.0033438205718994,,,
,,,,,,,32767.0,32767.0,90.0
334.044,0.42138081789016724,-0.36704739928245544,0.2108110934495926,0.06309395283460617,0.040534909814596176,1.0044121742248535,,,
,,,,,,,32767.0,32767.0,90.0
334.054,0.3966253697872162,-0.22788363695144653,0.2133883386850357,0.06368514895439148,0.04138389974832535,1.0007821321487427,,,
,,,,,,,32767.0,32767.0,90.0
334.064,-0.2962995171546936,-0.07635214924812317,-0.009757723659276962,0.06566894799470901,0.039863694459199905,1.0036829710006714,,,
,,,,,,,32767.0,32767.0,90.0
334.074,-0.5279972553253174,-0.025671500712633133,-0.25384604930877686,0.06500312685966492,0.03961946815252304,1.003173589706421,,,
,,,,,,,32767.0,32767.0,90.0
334.084,-0.12403735518455505,-0.3141201138496399,-0.04124751687049866,0.06468740105628967,0.03850177302956581,1.0014351606369019,,,
,,,,,,,32767.0,32767.0,90.0
334.094,0.30132681131362915,0.11800077557563782,-0.12797273695468903,0.06454548239707947,0.03741070255637169,1.0024555921554565,,,
,,,,,,,32767.0,32767.0,90.0
334.104,0.27559390664100647,-0.3416942358016968,-0.10409876704216003,0.06348101049661636,0.040853019803762436,1.0037882328033447,,,
,,,,,,,32767.0,32767.0,90.0
334.114,-0.31113722920417786,-0.24857614934444427,-0.29807811975479126,0.06358858197927475,0.039078809320926666,1.005470871925354,,,
,,,,,,,32767.0,32767.0,90.0
334.124,-0.47851550579071045,0.0027914324309676886,-0.09972191601991653,0.06269029527902603,0.03804638609290123,1.0021641254425049,,,
,,,,,,,32767.0,32767.0,90.0
334.134,-0.08119047433137894,-0.10955438762903214,-0.18350432813167572,0.06435143202543259,0.03753861039876938,1.0006173849105835,,,
,,,,,,,32767.0,32767.0,90.0
334.144,0.37313517928123474,-0.28162717819213867,-0.07762560993432999,0.06097138673067093,0.041710298508405685,1.0015310049057007,,,
,,,,,,,32767.0,32767.0,90.0
334.154,0.18409126996994019,-0.29183968901634216,0.02829424850642681,0.06253666430711746,0.03781485930085182,1.003955364227295,,,
,,,,,,,32767.0,32767.0,90.0
334.164,-0.15464600920677185,-0.06959576159715652,-0.015627559274435043,0.06710480898618698,0.03538322076201439,1.0028990507125854,,,
,,,,,,,32767.0,32767.0,90.0
334.174,-0.6613615155220032,0.08554477244615555,-0.07336539775133133,0.06572717428207397,0.04053480178117752,1.0003503561019897,,,
,,,,,,,32767.0,32767.0,90.0
334.184,-0.12601374089717865,0.04091530293226242,-0.05593406781554222,0.061844538897275925,0.03937547653913498,1.0001540184020996,,,
,,,,,,,32767.0,32767.0,90.0
334.194,0.3212665617465973,-0.5284393429756165,0.04119962826371193,0.06574747711420059,0.037354856729507446,1.0018310546875,,,
,,,,,,,32767.0,32767.0,90.0
334.204,0.11188092827796936,-0.049958739429712296,-0.049972206354141235,0.06564777344465256,0.03836773335933685,1.0035781860351562,,,
,,,,,,,32767.0,32767.0,90.0
334.214,-0.27132558822631836,-0.06671814620494843,-0.11307188123464584,0.06623369455337524,0.03419868275523186,1.0013267993927002,,,
,,,,,,,32767.0,32767.0,90.0
334.224,-0.5535458922386169,0.023505231365561485,-0.26403963565826416,0.0655047744512558,0.0377289280295372,1.0024558305740356,,,
,,,,,,,32767.0,32767.0,90.0
334.234,-0.041953448206186295,0.030704420059919357,-0.14628972113132477,0.06676817685365677,0.04082225263118744,1.0010600090026855,,,
,,,,,,,32767.0,32767.0,90.0
334.244,0.390028178691864,-0.051134008914232254,-0.00023125926963984966,0.06354373693466187,0.03950183093547821,1.0010778903961182,,,
,,,,,,,32767.0,32767.0,90.0
334.254,0.23119203746318817,-0.36330074071884155,-0.13167494535446167,0.06145171821117401,0.036449819803237915,1.0024923086166382,,,
,,,,,,,32767.0,32767.0,90.0
334.264,-0.21166780591011047,-0.10204194486141205,-0.1853090226650238,0.06139128655195236,0.03939288854598999,1.0050209760665894,,,
,,,,,,,32767.0,32767.0,90.0
334.274,-0.30782079696655273,-0.016815852373838425,0.1364937722682953,0.0672624260187149,0.03876066580414772,1.0049173831939697,,,
,,,,,,,32767.0,32767.0,90.0
334.284,-0.15810754895210266,0.18939802050590515,0.005725903902202845,0.06689898669719696,0.035739440470933914,1.0052660703659058,,,
,,,,,,,32767.0,32767.0,90.0
334.294,0.44202113151550293,-0.16426342725753784,0.08155959844589233,0.06332973390817642,0.03983011469244957,1.0023614168167114,,,
,,,,,,,32767.0,32767.0,90.0
334.304,0.18717306852340698,-0.19930198788642883,0.07029663026332855,0.06384832412004471,0.038757774978876114,1.0039812326431274,,,
,,,,,,,32767.0,32767.0,90.0
334.314,-0.2733567953109741,-0.2019510418176651,-0.10494635254144669,0.06484952569007874,0.04070146381855011,1.0043789148330688,,,
,,,,,,,32767.0,32767.0,90.0
334.324,-0.3054795563220978,-0.007177487947046757,-0.11457306146621704,0.061796098947525024,0.03854971006512642,1.002725601196289,,,
,,,,,,,32767.0,32767.0,90.0
334.334,-0.06525307893753052,-0.26268789172172546,0.02156195230782032,0.06530299037694931,0.038845308125019073,1.0023754835128784,,,
,,,,,,,32767.0,32767.0,90.0
334.344,0.08724216371774673,-0.30979347229003906,-0.019533468410372734,0.06506738811731339,0.03959297016263008,1.0017017126083374,,,
,,,,,,,32767.0,32767.0,90.0
334.354,0.14188875257968903,-0.13789144158363342,-0.0003612979780882597,0.06972312927246094,0.039546992629766464,1.0020434856414795,,,
,,,,,,,32767.0,32767.0,90.0
334.364,-0.21353065967559814,0.08494994789361954,-0.20400787889957428,0.06498630344867706,0.03890741989016533,1.004365086555481,,,
,,,,,,,32767.0,32767.0,90.0
334.374,-0.4509536921977997,-0.0032535921782255173,-0.07187149673700333,0.06666562706232071,0.03894718363881111,1.0021650791168213,,,
,,,,,,,32767.0,32767.0,90.0
334.384,0.1828419417142868,-0.030846239998936653,0.03860977664589882,0.06452375650405884,0.03859486058354378,0.9994935393333435,,,
,,,,,,,32767.0,32767.0,90.0
334.394,0.27614524960517883,-0.2653631567955017,0.12977586686611176,0.06312616169452667,0.039821188896894455,1.002206802368164,,,
,,,,,,,32767.0,32767.0,90.0
334.404,-0.06182185187935829,-0.07939689606428146,-0.1700737625360489,0.06289779394865036,0.03811075538396835,1.0039937496185303,,,
,,,,,,,32767.0,32767.0,90.0
334.414,-0.3531254827976227,0.165780708193779,-0.11435450613498688,0.06516572088003159,0.03972939774394035,1.0038392543792725,,,
,,,,,,,32767.0,32767.0,90.0
334.424,-0.15407326817512512,0.005348632112145424,-0.09894527494907379,0.0643826499581337,0.039618197828531265,1.0023726224899292,,,
,,,,,,,32767.0,32767.0,90.0
334.434,0.21908831596374512,-0.20041456818580627,-0.021757852286100388,0.061493899673223495,0.03774255886673927,1.002669095993042,,,
,,,,,,,32767.0,32767.0,90.0
334.444,0.41429057717323303,-0.2124946266412735,-0.017650384455919266,0.06497189402580261,0.03802810236811638,1.0032384395599365,,,
,,,,,,,32767.0,32767.0,90.0
334.454,0.08015530556440353,0.0790741965174675,-0.20454266667366028,0.0649753212928772,0.042186226695775986,1.0040459632873535,,,
,,,,,,,32767.0,32767.0,90.0
334.464,-0.28955215215682983,0.053708553314208984,-0.2660626173019409,0.06284372508525848,0.03979724273085594,1.004203200340271,,,
,,,,,,,32767.0,32767.0,90.0
334.474,-0.11914100497961044,0.30766627192497253,0.048239536583423615,0.06285440921783447,0.03853251412510872,1.0015830993652344,,,
,,,,,,,32767.0,32767.0,90.0
334.484,-0.12619400024414062,-0.12739409506320953,-0.3321440815925598,0.06500132381916046,0.03983905166387558,1.0012075901031494,,,
,,,,,,,32767.0,32767.0,90.0
334.494,0.15652887523174286,0.06890848278999329,0.02352922409772873,0.06410595029592514,0.03860153630375862,1.0032342672348022,,,
,,,,,,,32767.0,32767.0,90.0
334.504,-0.02327856421470642,-0.32154810428619385,-0.07966978847980499,0.06469936668872833,0.03757407143712044,1.0054272413253784,,,
,,,,,,,32767.0,32767.0,90.0
334.514,-0.2253197580575943,-0.24513371288776398,-0.03895003721117973,0.06366618722677231,0.03649367019534111,1.0020382404327393,,,
,,,,,,,32767.0,32767.0,90.0
334.524,-0.2573656737804413,-0.0044509246945381165,-0.03494105860590935,0.0655057281255722,0.039309073239564896,1.0003526210784912,,,
,,,,,,,32767.0,32767.0,90.0
334.534,0.15564584732055664,0.17602574825286865,-0.07021135836839676,0.06488396227359772,0.03992011398077011,1.00370192527771,,,
,,,,,,,32767.0,32767.0,90.0
334.544,0.41621387004852295,-0.20379507541656494,-0.1431981325149536,0.06273125857114792,0.0440375842154026,1.0048891305923462,,,
,,,,,,,32767.0,32767.0,90.0
334.554,-0.2618108093738556,-0.5014755129814148,-0.030251173302531242,0.06458963453769684,0.04256133735179901,1.0058754682540894,,,
,,,,,,,32767.0,32767.0,90.0
334.564,-0.35196879506111145,-0.4898999035358429,-0.21758370101451874,0.06398230046033859,0.039357468485832214,1.0016840696334839,,,
,,,,,,,32767.0,32767.0,90.0
334.574,7.069598359521478e-05,-0.15369972586631775,-0.08462618291378021,0.06566266715526581,0.0393194854259491,1.0026317834854126,,,
,,,,,,,32767.0,32767.0,90.0
334.584,-0.041415564715862274,0.13910135626792908,-0.006702120881527662,0.06702829152345657,0.03482667729258537,1.0046851634979248,,,
,,,,,,,32767.0,32767.0,90.0
334.594,0.1461014598608017,-0.3765188157558441,-0.10424365848302841,0.061773642897605896,0.03577498346567154,1.0043799877166748,,,
,,,,,,,32767.0,32767.0,90.0
334.604,-0.15708474814891815,-0.26721543073654175,0.030159806832671165,0.0637660101056099,0.037131085991859436,1.0029114484786987,,,
,,,,,,,32767.0,32767.0,90.0
334.614,-0.21534530818462372,0.06102210655808449,-0.23285450041294098,0.06591950356960297,0.0367768369615078,1.001094102859497,,,
,,,,,,,32767.0,32767.0,90.0
334.624,0.10057485103607178,0.25744423270225525,-0.1030670776963234,0.06599265336990356,0.03901089355349541,1.0007573366165161,,,
,,,,,,,32767.0,32767.0,90.0
334.634,-0.028080061078071594,0.14440324902534485,0.15326149761676788,0.06515976041555405,0.03910713270306587,1.0034831762313843,,,
,,,,,,,32767.0,32767.0,90.0
334.644,0.06666528433561325,-0.3857192099094391,-0.21708711981773376,0.06357124447822571,0.0389392264187336,1.0030009746551514,,,
,,,,,,,32767.0,32767.0,90.0
334.654,-0.16709347069263458,0.19752520322799683,-0.07776424288749695,0.06234363093972206,0.042398858815431595,0.9981667399406433,,,
,,,,,,,32767.0,32767.0,90.0
334.664,-0.17558667063713074,0.02632801979780197,-0.2092612385749817,0.06151849403977394,0.041414663195610046,1.0000321865081787,,,
,,,,,,,32767.0,32767.0,90.0
334.674,0.0529588907957077,-0.36719605326652527,-0.29548031091690063,0.0648280680179596,0.0382840596139431,1.0048142671585083,,,
,,,,,,,32767.0,32767.0,90.0
334.684,-0.10056857764720917,-0.2534984350204468,-0.12842044234275818,0.06407494843006134,0.04046214371919632,1.0043882131576538,,,
,,,,,,,32767.0,32767.0,90.0
334.694,0.04529444873332977,0.10416664183139801,-0.08438625931739807,0.06501390039920807,0.03961518406867981,1.0018538236618042,,,
,,,,,,,32767.0,32767.0,90.0
334.704,0.027589857578277588,-0.041880663484334946,-0.09315448999404907,0.06509213149547577,0.03771648928523064,0.9999086260795593,,,
,,,,,,,32767.0,32767.0,90.0
334.714,0.08625095337629318,-0.008372269570827484,-0.10398295521736145,0.060342732816934586,0.03930466249585152,1.0027260780334473,,,
,,,,,,,32767.0,32767.0,90.0
334.724,1.2104965448379517,-0.1349019706249237,-0.1541634052991867,0.0670081228017807,0.03551020100712776,1.0054585933685303,,,
,,,,,,,32767.0,32767.0,90.0
334.734,-2.659372329711914,-0.9031895995140076,0.11276587098836899,0.05785392224788666,0.05656709149479866,1.0128555297851562,,,
,,,,,,,32767.0,32767.0,90.0
334.744,1.2508291006088257,-0.3506603538990021,0.14164675772190094,0.06634076684713364,0.030072089284658432,1.002448558807373,,,
,,,,,,,32767.0,32767.0,90.0
334.754,-1.3658177852630615,0.30148592591285706,-0.3294774889945984,0.06546803563833237,0.04481043666601181,0.9924835562705994,,,
,,,,,,,32767.0,32767.0,90.0
334.764,1.5084010362625122,0.12190660089254379,0.532487690448761,0.06830744445323944,0.05243733152747154,1.0037373304367065,,,
,,,,,,,32767.0,32767.0,90.0
334.774,-1.5266118049621582,-0.05441323295235634,-0.27660414576530457,0.061320144683122635,0.03064352460205555,1.0053565502166748,,,
,,,,,,,32767.0,32767.0,90.0
334.784,0.7090283036231995,-0.3566704988479614,-0.29664725065231323,0.06424128264188766,0.0321132056415081,1.0070405006408691,,,
,,,,,,,32767.0,32767.0,90.0
334.794,-0.5542812943458557,-0.41841912269592285,-0.11037147790193558,0.06375494599342346,0.040926724672317505,0.9989333152770996,,,
,,,,,,,32767.0,32767.0,90.0
334.804,0.6882297396659851,0.29349663853645325,-0.06068090721964836,0.06564690917730331,0.03169392794370651,0.9970733523368835,,,
,,,,,,,32767.0,32767.0,90.0
334.814,0.4735698103904724,0.44059112668037415,-0.05557195469737053,0.062274739146232605,0.03901194408535957,1.0036280155181885,,,
,,,,,,,32767.0,32767.0,90.0
334.824,-0.9830412864685059,0.03445496782660484,0.028992434963583946,0.0634322315454483,0.040061257779598236,1.0096672773361206,,,
,,,,,,,32767.0,32767.0,90.0
334.834,0.3913465738296509,-0.5633955597877502,0.05813354253768921,0.062438711524009705,0.03586377575993538,1.001264214515686,,,
,,,,,,,32767.0,32767.0,90.0
334.844,0.25292670726776123,0.12947478890419006,-0.14554385840892792,0.06806544959545135,0.04643284156918526,0.9978187680244446,,,
,,,,,,,32767.0,32767.0,90.0
334.854,-0.10110367089509964,0.23426975309848785,0.061220649629831314,0.062273889780044556,0.048126403242349625,1.0048655271530151,,,
,,,,,,,32767.0,32767.0,90.0
334.864,-0.555911123752594,-0.3621668219566345,-0.4434030055999756,0.06205369904637337,0.034611351788043976,1.0093377828598022,,,
,,,,,,,32767.0,32767.0,90.0
334.874,-0.5769890546798706,-0.11473319679498672,-0.3249528110027313,0.0693814679980278,0.035114943981170654,0.9984026551246643,,,
,,,,,,,32767.0,32767.0,90.0
334.884,0.13419845700263977,0.7331306338310242,0.18932656943798065,0.07211258262395859,0.0400485098361969,1.0004236698150635,,,
,,,,,,,32767.0,32767.0,90.0
334.894,-0.09922768920660019,-0.19678013026714325,0.19605983793735504,0.06374000012874603,0.030776042491197586,1.008765697479248,,,
,,,,,,,32767.0,32767.0,90.0
334.904,0.026475107297301292,-0.41105884313583374,-0.23256146907806396,0.06286293268203735,0.03284095972776413,1.0076473951339722,,,
,,,,,,,32767.0,32767.0,90.0
334.914,0.14507246017456055,0.1589527726173401,-0.04712739214301109,0.06658769398927689,0.04130777716636658,1.0027072429656982,,,
,,,,,,,32767.0,32767.0,90.0
334.924,-0.30619972944259644,-0.16650769114494324,-0.22448848187923431,0.06534716486930847,0.03879205137491226,0.99820476770401,,,
,,,,,,,32767.0,32767.0,90.0
334.934,0.6336305737495422,-0.02855110540986061,0.18297454714775085,0.06680990010499954,0.04041586071252823,1.005126953125,,,
,,,,,,,32767.0,32767.0,90.0
334.944,-0.6785491108894348,-0.3845265209674835,-0.05447060614824295,0.06343924254179001,0.04611806571483612,1.00579035282135,,,
,,,,,,,32767.0,32767.0,90.0
334.954,-0.08532806485891342,-0.23354196548461914,0.047262415289878845,0.06444955617189407,0.03426893427968025,1.0019601583480835,,,
,,,,,,,32767.0,32767.0,90.0
334.964,0.02382734976708889,0.2081618756055832,0.0006149868131615222,0.06485988199710846,0.040047574788331985,1.0014047622680664,,,
,,,,,,,32767.0,32767.0,90.0
334.974,0.06678137928247452,0.04722099006175995,-0.05655582994222641,0.06587964296340942,0.03667058050632477,1.001986026763916,,,
,,,,,,,32767.0,32767.0,90.0
334.984,-0.04685123264789581,-0.2421131283044815,-0.11165599524974823,0.06456630676984787,0.03324687480926514,1.0011849403381348,,,
,,,,,,,32767.0,32767.0,90.0
334.994,-0.043004393577575684,-0.30062517523765564,-0.23395733535289764,0.06588560342788696,0.03993029519915581,1.0038026571273804,,,
,,,,,,,32767.0,32767.0,90.0
335.004,0.11747314035892487,-0.23319759964942932,-0.0538923554122448,0.06700117886066437,0.041838064789772034,1.002859115600586,,,
,,,,,,,32767.0,32767.0,90.0
335.014,-0.17548245191574097,0.032720305025577545,-0.2382417917251587,0.06444476544857025,0.041332270950078964,0.9994840025901794,,,
,,,,,,,32767.0,32767.0,90.0
335.024,-0.45997846126556396,0.17416341602802277,-0.16664914786815643,0.06385666877031326,0.04484734684228897,1.003085732460022,,,
,,,,,,,32767.0,32767.0,90.0
335.034,-0.2761223018169403,-0.3976293206214905,-0.050249215215444565,0.06450704485177994,0.043667200952768326,1.004230260848999,,,
,,,,,,,32767.0,32767.0,90.0
335.044,0.1738044023513794,-0.17035695910453796,-0.21994449198246002,0.06151038780808449,0.04149141535162926,1.0020886659622192,,,
,,,,,,,32767.0,32767.0,90.0
335.054,0.19542306661605835,-0.27670735120773315,0.03770456090569496,0.0629887729883194,0.043876152485609055,1.0004115104675293,,,
,,,,,,,32767.0,32767.0,90.0
335.064,-0.09978725761175156,-0.0745997205376625,-0.08830419182777405,0.06330564618110657,0.03850390389561653,1.003821611404419,,,
,,,,,,,32767.0,32767.0,90.0
335.074,-0.4545653760433197,-0.1425900012254715,-0.1252066045999527,0.0641302540898323,0.035103823989629745,1.0070397853851318,,,
,,,,,,,32767.0,32767.0,90.0
335.084,-0.3676034212112427,0.02736150287091732,0.022191721946001053,0.0662948414683342,0.03547437861561775,1.0033764839172363,,,
,,,,,,,32767.0,32767.0,90.0
335.094,-0.061359286308288574,-0.16748389601707458,0.06081584095954895,0.06564467400312424,0.03171100839972496,1.0001087188720703,,,
,,,,,,,32767.0,32767.0,90.0
335.104,0.1933131217956543,-0.3458115756511688,0.19828221201896667,0.06469409167766571,0.034863878041505814,0.9988704919815063,,,
,,,,,,,32767.0,32767.0,90.0
335.114,-0.27086445689201355,-0.04054642468690872,-0.10036873072385788,0.06377704441547394,0.03806725889444351,1.0037386417388916,,,
,,,,,,,32767.0,32767.0,90.0
335.124,0.10105341672897339,-0.13800357282161713,-0.031179487705230713,0.06377268582582474,0.03736633062362671,1.006837248802185,,,
,,,,,,,32767.0,32767.0,90.0
335.134,-0.07894568890333176,-0.24551470577716827,-0.3389394283294678,0.06209934875369072,0.03732937574386597,1.000455379486084,,,
,,,,,,,32767.0,32767.0,90.0
335.144,0.15753887593746185,0.10923942923545837,0.23150470852851868,0.06295803189277649,0.04118134453892708,1.002885103225708,,,
,,,,,,,32767.0,32767.0,90.0
335.154,-0.18221184611320496,-0.17291371524333954,-0.05220773071050644,0.06517259031534195,0.040889665484428406,1.0062541961669922,,,
,,,,,,,32767.0,32767.0,90.0
335.164,-0.1524130254983902,-0.17977134883403778,-0.20839953422546387,0.06487374752759933,0.03946845978498459,1.0046577453613281,,,
,,,,,,,32767.0,32767.0,90.0
335.174,-0.3888690173625946,-0.18665608763694763,-0.06225457787513733,0.06876200437545776,0.03956424817442894,1.0030919313430786,,,
,,,,,,,32767.0,32767.0,90.0
335.184,0.11663397401571274,-0.2658071517944336,0.030983254313468933,0.06519030034542084,0.03675238415598869,1.003288745880127,,,
,,,,,,,32767.0,32767.0,90.0
335.194,0.07566148042678833,-0.33394116163253784,0.1558639258146286,0.06369931995868683,0.03762650489807129,1.0061147212982178,,,
,,,,,,,32767.0,32767.0,90.0
335.204,-0.19298623502254486,-0.0751371756196022,0.004751149564981461,0.06534063816070557,0.04170064628124237,1.0054306983947754,,,
,,,,,,,32767.0,32767.0,90.0
335.214,-0.20035436749458313,0.01600293070077896,-0.29486578702926636,0.06545335054397583,0.043461598455905914,1.001378059387207,,,
,,,,,,,32767.0,32767.0,90.0
335.224,-0.18638218939304352,-0.3192507028579712,-0.1237339973449707,0.061653073877096176,0.044625088572502136,1.0023953914642334,,,
,,,,,,,32767.0,32767.0,90.0
335.234,-0.09646393358707428,-0.07968772202730179,-0.08704420179128647,0.06362330913543701,0.04452821612358093,1.0053114891052246,,,
,,,,,,,32767.0,32767.0,90.0
335.244,-0.03522094711661339,-0.38018128275871277,-0.17169077694416046,0.062282316386699677,0.04142596572637558,1.0025529861450195,,,
,,,,,,,32767.0,32767.0,90.0
335.254,-0.12069689482450485,-0.24844765663146973,-0.17770662903785706,0.06152340769767761,0.040627751499414444,1.0009777545928955,,,
,,,,,,,32767.0,32767.0,90.0
335.264,-0.2691951394081116,0.0766211748123169,-0.06606517732143402,0.06396107375621796,0.038961946964263916,1.0046415328979492,,,
,,,,,,,32767.0,32767.0,90.0
335.274,-0.26138827204704285,-0.05210287123918533,-0.08926218748092651,0.06449957937002182,0.03697383031249046,1.0050774812698364,,,
,,,,,,,32767.0,32767.0,90.0
335.284,0.10117428004741669,-0.21753492951393127,0.02818736620247364,0.06555359065532684,0.035201434046030045,1.0052515268325806,,,
,,,,,,,32767.0,32767.0,90.0
335.294,-0.11446749418973923,-0.012476849369704723,0.01430751197040081,0.06470309942960739,0.03645941615104675,1.001144289970398,,,
,,,,,,,32767.0,32767.0,90.0
335.304,0.02337533049285412,-0.049962118268013,0.049375440925359726,0.0646805390715599,0.03739876672625542,1.0037020444869995,,,
,,,,,,,32767.0,32767.0,90.0
335.314,-0.24786894023418427,-0.21439649164676666,-0.04944954439997673,0.06553530693054199,0.03818897902965546,1.0039619207382202,,,
,,,,,,,32767.0,32767.0,90.0
335.324,-0.04419126361608505,-0.16243384778499603,-0.14914509654045105,0.06379631161689758,0.039061203598976135,1.0056252479553223,,,
,,,,,,,32767.0,32767.0,90.0
335.334,0.19002525508403778,0.18352513015270233,-0.1643492728471756,0.06435497850179672,0.041725046932697296,1.0009628534317017,,,
,,,,,,,32767.0,32767.0,90.0
335.344,-0.006565066985785961,-0.07284865528345108,-0.004656579345464706,0.06565777957439423,0.04365053400397301,1.0032187700271606,,,
,,,,,,,32767.0,32767.0,90.0
335.354,-0.299395889043808,-0.1193314716219902,-0.2574370801448822,0.06548835337162018,0.0416816771030426,1.0058271884918213,,,
,,,,,,,32767.0,32767.0,90.0
335.364,-0.3075108528137207,-0.5373606085777283,-0.3063248097896576,0.0629023090004921,0.03984947130084038,1.0015925168991089,,,
,,,,,,,32767.0,32767.0,90.0
335.374,-0.10221196711063385,0.026826834306120872,0.06763936579227448,0.06671656668186188,0.040428467094898224,1.0019174814224243,,,
,,,,,,,32767.0,32767.0,90.0
335.384,0.22845466434955597,0.07859769463539124,0.2665538787841797,0.06472648680210114,0.040642350912094116,1.004372239112854,,,
,,,,,,,32767.0,32767.0,90.0
335.394,0.15514938533306122,-0.2251952439546585,0.025958331301808357,0.06412677466869354,0.036935798823833466,1.004568338394165,,,
,,,,,,,32767.0,32767.0,90.0
335.404,-0.1341865062713623,-0.1931954324245453,-0.09299227595329285,0.06682129949331284,0.037125200033187866,1.002145528793335,,,
,,,,,,,32767.0,32767.0,90.0
335.414,-0.11504243314266205,-0.1692788302898407,0.1265278160572052,0.06287437677383423,0.037169910967350006,1.0027828216552734,,,
,,,,,,,32767.0,32767.0,90.0
335.424,-0.27031370997428894,-0.35640716552734375,-0.14206519722938538,0.06196410208940506,0.03640362247824669,1.0049160718917847,,,
,,,,,,,32767.0,32767.0,90.0
335.434,0.04024089500308037,0.28822147846221924,0.15439476072788239,0.06306199729442596,0.03759793937206268,1.0049371719360352,,,
,,,,,,,32767.0,32767.0,90.0
335.444,-0.00453265430405736,-0.059058886021375656,-0.194131001830101,0.06201944127678871,0.035482022911310196,1.0038129091262817,,,
,,,,,,,32767.0,32767.0,90.0
335.454,-0.22378438711166382,-0.01656137779355049,-0.6652275919914246,0.06437908113002777,0.03682256117463112,1.0017887353897095,,,
,,,,,,,32767.0,32767.0,90.0
335.464,-0.13254502415657043,-0.35451340675354004,0.035410359501838684,0.06318850070238113,0.036919284611940384,1.0023127794265747,,,
,,,,,,,32767.0,32767.0,90.0
335.474,-0.24468165636062622,0.238142192363739,-0.16065602004528046,0.06566289812326431,0.035594504326581955,1.0024583339691162,,,
,,,,,,,32767.0,32767.0,90.0
335.484,0.1582047939300537,-0.11271347105503082,-0.13401518762111664,0.06485950201749802,0.038361284881830215,1.0013759136199951,,,
,,,,,,,32767.0,32767.0,90.0
335.494,-0.0671813040971756,0.08230071514844894,-0.33954939246177673,0.0655016303062439,0.04121214523911476,1.0019506216049194,,,
,,,,,,,32767.0,32767.0,90.0
335.504,-0.3829489052295685,0.2632884085178375,0.32706546783447266,0.0743304118514061,0.04144149646162987,1.0032674074172974,,,
,,,,,,,32767.0,32767.0,90.0
335.514,-0.4658784568309784,-1.9753602743148804,-3.4787580966949463,0.08245140314102173,0.02156004309654236,0.9936341643333435,,,
,,,,,,,32767.0,32767.0,90.0
335.524,-9.368114471435547,7.327527046203613,-10.570863723754883,0.0629819706082344,0.013029001653194427,0.9571760296821594,,,
,,,,,,,32767.0,32767.0,90.0
335.534,-44.99898910522461,15.062124252319336,-8.065530776977539,0.07327389717102051,0.09385284781455994,0.9879896640777588,,,
,,,,,,,32767.0,32767.0,90.0
335.544,-36.06501007080078,9.164487838745117,-3.7163939476013184,0.05345020815730095,0.08330684155225754,1.054555058479309,,,
,,,,,,,32767.0,32767.0,90.0
335.554,-24.03197479248047,9.313414573669434,-2.1334311962127686,0.05466698110103607,-0.010780630633234978,0.9905917048454285,,,
,,,,,,,32767.0,32767.0,90.0
335.564,-6.563909530639648,13.338244438171387,-5.444272994995117,0.09168977290391922,-0.042959198355674744,0.9092679023742676,,,
,,,,,,,32767.0,32767.0,90.0
335.574,6.64927339553833,19.15287208557129,-0.4116955101490021,0.10150931030511856,0.03990963101387024,0.897688090801239,,,
,,,,,,,32767.0,32767.0,90.0
335.584,2.1438655853271484,23.035146713256836,2.582948923110962,0.06065213680267334,0.08356950432062149,0.9434115290641785,,,
,,,,,,,32767.0,32767.0,90.0
335.594,-4.301303386688232,22.8326473236084,1.5300151109695435,0.022904764860868454,0.0247355829924345,1.0266324281692505,,,
,,,,,,,32767.0,32767.0,90.0
335.604,-0.9732221961021423,17.646718978881836,2.382993459701538,-0.02353406511247158,-0.012372312135994434,1.097838282585144,,,
,,,,,,,32767.0,32767.0,90.0
335.614,7.166503429412842,6.424208641052246,9.049821853637695,-0.01495592761784792,0.009509646333754063,1.1244540214538574,,,
,,,,,,,32767.0,32767.0,90.0
335.624,15.09795093536377,2.218771457672119,-2.061634063720703,0.10585371404886246,-0.007184868678450584,1.019025444984436,,,
,,,,,,,32767.0,32767.0,90.0
335.634,-22.7802734375,13.148305892944336,1.039495587348938,0.06539016962051392,0.0415390320122242,0.93658447265625,,,
,,,,,,,32767.0,32767.0,90.0
335.644,-4.780959606170654,9.309295654296875,4.21091365814209,0.044712066650390625,0.05437444895505905,1.0166268348693848,,,
,,,,,,,32767.0,32767.0,90.0
335.654,-6.0050787925720215,2.633514404296875,-3.275813579559326,0.0687466412782669,-0.027758749201893806,1.0505719184875488,,,
,,,,,,,32767.0,32767.0,90.0
335.664,-24.831958770751953,12.750521659851074,-8.12669849395752,0.00286551914177835,-0.029304087162017822,0.9844817519187927,,,
,,,,,,,32767.0,32767.0,90.0
335.674,-14.670174598693848,10.935821533203125,-3.9018471240997314,0.10180793702602386,0.034615449607372284,0.9982918500900269,,,
,,,,,,,32767.0,32767.0,90.0
335.684,1.7715446949005127,12.35937786102295,-7.165958404541016,0.18583577871322632,-0.008531639352440834,0.9399513006210327,,,
,,,,,,,32767.0,32767.0,90.0
335.694,13.643508911132812,6.809265613555908,-6.694591045379639,0.1602412909269333,-0.026175638660788536,0.9546138048171997,,,
,,,,,,,32767.0,32767.0,90.0
335.704,16.6676025390625,17.813617706298828,-9.281465530395508,0.15432767570018768,0.06090828776359558,0.9564083814620972,,,
,,,,,,,32767.0,32767.0,90.0
335.714,-23.488277435302734,16.79960823059082,-5.374786376953125,0.11132694780826569,0.15670564770698547,0.9998106360435486,,,
,,,,,,,32767.0,32767.0,90.0
335.724,-29.65165901184082,14.6593599319458,4.319363117218018,0.12292250245809555,0.20744071900844574,1.2045055627822876,,,
,,,,,,,32767.0,32767.0,90.0
335.734,-41.608333587646484,4.689818859100342,10.187582969665527,0.15375302731990814,0.1666295826435089,1.2948054075241089,,,
,,,,,,,32767.0,32767.0,90.0
335.744,-78.31371307373047,-15.6387300491333,7.842386722564697,0.371002733707428,0.18163374066352844,1.2320021390914917,,,
,,,,,,,32767.0,32767.0,90.0
335.754,-102.63835906982422,-23.068777084350586,11.506113052368164,0.5496655702590942,0.12175429612398148,1.0599405765533447,,,
,,,,,,,32767.0,32767.0,90.0
335.764,-70.07381439208984,-17.650272369384766,11.815013885498047,0.4693465232849121,0.022734344005584717,0.9204379320144653,,,
,,,,,,,32767.0,32767.0,90.0
335.774,-71.94100189208984,-26.67123794555664,9.794230461120605,0.26945456862449646,0.00210214382968843,0.8662729263305664,,,
,,,,,,,32767.0,32767.0,90.0
335.784,-140.76019287109375,-31.680143356323242,8.125015258789062,0.08137063682079315,0.027702242136001587,0.7440029382705688,,,
,,,,,,,32767.0,32767.0,90.0
335.794,-211.59861755371094,-8.982135772705078,5.504868984222412,0.0571104995906353,0.009822278283536434,0.6485747694969177,,,
,,,,,,,32767.0,32767.0,90.0
335.804,-227.79556274414062,6.412602424621582,3.826566457748413,0.12213258445262909,-0.11228971928358078,0.7670438885688782,,,
,,,,,,,32767.0,32767.0,90.0
335.814,-72.10420989990234,15.749897956848145,-0.9468470811843872,-0.08007776737213135,-0.28501468896865845,1.043166160583496,,,
,,,,,,,32767.0,32767.0,90.0
335.824,48.85527038574219,-3.047485589981079,6.715762615203857,-0.10759841650724411,-0.31062471866607666,1.3032917976379395,,,
,,,,,,,32767.0,32767.0,90.0
335.834,58.44148635864258,-15.530231475830078,11.148385047912598,0.04562219977378845,-0.2974321246147156,1.2704904079437256,,,
,,,,,,,32767.0,32767.0,90.0
335.844,55.611602783203125,-4.369121074676514,4.133009433746338,0.1395488828420639,-0.26934078335762024,1.0651745796203613,,,
,,,,,,,32767.0,32767.0,90.0
335.854,81.88080596923828,-14.703421592712402,1.7037042379379272,0.16369746625423431,-0.16506868600845337,0.6760149598121643,,,
,,,,,,,32767.0,32767.0,90.0
335.864,123.67803955078125,0.5788990259170532,7.759554862976074,0.15144380927085876,-0.06851412355899811,0.24848060309886932,,,
,,,,,,,32767.0,32767.0,90.0
335.874,145.36151123046875,23.018590927124023,14.784008979797363,0.05971812084317207,-0.02893739566206932,0.1570342630147934,,,
,,,,,,,32767.0,32767.0,90.0
335.884,134.61012268066406,24.9725399017334,12.12165641784668,-0.08799207210540771,-0.013252654112875462,0.28662046790122986,,,
,,,,,,,32767.0,32767.0,90.0
335.894,126.79849243164062,31.922271728515625,10.494402885437012,-0.1097654178738594,-0.024507658556103706,0.49123165011405945,,,
,,,,,,,32767.0,32767.0,90.0
335.904,129.83535766601562,53.697303771972656,24.661096572875977,-0.7266553640365601,0.037029657512903214,0.6998664140701294,,,
,,,,,,,32767.0,32767.0,90.0
335.914,454.8006896972656,54.9216423034668,18.975215911865234,-1.2819132804870605,-0.24621550738811493,3.9436392784118652,,,
,,,,,,,32767.0,32767.0,90.0
335.924,276.78955078125,-53.23887252807617,12.544764518737793,-0.1249370276927948,-0.10184673219919205,2.5334579944610596,,,
,,,,,,,32767.0,32767.0,90.0
335.934,-52.30226135253906,-37.89714813232422,-13.873204231262207,0.2558399736881256,0.18109774589538574,0.5440287590026855,,,
,,,,,,,32767.0,32767.0,90.0
335.944,30.284915924072266,17.788127899169922,11.1256103515625,0.03323390707373619,0.2027927041053772,0.229049414396286,,,
,,,,,,,32767.0,32767.0,90.0
335.954,-70.27233123779297,26.909048080444336,19.834030151367188,-0.26998457312583923,0.19707529246807098,0.6314860582351685,,,
,,,,,,,32767.0,32767.0,90.0
335.964,-22.919921875,37.955223083496094,7.284449577331543,-0.05254359915852547,0.03430863097310066,1.010231375694275,,,
,,,,,,,32767.0,32767.0,90.0
335.974,-57.81406784057617,13.346761703491211,-4.2335686683654785,0.013514896854758263,0.1432272046804428,1.375077724456787,,,
,,,,,,,32767.0,32767.0,90.0
335.984,-94.73639678955078,-14.088882446289062,9.47891616821289,-0.01973467692732811,0.18733257055282593,1.4651585817337036,,,
,,,,,,,32767.0,32767.0,90.0
335.994,-13.497918128967285,-32.441741943359375,11.75944995880127,0.13543593883514404,0.07024455815553665,1.26952064037323,,,
,,,,,,,32767.0,32767.0,90.0
336.004,67.00261688232422,-21.23213005065918,11.294168472290039,0.27855294942855835,0.014711979776620865,0.8298742175102234,,,
,,,,,,,32767.0,32767.0,90.0
336.014,44.456092834472656,2.9100914001464844,5.0380859375,0.28930264711380005,0.10998623073101044,0.5852381587028503,,,
,,,,,,,32767.0,32767.0,90.0
336.024,-56.41707229614258,18.833900451660156,2.5857861042022705,0.023793334141373634,0.2462540864944458,0.6774266362190247,,,
,,,,,,,32767.0,32767.0,90.0
336.034,-98.17411041259766,19.811826705932617,2.2181243896484375,-0.056738708168268204,0.27017661929130554,0.9321237206459045,,,
,,,,,,,32767.0,32767.0,90.0
336.044,-40.805294036865234,15.426193237304688,14.70590591430664,-0.033776164054870605,0.16380363702774048,1.1830034255981445,,,
,,,,,,,32767.0,32767.0,90.0
336.054,34.1630859375,5.119755268096924,23.17177963256836,0.010815258137881756,0.047774214297533035,1.261269211769104,,,
,,,,,,,32767.0,32767.0,90.0
336.064,18.354719161987305,-4.995992660522461,22.681447982788086,-0.06730488687753677,-0.021366961300373077,1.1496223211288452,,,
,,,,,,,32767.0,32767.0,90.0
336.074,-10.198942184448242,-10.207906723022461,5.177403450012207,-0.10273366421461105,-0.06319298595190048,1.0154998302459717,,,
,,,,,,,32767.0,32767.0,90.0
336.084,-14.8096342086792,-5.5800604820251465,6.699857234954834,-0.0589183084666729,-0.039533041417598724,0.9123364686965942,,,
,,,,,,,32767.0,32767.0,90.0
336.094,-10.342155456542969,6.170042991638184,10.534235954284668,-0.09190532565116882,-0.03192094340920448,0.8689116835594177,,,
,,,,,,,32767.0,32767.0,90.0
336.104,-28.530746459960938,8.452861785888672,4.159397602081299,-0.13527120649814606,-0.04374668002128601,0.9222189784049988,,,
,,,,,,,32767.0,32767.0,90.0
336.114,-51.135032653808594,6.544843673706055,-0.3173740804195404,-0.11419831216335297,-0.043591175228357315,0.9982200860977173,,,
,,,,,,,32767.0,32767.0,90.0
336.124,-28.195457458496094,6.288235664367676,0.16193228960037231,-0.0444534607231617,-0.04512881860136986,1.0344902276992798,,,
,,,,,,,32767.0,32767.0,90.0
336.134,12.931468963623047,5.534912109375,2.301337718963623,-0.01584002375602722,-0.03973055258393288,1.0285096168518066,,,
,,,,,,,32767.0,32767.0,90.0
336.144,14.918819427490234,2.486612558364868,1.8756645917892456,-0.06308653950691223,0.006753741763532162,1.0904886722564697,,,
,,,,,,,32767.0,32767.0,90.0
336.154,-22.215343475341797,-1.6232097148895264,-1.7329903841018677,-0.02984067052602768,0.010974488221108913,1.022683024406433,,,
,,,,,,,32767.0,32767.0,90.0
336.164,1.5721583366394043,-0.4696933329105377,0.04449605941772461,-0.028197670355439186,0.02475910820066929,1.0723105669021606,,,
,,,,,,,32767.0,32767.0,90.0
336.174,-5.239439964294434,-0.11721310019493103,-0.5531068444252014,-0.011420458555221558,0.049764808267354965,1.0031648874282837,,,
,,,,,,,32767.0,32767.0,90.0
336.184,-1.9254814386367798,-0.5855414271354675,-0.5386613011360168,-0.013874129392206669,0.03704044595360756,1.011496663093567,,,
,,,,,,,32767.0,32767.0,90.0
336.194,-2.2046475410461426,0.038693979382514954,-0.5432749390602112,-0.02154875174164772,0.03790278360247612,1.0075349807739258,,,
,,,,,,,32767.0,32767.0,90.0
336.204,0.15385831892490387,0.005472436547279358,-0.09421014040708542,-0.016481658443808556,0.03108157590031624,1.0066020488739014,,,
,,,,,,,32767.0,32767.0,90.0
336.214,0.5580735802650452,-0.3096678853034973,-0.2857377231121063,-0.0016464795917272568,0.03582483157515526,1.0064010620117188,,,
,,,,,,,32767.0,32767.0,90.0
336.224,0.08821605145931244,-0.4136013388633728,-0.2933672368526459,0.0008287138771265745,0.03946656733751297,1.006364345550537,,,
,,,,,,,32767.0,32767.0,90.0
336.234,-0.460726261138916,-0.47938036918640137,-0.6513153314590454,0.0002537643595132977,0.031145043671131134,1.0046626329421997,,,
,,,,,,,32767.0,32767.0,90.0
336.244,-1.0211611986160278,-0.3081723749637604,-1.4101401567459106,-0.0008358409977518022,0.024178894236683846,1.0056618452072144,,,
,,,,,,,32767.0,32767.0,90.0
336.254,-0.6307277083396912,-0.2180563360452652,-2.2985939979553223,-0.001101208501495421,0.011477910913527012,1.0045338869094849,,,
,,,,,,,32767.0,32767.0,90.0
336.264,-0.3605671226978302,-0.6541780829429626,-3.214991331100464,-0.002046202542260289,0.012641148641705513,1.0066545009613037,,,
,,,,,,,32767.0,32767.0,90.0
336.274,-0.09989994019269943,-0.1908874362707138,-3.0749282836914062,-0.004413582384586334,0.03722350299358368,1.006679654121399,,,
,,,,,,,32767.0,32767.0,90.0
336.284,-0.2436695098876953,0.04940013587474823,-2.2982873916625977,0.0012057157000526786,0.05380898341536522,1.0039944648742676,,,
,,,,,,,32767.0,32767.0,90.0
336.294,-2.0578103065490723,-0.1004275307059288,-2.2335641384124756,0.0035598573740571737,0.033502381294965744,1.004046082496643,,,
,,,,,,,32767.0,32767.0,90.0
336.304,0.2977842092514038,-0.7207954525947571,-2.351254940032959,0.0030823913402855396,0.031810179352760315,1.0048292875289917,,,
,,,,,,,32767.0,32767.0,90.0
336.314,-4.371628761291504,0.052713651210069656,-2.640979528427124,0.0024865162558853626,0.033448077738285065,1.0034745931625366,,,
,,,,,,,32767.0,32767.0,90.0
336.324,1.0475901365280151,-0.30069971084594727,-2.2560880184173584,-0.001182292471639812,0.03676905483007431,1.0094389915466309,,,
,,,,,,,32767.0,32767.0,90.0
336.334,0.14472775161266327,-0.2987962067127228,-1.0337049961090088,0.00012040082219755277,0.06768831610679626,1.0038788318634033,,,
,,,,,,,32767.0,32767.0,90.0
336.344,0.25750142335891724,-0.12738637626171112,-0.05090766400098801,-0.002116219839081168,0.06127040088176727,1.002511739730835,,,
,,,,,,,32767.0,32767.0,90.0
336.354,0.4525528848171234,-0.4646424651145935,-0.11886417120695114,0.001790475333109498,0.04041862115263939,1.0031986236572266,,,
,,,,,,,32767.0,32767.0,90.0
336.364,-0.8932096362113953,-0.2284398227930069,-0.21869079768657684,0.002332958858460188,0.04006711766123772,1.0040720701217651,,,
,,,,,,,32767.0,32767.0,90.0
336.374,-0.36542871594429016,-0.2922464907169342,0.07933463901281357,0.0012772514019161463,0.03801671788096428,1.0040184259414673,,,
,,,,,,,32767.0,32767.0,90.0
336.384,-0.16064366698265076,-0.3695043921470642,0.24383802711963654,-0.0015953907277435064,0.040660083293914795,1.0031920671463013,,,
,,,,,,,32767.0,32767.0,90.0
336.394,-0.13913698494434357,-0.40968629717826843,0.6970594525337219,-0.0020249495282769203,0.04276280850172043,1.0061485767364502,,,
,,,,,,,32767.0,32767.0,90.0
336.404,0.2937546968460083,-0.6154693961143494,1.1400753259658813,-0.0003403372538741678,0.045775122940540314,1.0067633390426636,,,
,,,,,,,32767.0,32767.0,90.0
336.414,0.0920344814658165,-0.25228410959243774,1.7496294975280762,0.001931184669956565,0.050299011170864105,1.0062146186828613,,,
,,,,,,,32767.0,32767.0,90.0
336.424,0.7168738842010498,-0.46246275305747986,2.602109432220459,-0.0004993678303435445,0.04553394392132759,1.0049660205841064,,,
,,,,,,,32767.0,32767.0,90.0
336.434,0.029568973928689957,-0.19945792853832245,3.033825635910034,-0.003207389498129487,0.04517790302634239,1.0026016235351562,,,
,,,,,,,32767.0,32767.0,90.0
336.444,0.012755407020449638,-0.23324322700500488,3.5475690364837646,-0.005048492457717657,0.0474560521543026,1.0021992921829224,,,
,,,,,,,32767.0,32767.0,90.0
336.454,-0.8995822072029114,0.20942151546478271,4.46259880065918,-0.004939024802297354,0.05004943162202835,1.0053496360778809,,,
,,,,,,,32767.0,32767.0,90.0
336.464,-2.0874767303466797,0.28716251254081726,6.128146171569824,0.004285327158868313,0.06266102194786072,1.0065139532089233,,,
,,,,,,,32767.0,32767.0,90.0
336.474,-2.4510996341705322,0.7361232042312622,9.087350845336914,0.01142546720802784,0.06782477349042892,1.0072163343429565,,,
,,,,,,,32767.0,32767.0,90.0
336.484,-1.060434103012085,0.926399827003479,11.925878524780273,0.01754860393702984,0.0500863641500473,1.0056726932525635,,,
,,,,,,,32767.0,32767.0,90.0
336.494,-7.2280049324035645,0.553548276424408,12.09308910369873,-0.00470967311412096,0.005489680916070938,1.0150517225265503,,,
,,,,,,,32767.0,32767.0,90.0
336.504,-4.004854679107666,0.41468343138694763,10.610857963562012,-0.011525822803378105,-0.025405075401067734,1.0190068483352661,,,
,,,,,,,32767.0,32767.0,90.0
336.514,24.043468475341797,-0.8253841996192932,15.686701774597168,0.0239599347114563,0.009017053060233593,0.9743218421936035,,,
,,,,,,,32767.0,32767.0,90.0
336.524,-7.965795040130615,0.3622594177722931,6.301966190338135,-0.03448083996772766,0.04510517045855522,1.0049890279769897,,,
,,,,,,,32767.0,32767.0,90.0
336.534,1.735386848449707,0.8528934717178345,8.404272079467773,-0.028804803267121315,0.07613568753004074,1.0056779384613037,,,
,,,,,,,32767.0,32767.0,90.0
336.544,4.235507965087891,0.32102856040000916,11.297467231750488,-0.009051169268786907,0.08601874858140945,1.0052800178527832,,,
,,,,,,,32767.0,32767.0,90.0
336.554,-1.3683733940124512,0.341706246137619,9.411283493041992,0.009704716503620148,0.06171615049242973,1.0110008716583252,,,
,,,,,,,32767.0,32767.0,90.0
336.564,8.76502513885498,0.8758304119110107,12.103321075439453,0.00421897554770112,0.09110045433044434,0.982721745967865,,,
,,,,,,,32767.0,32767.0,90.0
336.574,-3.017507791519165,1.1653902530670166,12.574177742004395,0.0014347080141305923,0.11262787133455276,1.0082812309265137,,,
,,,,,,,32767.0,32767.0,90.0
336.584,10.715038299560547,0.3832758963108063,14.941242218017578,-0.00239497609436512,0.07827030122280121,1.0091321468353271,,,
,,,,,,,32767.0,32767.0,90.0
336.594,4.740435600280762,1.3377560377120972,14.90290355682373,-0.006029533222317696,0.045302633196115494,1.005950689315796,,,
,,,,,,,32767.0,32767.0,90.0
336.604,15.440157890319824,0.9041054844856262,15.090500831604004,-0.003319189650937915,0.0192544125020504,0.9769391417503357,,,
,,,,,,,32767.0,32767.0,90.0
336.614,-2.529428720474243,1.0950424671173096,11.381961822509766,0.0010498387273401022,-0.001085044234059751,1.0111476182937622,,,
,,,,,,,32767.0,32767.0,90.0
336.624,12.800324440002441,0.48869532346725464,10.64908504486084,-0.0067732431925833225,-0.01916138455271721,1.0244700908660889,,,
,,,,,,,32767.0,32767.0,90.0
336.634,1.3082278966903687,0.37874260544776917,6.511080741882324,0.004240617621690035,-0.007732822559773922,1.0032615661621094,,,
,,,,,,,32767.0,32767.0,90.0
336.644,1.918169379234314,0.7296162247657776,5.922426223754883,-0.0009652383159846067,0.03564899414777756,1.008678913116455,,,
,,,,,,,32767.0,32767.0,90.0
336.654,4.620992660522461,0.24711428582668304,6.425017356872559,-0.0019365162588655949,0.052939701825380325,1.0111618041992188,,,
,,,,,,,32767.0,32767.0,90.0
336.664,2.6883068084716797,0.9146091938018799,6.1891279220581055,-0.0029586220625787973,0.05923231691122055,0.9883940815925598,,,
,,,,,,,32767.0,32767.0,90.0
336.674,2.196119785308838,0.538929283618927,5.029653549194336,0.0007720486028119922,0.027199137955904007,1.0187822580337524,,,
,,,,,,,32767.0,32767.0,90.0
336.684,1.411287784576416,0.8128883242607117,3.57629656791687,-0.0012316793436184525,0.007147571071982384,0.9911964535713196,,,
,,,,,,,32767.0,32767.0,90.0
336.694,2.0592124462127686,0.24523358047008514,1.9493786096572876,-6.76689378451556e-05,0.012607147917151451,1.0098590850830078,,,
,,,,,,,32767.0,32767.0,90.0
336.704,1.5792028903961182,-0.29866042733192444,1.5215246677398682,-0.0007672382635064423,0.043332282453775406,1.0081207752227783,,,
,,,,,,,32767.0,32767.0,90.0
336.714,4.843172073364258,-0.44262439012527466,2.7883810997009277,-0.0024111573584377766,0.07107781618833542,1.0088403224945068,,,
,,,,,,,32767.0,32767.0,90.0
336.724,6.2562737464904785,-0.1471613198518753,4.853495121002197,-0.0010568052530288696,0.08812697976827621,0.9999553561210632,,,
,,,,,,,32767.0,32767.0,90.0
336.734,4.922185897827148,0.05593471974134445,4.96900749206543,0.0008738882606849074,0.06400234252214432,0.9940636157989502,,,
,,,,,,,32767.0,32767.0,90.0
336.744,-0.916530191898346,0.4620104730129242,3.4820737838745117,0.0009790189797058702,0.028906097635626793,0.9854223132133484,,,
,,,,,,,32767.0,32767.0,90.0
336.754,-5.400241851806641,0.6368740797042847,1.2256015539169312,0.0001858050818555057,0.00879446230828762,1.0215562582015991,,,
,,,,,,,32767.0,32767.0,90.0
336.764,2.715543746948242,-0.2138400673866272,0.6751095056533813,-0.0047562322579324245,0.026023242622613907,1.0169340372085571,,,
,,,,,,,32767.0,32767.0,90.0
336.774,-0.3025696873664856,-0.007393982261419296,0.3120257556438446,-0.0007501142681576312,0.05281170830130577,1.0028694868087769,,,
,,,,,,,32767.0,32767.0,90.0
336.784,-0.8103488683700562,-0.06807581335306168,0.32644692063331604,0.0002825308474712074,0.05639902502298355,1.0054291486740112,,,
,,,,,,,32767.0,32767.0,90.0
336.794,0.12485736608505249,-0.20270512998104095,0.36419400572776794,-0.001980115892365575,0.05333176627755165,1.0050337314605713,,,
,,,,,,,32767.0,32767.0,90.0
336.804,0.12273373454809189,-0.06230144202709198,0.27190491557121277,-0.00476002786308527,0.04881902039051056,1.0049026012420654,,,
,,,,,,,32767.0,32767.0,90.0
336.814,-0.23355835676193237,0.1837327480316162,-0.13871732354164124,-0.0010497613111510873,0.04815953969955444,1.0066860914230347,,,
,,,,,,,32767.0,32767.0,90.0
336.824,1.6266553401947021,-0.14606207609176636,-0.3755568563938141,0.0005019383388571441,0.048389334231615067,1.0037007331848145,,,
,,,,,,,32767.0,32767.0,90.0
336.834,-0.21777430176734924,-0.27688246965408325,-0.2876656949520111,-0.00021822986309416592,0.05391045659780502,1.0051658153533936,,,
,,,,,,,32767.0,32767.0,90.0
336.844,-0.774886429309845,-0.15991385281085968,-0.12736807763576508,-0.0012999650789424777,0.0530732162296772,1.0041375160217285,,,
,,,,,,,32767.0,32767.0,90.0
336.854,-0.7370543479919434,0.07492861151695251,-0.5871105790138245,-0.00015813371283002198,0.05348633974790573,1.0032079219818115,,,
,,,,,,,32767.0,32767.0,90.0
336.864,0.35608386993408203,-0.22232043743133545,-0.27006596326828003,-0.0008916278020478785,0.05007314309477806,1.0038282871246338,,,
,,,,,,,32767.0,32767.0,90.0
336.874,-0.1945040374994278,0.09257262945175171,-0.38813769817352295,-0.0006895706173963845,0.05470244958996773,1.0056818723678589,,,
,,,,,,,32767.0,32767.0,90.0
336.884,0.07430452853441238,-0.028525298461318016,0.019904037937521935,-0.00022108851408120245,0.054343294352293015,1.004579782485962,,,
,,,,,,,32767.0,32767.0,90.0
336.894,-0.38283583521842957,-0.1325027495622635,0.017275001853704453,-0.0013724706368520856,0.05397915095090866,1.003287434577942,,,
,,,,,,,32767.0,32767.0,90.0
336.904,0.1520167738199234,-0.1284247785806656,0.11669286340475082,0.0004887100076302886,0.052305057644844055,1.0055928230285645,,,
,,,,,,,32767.0,32767.0,90.0
336.914,0.22566702961921692,-0.15455372631549835,0.3375507891178131,-0.0006047797505743802,0.05389814451336861,1.0067813396453857,,,
,,,,,,,32767.0,32767.0,90.0
336.924,0.6981827020645142,-0.07084350287914276,0.0965472087264061,-0.002976283198222518,0.051906898617744446,1.0036860704421997,,,
,,,,,,,32767.0,32767.0,90.0
336.934,-0.11754371970891953,-0.1675422340631485,0.1860489398241043,-0.002156664850190282,0.053666070103645325,1.0038353204727173,,,
,,,,,,,32767.0,32767.0,90.0
336.944,0.018055232241749763,0.06710225343704224,-0.12338351458311081,-0.0026941699907183647,0.052798233926296234,1.0045487880706787,,,
,,,,,,,32767.0,32767.0,90.0
336.954,-0.08728335797786713,-0.23028433322906494,-0.09200260788202286,0.00024887319887056947,0.05262209475040436,1.0080171823501587,,,
,,,,,,,32767.0,32767.0,90.0
336.964,0.16604526340961456,-0.022077934816479683,-0.17594154179096222,0.0005928447935730219,0.05339062958955765,1.004971981048584,,,
,,,,,,,32767.0,32767.0,90.0
336.974,-0.08520953357219696,-0.13525529205799103,-0.13622352480888367,0.001071374979801476,0.052487727254629135,1.0020500421524048,,,
,,,,,,,32767.0,32767.0,90.0
336.984,-0.10762201994657516,0.064668208360672,-0.1669875681400299,-0.0033884337171912193,0.05254441127181053,1.0052582025527954,,,
,,,,,,,32767.0,32767.0,90.0
336.994,-0.8536801338195801,-0.15958081185817719,-0.1866808384656906,-0.0006847757613286376,0.05337585508823395,1.0062487125396729,,,
,,,,,,,32767.0,32767.0,90.0
337.004,-0.4569872319698334,0.02201366424560547,0.1522955596446991,-0.0019220318645238876,0.051723405718803406,1.001792550086975,,,
,,,,,,,32767.0,32767.0,90.0
337.014,0.07719247043132782,-0.24038703739643097,-0.11217229813337326,0.0004065959365107119,0.051575712859630585,1.0013883113861084,,,
,,,,,,,32767.0,32767.0,90.0
337.024,1.0752103328704834,-0.02129293605685234,0.30663126707077026,-0.0005798974307253957,0.049309998750686646,1.0046589374542236,,,
,,,,,,,32767.0,32767.0,90.0
337.034,0.3476548194885254,-0.13921450078487396,-0.10669218748807907,-0.0015257523627951741,0.05233584716916084,1.004751205444336,,,
,,,,,,,32767.0,32767.0,90.0
337.044,-0.21971674263477325,-0.2642706036567688,0.04907708615064621,-0.0022130110301077366,0.051616013050079346,1.002933144569397,,,
,,,,,,,32767.0,32767.0,90.0
337.054,-1.2404624223709106,-0.07541460543870926,-0.4195181727409363,-0.00037262114346958697,0.054547104984521866,1.0057754516601562,,,
,,,,,,,32767.0,32767.0,90.0
337.064,-1.8250986337661743,-0.46460768580436707,-0.5123685002326965,-2.4061100702965632e-05,0.049705833196640015,1.004555583000183,,,
,,,,,,,32767.0,32767.0,90.0
337.074,-1.7262223958969116,-0.19272692501544952,-0.5720184445381165,0.0006352372583933175,0.047712989151477814,1.0050573348999023,,,
,,,,,,,32767.0,32767.0,90.0
337.084,-1.391845941543579,-0.512763261795044,-0.5567589402198792,2.682328522496391e-05,0.04583624750375748,1.0036484003067017,,,
,,,,,,,32767.0,32767.0,90.0
337.094,-0.19089628756046295,-0.5639823079109192,-0.9707639217376709,-0.0005127651966176927,0.04156775027513504,1.001807451248169,,,
,,,,,,,32767.0,32767.0,90.0
337.104,0.2128770351409912,-0.9223834872245789,-0.7452068328857422,-0.002361594932153821,0.0487222746014595,1.0054066181182861,,,
,,,,,,,32767.0,32767.0,90.0
337.114,-0.26812174916267395,-0.47589656710624695,-0.7027193903923035,-0.001267099753022194,0.05486015975475311,1.004737138748169,,,
,,,,,,,32767.0,32767.0,90.0
337.124,-0.6487160921096802,-0.7981595993041992,-0.8966859579086304,-0.0010147609282284975,0.05288553982973099,1.0073784589767456,,,
,,,,,,,32767.0,32767.0,90.0
337.134,-1.9538825750350952,-0.9458386301994324,-1.5603711605072021,0.0006279180524870753,0.046146657317876816,1.0083038806915283,,,
,,,,,,,32767.0,32767.0,90.0
337.144,-1.924339771270752,-0.5005159378051758,-3.350867509841919,0.0005166322225704789,0.035235825926065445,1.0090123414993286,,,
,,,,,,,32767.0,32767.0,90.0
337.154,-1.10674250125885,-0.25095611810684204,-12.3788480758667,-0.001894562505185604,0.05606211721897125,1.0076677799224854,,,
,,,,,,,32767.0,32767.0,90.0
337.164,-10.191526412963867,5.833108425140381,-14.668542861938477,0.001489617396146059,0.12327338010072708,1.0189131498336792,,,
,,,,,,,32767.0,32767.0,90.0
337.174,-14.511133193969727,10.328672409057617,-6.86476469039917,0.03088991716504097,0.11451981961727142,1.0170234441757202,,,
,,,,,,,32767.0,32767.0,90.0
337.184,-12.854796409606934,11.47814655303955,-4.511577606201172,0.02513798139989376,0.04665611684322357,1.0086535215377808,,,
,,,,,,,32767.0,32767.0,90.0
337.194,-12.891054153442383,10.303556442260742,-7.716029167175293,-0.028137169778347015,0.029393082484602928,0.9978054761886597,,,
,,,,,,,32767.0,32767.0,90.0
337.204,-11.231122016906738,9.7155179977417,-7.734667778015137,-0.029999099671840668,0.0310903862118721,0.9978635311126709,,,
,,,,,,,32767.0,32767.0,90.0
337.214,-9.003418922424316,7.6465349197387695,-7.1999287605285645,-0.011662710458040237,0.02452661655843258,0.9991428852081299,,,
,,,,,,,32767.0,32767.0,90.0
337.224,-6.257526874542236,4.88249397277832,-6.244998931884766,-0.032203469425439835,0.019269665703177452,0.9960397481918335,,,
,,,,,,,32767.0,32767.0,90.0
337.234,-3.1395108699798584,3.02773380279541,-5.9338555335998535,-0.039843469858169556,0.017243579030036926,0.9940337538719177,,,
,,,,,,,32767.0,32767.0,90.0
337.244,-2.0900661945343018,1.5131192207336426,-8.371578216552734,-0.04295441880822182,0.015248426236212254,0.9972400069236755,,,
,,,,,,,32767.0,32767.0,90.0
337.254,-2.8216264247894287,0.7590616941452026,-12.740039825439453,-0.04342417046427727,-0.0019174948101863265,1.013706088066101,,,
,,,,,,,32767.0,32767.0,90.0
337.264,-7.3424224853515625,2.8855228424072266,-11.779106140136719,-0.052558060735464096,0.00961905624717474,1.016334056854248,,,
,,,,,,,32767.0,32767.0,90.0
337.274,-4.172083854675293,5.571149826049805,-11.181395530700684,-0.0320742093026638,0.019641287624835968,1.0093071460723877,,,
,,,,,,,32767.0,32767.0,90.0
337.284,2.230121612548828,8.709348678588867,-13.994447708129883,-0.040000069886446,0.010004745796322823,0.9907087683677673,,,
,,,,,,,32767.0,32767.0,90.0
337.294,9.762568473815918,5.442129135131836,-16.64125633239746,-0.006979137193411589,0.0026968433521687984,1.0001307725906372,,,
,,,,,,,32767.0,32767.0,90.0
337.304,15.133170127868652,2.8692710399627686,-12.637346267700195,0.018802257254719734,0.05210927128791809,1.0017582178115845,,,
,,,,,,,32767.0,32767.0,90.0
337.314,1.6289687156677246,1.9447964429855347,-8.104843139648438,0.04035330191254616,0.09373632818460464,1.0085548162460327,,,
,,,,,,,32767.0,32767.0,90.0
337.324,-4.487545490264893,4.195400238037109,-11.385136604309082,0.02624598890542984,0.08875741809606552,1.008100152015686,,,
,,,,,,,32767.0,32767.0,90.0
337.334,-2.704000234603882,2.9279918670654297,-14.739239692687988,0.008871464058756828,0.0871352031826973,1.0024195909500122,,,
,,,,,,,32767.0,32767.0,90.0
337.344,-1.9525973796844482,2.6458706855773926,-13.993971824645996,-0.015347401611506939,0.07513806968927383,1.000482439994812,,,
,,,,,,,32767.0,32767.0,90.0
337.354,-1.6281782388687134,1.7390679121017456,-12.692486763000488,-0.0210263654589653,0.03333095461130142,1.00028395652771,,,
,,,,,,,32767.0,32767.0,90.0
337.364,-4.821556091308594,-1.4100430011749268,-11.836042404174805,-0.0012473220704123378,0.00970897264778614,1.0022821426391602,,,
,,,,,,,32767.0,32767.0,90.0
337.374,-5.840260982513428,-2.229083299636841,-9.136229515075684,0.015031220391392708,0.006176087073981762,1.00381600856781,,,
,,,,,,,32767.0,32767.0,90.0
337.384,-1.540673017501831,0.07015802711248398,-6.998172760009766,-0.0029786075465381145,-0.0036330465227365494,1.00441312789917,,,
,,,,,,,32767.0,32767.0,90.0
337.394,-9.57027816772461,-0.2993646264076233,-6.542464256286621,-0.06276316195726395,0.011723818257451057,1.0064324140548706,,,
,,,,,,,32767.0,32767.0,90.0
337.404,-0.34366828203201294,0.2794531285762787,-7.642649173736572,-0.07871303707361221,-0.009937237948179245,0.9981653690338135,,,
,,,,,,,32767.0,32767.0,90.0
337.414,4.302361965179443,-2.4245715141296387,-5.905550956726074,-0.06287511438131332,0.00063580262940377,0.9917092323303223,,,
,,,,,,,32767.0,32767.0,90.0
337.424,7.8390398025512695,-4.744743824005127,-6.105571269989014,-0.008372456766664982,0.03207499533891678,1.0012694597244263,,,
,,,,,,,32767.0,32767.0,90.0
337.434,6.665575981140137,-5.198891639709473,-1.752402424812317,-0.009231907315552235,0.05331786721944809,1.005293846130371,,,
,,,,,,,32767.0,32767.0,90.0
337.444,4.799643039703369,-3.615719795227051,-1.6685007810592651,-0.014447158202528954,0.042620450258255005,1.0104928016662598,,,
,,,,,,,32767.0,32767.0,90.0
337.454,2.3061320781707764,-1.9446886777877808,-3.406710147857666,-0.013082994148135185,0.032476235181093216,1.0107072591781616,,,
,,,,,,,32767.0,32767.0,90.0
337.464,6.049351215362549,-4.541467189788818,-5.100162506103516,-0.021267760545015335,0.02683028019964695,0.9952247142791748,,,
,,,,,,,32767.0,32767.0,90.0
337.474,8.491437911987305,-7.172636032104492,-4.214446067810059,-0.013595380820333958,0.0345376580953598,0.9952071309089661,,,
,,,,,,,32767.0,32767.0,90.0
337.484,6.1032938957214355,-7.030643939971924,-4.77416467666626,-0.001295590540394187,0.036639273166656494,1.0117112398147583,,,
,,,,,,,32767.0,32767.0,90.0
337.494,2.972113847732544,-5.301476955413818,-6.149745941162109,0.0014934004284441471,0.03789924085140228,1.010514259338379,,,
,,,,,,,32767.0,32767.0,90.0
337.504,1.9534236192703247,-5.161147117614746,-5.528183937072754,0.002630051923915744,0.04584193602204323,1.0021321773529053,,,
,,,,,,,32767.0,32767.0,90.0
337.514,3.062608242034912,-6.7115864753723145,-4.755300521850586,-0.006186170037835836,0.048258405178785324,0.999646008014679,,,
,,,,,,,32767.0,32767.0,90.0
337.524,4.7174272537231445,-6.943048000335693,-3.1581454277038574,-0.030123375356197357,0.04711918532848358,0.9975583553314209,,,
,,,,,,,32767.0,32767.0,90.0
337.534,7.350618839263916,-6.464027404785156,-0.8087945580482483,-0.04856659099459648,0.03998716175556183,0.9995084404945374,,,
,,,,,,,32767.0,32767.0,90.0
337.544,8.805193901062012,-6.449362754821777,0.14334261417388916,-0.03763827681541443,0.03495047613978386,0.9934778213500977,,,
,,,,,,,32767.0,32767.0,90.0
337.554,11.904690742492676,-7.842067718505859,-0.9475882649421692,-0.01822461374104023,0.03581453487277031,1.0040943622589111,,,
,,,,,,,32767.0,32767.0,90.0
337.564,11.159090995788574,-7.540335655212402,-0.5940315127372742,-0.0018499029101803899,0.05330741032958031,1.0121294260025024,,,
,,,,,,,32767.0,32767.0,90.0
337.574,6.023606777191162,-4.57820463180542,0.2598387897014618,0.011442186310887337,0.060695990920066833,1.0060830116271973,,,
,,,,,,,32767.0,32767.0,90.0
337.584,4.521121025085449,-3.79024076461792,-0.10363706946372986,0.010179118253290653,0.06302210688591003,1.0124738216400146,,,
,,,,,,,32767.0,32767.0,90.0
337.594,4.515925407409668,-3.506457567214966,-0.3023437559604645,-0.00249140034429729,0.05758575722575188,1.0039066076278687,,,
,,,,,,,32767.0,32767.0,90.0
337.604,5.391698837280273,-4.208838939666748,-0.13459180295467377,-0.002565493108704686,0.046061936765909195,0.9959402680397034,,,
,,,,,,,32767.0,32767.0,90.0
337.614,5.991957187652588,-5.395580291748047,-0.181542307138443,-0.0006374496151693165,0.045470502227544785,1.0050089359283447,,,
,,,,,,,32767.0,32767.0,90.0
337.624,4.495019435882568,-4.512225151062012,-0.23730431497097015,-0.0030536376871168613,0.05207241699099541,1.0094491243362427,,,
,,,,,,,32767.0,32767.0,90.0
337.634,1.3783198595046997,-2.737840414047241,-1.2406704425811768,0.00722648948431015,0.05326533690094948,1.0084826946258545,,,
,,,,,,,32767.0,32767.0,90.0
337.644,-0.6571507453918457,-2.003544569015503,-1.845186710357666,0.009978626854717731,0.049640875309705734,1.0121990442276,,,
,,,,,,,32767.0,32767.0,90.0
337.654,-2.055291175842285,-1.8105933666229248,-1.3031738996505737,0.012351589277386665,0.04831910878419876,1.0077323913574219,,,
,,,,,,,32767.0,32767.0,90.0
337.664,-2.324052572250366,-0.05192103609442711,-0.3020536005496979,0.005256041884422302,0.05833397060632706,1.005101203918457,,,
,,,,,,,32767.0,32767.0,90.0
337.674,-2.953192710876465,1.5568194389343262,0.3675743043422699,-0.01543940044939518,0.06698937714099884,1.008488416671753,,,
,,,,,,,32767.0,32767.0,90.0
337.684,-1.7807539701461792,1.395737886428833,-0.32633236050605774,-0.016586555168032646,0.06822240352630615,0.9981071352958679,,,
,,,,,,,32767.0,32767.0,90.0
337.694,1.8169891834259033,-0.13118316233158112,0.06209945306181908,-0.009845544584095478,0.05258815735578537,0.9918449521064758,,,
,,,,,,,32767.0,32767.0,90.0
337.704,4.482774257659912,-2.8885040283203125,1.0376718044281006,-0.008397514000535011,0.04008175805211067,0.9969345927238464,,,
,,,,,,,32767.0,32767.0,90.0
337.714,4.74630880355835,-3.928666830062866,1.494143009185791,-0.0036287042312324047,0.050454527139663696,1.0020828247070312,,,
,,,,,,,32767.0,32767.0,90.0
337.724,4.528201580047607,-4.130980491638184,0.7442082166671753,0.0009232221636921167,0.06635625660419464,1.005221962928772,,,
,,,,,,,32767.0,32767.0,90.0
337.734,-1.8201543092727661,0.13283158838748932,-0.1623450070619583,0.009677598252892494,0.07607688009738922,1.0207849740982056,,,
,,,,,,,32767.0,32767.0,90.0
337.744,1.4342174530029297,-0.416980117559433,-0.2135026454925537,-0.00260250479914248,0.05105011165142059,1.0008466243743896,,,
,,,,,,,32767.0,32767.0,90.0
337.754,0.05717376992106438,-0.8291347026824951,-0.26615288853645325,-0.004388253670185804,0.055567603558301926,1.0037307739257812,,,
,,,,,,,32767.0,32767.0,90.0
337.764,1.997986078262329,-0.02384614385664463,0.4544566869735718,0.0016320261638611555,0.057429444044828415,1.0043258666992188,,,
,,,,,,,32767.0,32767.0,90.0
337.774,0.6357643604278564,-0.014341275207698345,0.6581504344940186,0.008135300129652023,0.05696861818432808,1.0039913654327393,,,
,,,,,,,32767.0,32767.0,90.0
337.784,0.8869986534118652,0.3324359953403473,0.917091965675354,0.002464648336172104,0.05902508646249771,1.0046509504318237,,,
,,,,,,,32767.0,32767.0,90.0
337.794,0.4899955093860626,0.039838552474975586,1.1904762983322144,0.0005053752684034407,0.06857588142156601,1.0054070949554443,,,
,,,,,,,32767.0,32767.0,90.0
337.804,0.9474014639854431,1.0636558532714844,2.4145076274871826,-0.0001306354970438406,0.07228999584913254,1.0071252584457397,,,
,,,,,,,32767.0,32767.0,90.0
337.814,3.330697774887085,1.1314992904663086,3.3428823947906494,-0.0011387167032808065,0.07313407212495804,1.0114083290100098,,,
,,,,,,,32767.0,32767.0,90.0
337.824,8.323458671569824,1.8385837078094482,5.116254806518555,0.0012064416659995914,0.09805308282375336,0.9881631135940552,,,
,,,,,,,32767.0,32767.0,90.0
337.834,-1.0325618982315063,1.6454368829727173,5.8697381019592285,0.0014217792777344584,0.08919015526771545,0.998961865901947,,,
,,,,,,,32767.0,32767.0,90.0
337.844,5.045370101928711,1.3831959962844849,5.904521465301514,0.001814691349864006,0.04319732263684273,0.9982250928878784,,,
,,,,,,,32767.0,32767.0,90.0
337.854,-2.00485897064209,0.008222063072025776,2.597234010696411,0.00319252023473382,0.007162030786275864,1.0070849657058716,,,
,,,,,,,32767.0,32767.0,90.0
337.864,-5.256593704223633,-0.5749093890190125,0.1179552674293518,0.004063442815095186,0.009581274352967739,1.0137277841567993,,,
,,,,,,,32767.0,32767.0,90.0
337.874,-1.1933372020721436,-0.5143764615058899,-1.5363352298736572,0.0043518077582120895,0.026872754096984863,0.9957541227340698,,,
,,,,,,,32767.0,32767.0,90.0
337.884,14.309287071228027,0.09091261774301529,-0.742827296257019,-0.000287415023194626,0.0538579560816288,1.0016144514083862,,,
,,,,,,,32767.0,32767.0,90.0
337.894,-3.424490213394165,-0.5123648643493652,0.0719958171248436,-1.2303584298933856e-05,0.09355052560567856,1.0060713291168213,,,
,,,,,,,32767.0,32767.0,90.0
337.904,1.5981165170669556,-0.5482679009437561,-0.28028783202171326,-0.0012245251564309,0.05614147707819939,1.0056508779525757,,,
,,,,,,,32767.0,32767.0,90.0
337.914,0.6621882915496826,-0.41671210527420044,0.400911808013916,-0.0031556992325931787,0.06229385733604431,1.0046634674072266,,,
,,,,,,,32767.0,32767.0,90.0
337.924,-1.4612624645233154,-0.09005017578601837,0.09398198872804642,-0.0012834827648475766,0.05531982332468033,1.00308358669281,,,
,,,,,,,32767.0,32767.0,90.0
337.934,-0.38805508613586426,0.08461660146713257,-0.23175938427448273,0.0009164541261270642,0.05476192757487297,1.0054324865341187,,,
,,,,,,,32767.0,32767.0,90.0
337.944,0.5662455558776855,0.03693975880742073,0.07159917801618576,0.00025036840816028416,0.05887315422296524,1.0012884140014648,,,
,,,,,,,32767.0,32767.0,90.0
337.954,-1.6720393896102905,0.5642780065536499,-0.18372027575969696,-0.0014799191849306226,0.06262505054473877,1.0065172910690308,,,
,,,,,,,32767.0,32767.0,90.0
337.964,-2.2967019081115723,0.2124725580215454,0.05697241052985191,0.0006408655317500234,0.05867312103509903,1.0051885843276978,,,
,,,,,,,32767.0,32767.0,90.0
337.974,-0.1687116175889969,-0.0685412809252739,-0.10282446444034576,0.0026828600093722343,0.05454721674323082,1.00275456905365,,,
,,,,,,,32767.0,32767.0,90.0
337.984,0.6273569464683533,-0.11955026537179947,-0.20669661462306976,0.0010593206388875842,0.05135911703109741,1.0022296905517578,,,
,,,,,,,32767.0,32767.0,90.0
337.994,1.165562629699707,-0.3165777325630188,-0.2701717019081116,6.15409153397195e-05,0.05962756648659706,1.0039143562316895,,,
,,,,,,,32767.0,32767.0,90.0
338.004,0.44864264130592346,-0.28022921085357666,-0.3969748914241791,0.0032801844645291567,0.06429515779018402,1.0013484954833984,,,
,,,,,,,32767.0,32767.0,90.0
338.014,0.1531676948070526,-0.203262060880661,-0.013046280480921268,0.0023938266094774008,0.06267011165618896,1.0050950050354004,,,
,,,,,,,32767.0,32767.0,90.0
338.024,0.287106454372406,-0.13600248098373413,0.14056651294231415,0.0007028713589534163,0.06025874614715576,1.0059456825256348,,,
,,,,,,,32767.0,32767.0,90.0
338.034,2.37392258644104,-0.5243307948112488,-0.0036222832277417183,0.001851795008406043,0.06711343675851822,0.9997125864028931,,,
,,,,,,,32767.0,32767.0,90.0
338.044,9.190956115722656,-0.6471916437149048,4.116504192352295,0.016401583328843117,0.18581213057041168,0.9838259816169739,,,
,,,,,,,32767.0,32767.0,90.0
338.054,14.724176406860352,0.7387579083442688,0.8980495929718018,0.06748855859041214,0.35242199897766113,0.9903963208198547,,,
,,,,,,,32767.0,32767.0,90.0
338.064,-1.153821587562561,1.1965012550354004,1.352290153503418,0.13338008522987366,0.33419257402420044,0.9902909994125366,,,
,,,,,,,32767.0,32767.0,90.0
338.074,3.0468404293060303,1.463003396987915,15.1255464553833,0.09960656613111496,0.28213244676589966,1.0275557041168213,,,
,,,,,,,32767.0,32767.0,90.0
338.084,-2.4291627407073975,2.6811327934265137,17.652799606323242,0.0006973557756282389,0.14310099184513092,0.9570719599723816,,,
,,,,,,,32767.0,32767.0,90.0
338.094,8.61662769317627,2.0449252128601074,13.6958646774292,-0.02706274576485157,-0.054102323949337006,0.9794647097587585,,,
,,,,,,,32767.0,32767.0,90.0
338.104,-7.106431007385254,1.0082359313964844,11.327901840209961,-0.08275184035301208,-0.06765240430831909,0.9778614044189453,,,
,,,,,,,32767.0,32767.0,90.0
338.114,14.616943359375,2.2200307846069336,19.919769287109375,-0.1232047975063324,-0.06857999414205551,0.9921721816062927,,,
,,,,,,,32767.0,32767.0,90.0
338.124,13.402283668518066,1.0699981451034546,10.724237442016602,-0.10008542239665985,-0.1772942990064621,1.0232051610946655,,,
,,,,,,,32767.0,32767.0,90.0
338.134,2.393028736114502,0.12374158203601837,3.9403586387634277,-0.007052105385810137,-0.1746787428855896,1.0198432207107544,,,
,,,,,,,32767.0,32767.0,90.0
338.144,-1.1628766059875488,-0.42541247606277466,-3.406221389770508,0.0020253893453627825,-0.09756268560886383,1.0193638801574707,,,
,,,,,,,32767.0,32767.0,90.0
338.154,3.4987335205078125,0.36155739426612854,2.3200788497924805,-0.021312717348337173,0.14084939658641815,0.9964268803596497,,,
,,,,,,,32767.0,32767.0,90.0
338.164,-2.6179263591766357,-0.03746834769845009,5.7712788581848145,0.002846954856067896,0.13279475271701813,0.9985814094543457,,,
,,,,,,,32767.0,32767.0,90.0
338.174,-0.4613167345523834,0.3373132348060608,2.0297019481658936,-0.006603695917874575,0.04129045829176903,1.017945647239685,,,
,,,,,,,32767.0,32767.0,90.0
338.184,4.781574726104736,0.5059517621994019,2.1417832374572754,-0.025050928816199303,0.028340790420770645,1.0027426481246948,,,
,,,,,,,32767.0,32767.0,90.0
338.194,0.3846270442008972,0.19807477295398712,-0.8760098814964294,0.0013286741450428963,0.04924030601978302,1.0060997009277344,,,
,,,,,,,32767.0,32767.0,90.0
338.204,3.3298840522766113,0.02461535483598709,-2.1647722721099854,0.00963258370757103,0.09181585907936096,1.0031170845031738,,,
,,,,,,,32767.0,32767.0,90.0
338.214,1.8387213945388794,-0.14606782793998718,-2.1890666484832764,0.001974360318854451,0.07405964285135269,0.9993650317192078,,,
,,,,,,,32767.0,32767.0,90.0
338.224,2.3970422744750977,-0.360524982213974,-3.132211446762085,-0.0033102277666330338,0.07285451889038086,1.015501618385315,,,
,,,,,,,32767.0,32767.0,90.0
338.234,11.012980461120605,-1.5902464389801025,-3.743192195892334,-0.024054687470197678,0.07516928762197495,1.034014344215393,,,
,,,,,,,32767.0,32767.0,90.0
338.244,25.02420425415039,-3.3016068935394287,-4.061343193054199,-0.07226656377315521,0.10238103568553925,1.0288335084915161,,,
,,,,,,,32767.0,32767.0,90.0
338.254,36.96765899658203,-3.4804794788360596,-8.503316879272461,-0.1615823209285736,0.19773612916469574,1.0194941759109497,,,
,,,,,,,32767.0,32767.0,90.0
338.264,39.596900939941406,-9.525531768798828,-2.616415500640869,-0.23956388235092163,0.26061806082725525,1.0977239608764648,,,
,,,,,,,32767.0,32767.0,90.0
338.274,40.41660690307617,-16.92132568359375,3.923125982284546,-0.2430746704339981,0.1853150874376297,1.1487488746643066,,,
,,,,,,,32767.0,32767.0,90.0
338.284,40.64036178588867,-23.424678802490234,-2.362548351287842,-0.15485696494579315,0.057237736880779266,1.1612120866775513,,,
,,,,,,,32767.0,32767.0,90.0
338.294,18.027006149291992,-12.561809539794922,-5.805787086486816,-0.04580307379364967,0.045603200793266296,1.1856833696365356,,,
,,,,,,,32767.0,32767.0,90.0
338.304,-0.4072461426258087,-26.221378326416016,-7.1259846687316895,-0.024331284686923027,0.06362353265285492,1.2233045101165771,,,
,,,,,,,32767.0,32767.0,90.0
338.314,-14.982667922973633,-36.063045501708984,-12.32745361328125,0.005822985433042049,-0.009770898148417473,1.152964472770691,,,
,,,,,,,32767.0,32767.0,90.0
338.324,-11.205240249633789,-30.915607452392578,-10.925325393676758,0.05705210193991661,-0.024105709046125412,1.115139126777649,,,
,,,,,,,32767.0,32767.0,90.0
338.334,-12.188329696655273,-37.41292190551758,-16.03292465209961,0.10211770981550217,-0.023239070549607277,1.1472097635269165,,,
,,,,,,,32767.0,32767.0,90.0
338.344,-19.09575080871582,-43.07797622680664,-23.768142700195312,0.10423127561807632,-0.002433486981317401,1.158146619796753,,,
,,,,,,,32767.0,32767.0,90.0
338.354,-13.737771034240723,-39.45481872558594,-24.742624282836914,0.1187668889760971,0.0049866861663758755,1.1531800031661987,,,
,,,,,,,32767.0,32767.0,90.0
338.364,-14.928897857666016,-39.30693817138672,-30.770078659057617,0.09227211028337479,-0.008551057428121567,1.1302107572555542,,,
,,,,,,,32767.0,32767.0,90.0
338.374,-22.1923885345459,-45.2146110534668,-34.83743667602539,0.041012536734342575,0.00982911977916956,1.1200100183486938,,,
,,,,,,,32767.0,32767.0,90.0
338.384,-25.756834030151367,-22.24901008605957,-39.13124465942383,0.026733355596661568,0.007608255371451378,0.9731484651565552,,,
,,,,,,,32767.0,32767.0,90.0
338.394,-13.319190979003906,-4.010733604431152,-44.17074203491211,-0.026979396119713783,0.02937457151710987,0.9655293822288513,,,
,,,,,,,32767.0,32767.0,90.0
338.404,-6.513835906982422,-15.069229125976562,-41.67339324951172,-0.07407379895448685,0.06828046590089798,1.12726891040802,,,
,,,,,,,32767.0,32767.0,90.0
338.414,-13.168987274169922,-13.502553939819336,-47.44180679321289,0.002841860055923462,0.041176602244377136,1.161728858947754,,,
,,,,,,,32767.0,32767.0,90.0
338.424,-8.780550003051758,-12.523417472839355,-46.79024887084961,0.01553764846175909,0.08163022994995117,1.1303105354309082,,,
,,,,,,,32767.0,32767.0,90.0
338.434,-7.349085807800293,-12.392659187316895,-44.391258239746094,-0.010371522977948189,0.09866535663604736,1.1041585206985474,,,
,,,,,,,32767.0,32767.0,90.0
338.444,0.4677368700504303,-6.11265754699707,-45.51853942871094,-0.011037859134376049,0.07332322746515274,1.0530672073364258,,,
,,,,,,,32767.0,32767.0,90.0
338.454,7.406993389129639,-6.997718334197998,-40.427642822265625,-0.005314875394105911,0.07813625782728195,1.0513263940811157,,,
,,,,,,,32767.0,32767.0,90.0
338.464,6.327346324920654,-4.886749744415283,-36.47208023071289,0.026050524786114693,0.06086338311433792,1.0234586000442505,,,
,,,,,,,32767.0,32767.0,90.0
338.474,-0.21803027391433716,-1.1830816268920898,-35.92522430419922,0.029296599328517914,0.01624124124646187,0.976425051689148,,,
,,,,,,,32767.0,32767.0,90.0
338.484,-4.8348188400268555,1.3198003768920898,-30.02138900756836,0.01676192320883274,0.045008622109889984,0.9708554744720459,,,
,,,,,,,32767.0,32767.0,90.0
338.494,-7.269074440002441,4.254241466522217,-23.713729858398438,0.028378723189234734,0.08721622079610825,0.980877697467804,,,
,,,,,,,32767.0,32767.0,90.0
338.504,-5.676629066467285,5.5951151847839355,-18.083480834960938,0.029071642085909843,0.10179166495800018,0.9840274453163147,,,
,,,,,,,32767.0,32767.0,90.0
338.514,-1.2334208488464355,7.236537456512451,-15.760697364807129,0.08185404539108276,0.11510036885738373,0.9788680076599121,,,
,,,,,,,32767.0,32767.0,90.0
338.524,5.116643905639648,8.432552337646484,-7.581786155700684,0.0390506312251091,0.13626286387443542,0.9989805221557617,,,
,,,,,,,32767.0,32767.0,90.0
338.534,6.539772033691406,7.018871307373047,1.6763056516647339,-0.0810655727982521,0.08602211624383926,1.0297411680221558,,,
,,,,,,,32767.0,32767.0,90.0
338.544,-4.361091136932373,13.168086051940918,3.7104671001434326,-0.11309941858053207,0.014679433777928352,0.9999571442604065,,,
,,,,,,,32767.0,32767.0,90.0
338.554,-15.953730583190918,18.350412368774414,7.069321155548096,-0.06621864438056946,-0.005617666523903608,1.007773995399475,,,
,,,,,,,32767.0,32767.0,90.0
338.564,-25.891679763793945,18.73988151550293,11.03980827331543,-0.01657341979444027,0.0024165483191609383,1.0462042093276978,,,
,,,,,,,32767.0,32767.0,90.0
338.574,-30.592309951782227,19.21190071105957,12.939332962036133,0.004474264569580555,0.01595122739672661,1.0434472560882568,,,
,,,,,,,32767.0,32767.0,90.0
338.584,-29.428396224975586,23.208011627197266,15.661986351013184,0.01089837308973074,0.05879659205675125,1.014931082725525,,,
,,,,,,,32767.0,32767.0,90.0
338.594,-23.132083892822266,27.461788177490234,20.265121459960938,-0.0021710479632019997,0.09276539087295532,1.039219617843628,,,
,,,,,,,32767.0,32767.0,90.0
338.604,-13.985867500305176,28.901124954223633,23.115400314331055,-0.0340653657913208,0.11236387491226196,1.0708931684494019,,,
,,,,,,,32767.0,32767.0,90.0
338.614,-3.6639673709869385,31.331083297729492,25.069049835205078,-0.04319823533296585,0.11145714670419693,1.0810844898223877,,,
,,,,,,,32767.0,32767.0,90.0
338.624,5.2969841957092285,34.7852897644043,26.09203338623047,-0.05175945535302162,0.08463405072689056,1.0715281963348389,,,
,,,,,,,32767.0,32767.0,90.0
338.634,11.908010482788086,37.1177978515625,26.513532638549805,-0.06389208883047104,0.04452778026461601,1.063546895980835,,,
,,,,,,,32767.0,32767.0,90.0
338.644,12.738239288330078,40.06002426147461,26.365989685058594,-0.06654593348503113,-0.0014390794094651937,1.0345373153686523,,,
,,,,,,,32767.0,32767.0,90.0
338.654,11.678065299987793,43.81459426879883,25.01154899597168,-0.06936477869749069,-0.034040000289678574,1.022273063659668,,,
,,,,,,,32767.0,32767.0,90.0
338.664,4.461822509765625,47.44489669799805,23.432376861572266,-0.08160796761512756,-0.06464783847332001,1.0079290866851807,,,
,,,,,,,32767.0,32767.0,90.0
338.674,-5.494251251220703,53.627220153808594,20.350183486938477,-0.09667063504457474,-0.11710038781166077,0.9581552147865295,,,
,,,,,,,32767.0,32767.0,90.0
338.684,-14.39207935333252,59.54231262207031,15.720805168151855,-0.1308092176914215,-0.15944424271583557,0.9087973833084106,,,
,,,,,,,32767.0,32767.0,90.0
338.694,-25.991378784179688,63.86542892456055,9.700297355651855,-0.15042085945606232,-0.17546765506267548,0.9046697020530701,,,
,,,,,,,32767.0,32767.0,90.0
338.704,-34.55240249633789,70.81302642822266,5.318386077880859,-0.1344645917415619,-0.15338315069675446,0.9038136601448059,,,
,,,,,,,32767.0,32767.0,90.0
338.714,-32.580223083496094,73.7999267578125,0.11122838407754898,-0.15041689574718475,-0.14251014590263367,0.9100016951560974,,,
,,,,,,,32767.0,32767.0,90.0
338.724,-32.16785430908203,79.0869369506836,-4.35056209564209,-0.14025843143463135,-0.11723458021879196,0.9180393815040588,,,
,,,,,,,32767.0,32767.0,90.0
338.734,-26.734785079956055,84.1827621459961,-8.432002067565918,-0.11968956887722015,-0.09042781591415405,0.923392653465271,,,
,,,,,,,32767.0,32767.0,90.0
338.744,-20.73281478881836,86.00922393798828,-14.113118171691895,-0.12257158011198044,-0.051847707480192184,0.9230921864509583,,,
,,,,,,,32767.0,32767.0,90.0
338.754,-14.26693344116211,90.15000915527344,-17.8615665435791,-0.1562969833612442,-0.042014990001916885,0.9119903445243835,,,
,,,,,,,32767.0,32767.0,90.0
338.764,-7.353724002838135,92.56253814697266,-21.827878952026367,-0.17010104656219482,-0.04959603399038315,0.911941647529602,,,
,,,,,,,32767.0,32767.0,90.0
338.774,-2.5377254486083984,92.87406921386719,-27.362417221069336,-0.1590370535850525,-0.042024847120046616,0.9150990843772888,,,
,,,,,,,32767.0,32767.0,90.0
338.784,-0.7183413505554199,92.48823547363281,-31.594532012939453,-0.15765029191970825,-0.019953802227973938,0.9133834838867188,,,
,,,,,,,32767.0,32767.0,90.0
338.794,0.38562923669815063,89.00251007080078,-35.283538818359375,-0.15836629271507263,0.0016248918836936355,0.9033821821212769,,,
,,,,,,,32767.0,32767.0,90.0
338.804,-2.7917890548706055,85.2805404663086,-38.66434097290039,-0.1516728699207306,0.033897433429956436,0.8913822770118713,,,
,,,,,,,32767.0,32767.0,90.0
338.814,-9.149770736694336,81.20014190673828,-40.340293884277344,-0.1633046716451645,0.07774422317743301,0.8761323690414429,,,
,,,,,,,32767.0,32767.0,90.0
338.824,-9.625154495239258,76.43594360351562,-42.390262603759766,-0.1559080183506012,0.05015299469232559,0.8572859764099121,,,
,,,,,,,32767.0,32767.0,90.0
338.834,-5.916074275970459,68.40396881103516,-44.84138107299805,-0.1404237151145935,0.030663087964057922,0.8405342698097229,,,
,,,,,,,32767.0,32767.0,90.0
338.844,-5.647814750671387,59.480857849121094,-45.25612258911133,-0.11798816919326782,0.046394169330596924,0.8225346803665161,,,
,,,,,,,32767.0,32767.0,90.0
338.854,-7.807284355163574,52.06327819824219,-45.46997833251953,-0.1214371845126152,0.0877256840467453,0.7762832641601562,,,
,,,,,,,32767.0,32767.0,90.0
338.864,-31.466278076171875,62.27643585205078,-46.73160171508789,-0.17418159544467926,0.07269402593374252,0.620714545249939,,,
,,,,,,,32767.0,32767.0,90.0
338.874,-19.643604278564453,61.25855255126953,-49.374393463134766,-0.21442672610282898,0.08260036259889603,0.7105575203895569,,,
,,,,,,,32767.0,32767.0,90.0
338.884,-23.81949806213379,48.5523796081543,-44.3169059753418,-0.19514018297195435,0.14492958784103394,0.8565443158149719,,,
,,,,,,,32767.0,32767.0,90.0
338.894,-34.158050537109375,36.94339370727539,-42.417396545410156,-0.14868158102035522,0.12262912839651108,0.912817656993866,,,
,,,,,,,32767.0,32767.0,90.0
338.904,-41.94951248168945,26.692808151245117,-42.70118713378906,-0.15053866803646088,0.07440418004989624,0.9052705764770508,,,
,,,,,,,32767.0,32767.0,90.0
338.914,-40.90242385864258,19.748126983642578,-43.4083251953125,-0.12894681096076965,0.09474098682403564,0.9190134406089783,,,
,,,,,,,32767.0,32767.0,90.0
338.924,-50.046043395996094,60.068817138671875,-50.647029876708984,-0.18035493791103363,0.15945139527320862,0.9877365827560425,,,
,,,,,,,32767.0,32767.0,90.0
338.934,-47.52287673950195,28.066389083862305,-46.07201385498047,-0.2842729687690735,0.24669715762138367,1.2316094636917114,,,
,,,,,,,32767.0,32767.0,90.0
338.944,-22.278812408447266,17.507970809936523,-35.750892639160156,-0.17788906395435333,0.237554132938385,1.3705530166625977,,,
,,,,,,,32767.0,32767.0,90.0
338.954,-7.474249839782715,10.891514778137207,-37.20930480957031,-0.16354253888130188,0.14862196147441864,1.1981737613677979,,,
,,,,,,,32767.0,32767.0,90.0
338.964,-7.657557487487793,4.116509437561035,-36.456390380859375,-0.222598597407341,0.05986769497394562,1.0203005075454712,,,
,,,,,,,32767.0,32767.0,90.0
338.974,-17.725128173828125,5.037667751312256,-31.131404876708984,-0.22030526399612427,-0.016246769577264786,0.9079188108444214,,,
,,,,,,,32767.0,32767.0,90.0
338.984,3.7437584400177,2.8544576168060303,-37.99452590942383,-0.2559969425201416,-0.13488321006298065,0.7964972853660583,,,
,,,,,,,32767.0,32767.0,90.0
338.994,54.729530334472656,14.593921661376953,-52.663719177246094,-0.20755630731582642,-0.11295845359563828,0.6999210119247437,,,
,,,,,,,32767.0,32767.0,90.0
339.004,66.5681381225586,15.902425765991211,-42.676246643066406,-0.09706486016511917,0.06277265399694443,0.8647394180297852,,,
,,,,,,,32767.0,32767.0,90.0
339.014,94.02838897705078,3.9168972969055176,-38.47602844238281,-0.09544651955366135,0.10184367746114731,1.1147879362106323,,,
,,,,,,,32767.0,32767.0,90.0
339.024,282.5552673339844,-7.687941074371338,-38.30409622192383,-0.3197192847728729,-0.1317635029554367,1.0551072359085083,,,
,,,,,,,32767.0,32767.0,90.0
339.034,380.5406188964844,-5.206184387207031,-36.088436126708984,-0.41550007462501526,-0.1694711148738861,0.7851120829582214,,,
,,,,,,,32767.0,32767.0,90.0
339.044,319.0926208496094,14.542098045349121,-54.31474304199219,-0.35395506024360657,0.014176696538925171,0.8582066893577576,,,
,,,,,,,32767.0,32767.0,90.0
339.054,88.1884994506836,7.232380390167236,-65.13721466064453,-0.3040648400783539,0.22570130228996277,1.311434030532837,,,
,,,,,,,32767.0,32767.0,90.0
339.064,22.485593795776367,-30.179094314575195,-46.899959564208984,-0.32254067063331604,0.3665243983268738,1.449005126953125,,,
,,,,,,,32767.0,32767.0,90.0
339.074,-57.55417251586914,-36.23175811767578,-33.073577880859375,-0.3575363755226135,0.4593120813369751,0.9817923903465271,,,
,,,,,,,32767.0,32767.0,90.0
339.084,-103.63347625732422,-7.4335761070251465,-32.82658386230469,-0.27241066098213196,0.3223825693130493,0.6261562705039978,,,
,,,,,,,32767.0,32767.0,90.0
339.094,-56.35062789916992,8.404212951660156,-40.61405944824219,-0.16794869303703308,0.07423120737075806,0.6972504258155823,,,
,,,,,,,32767.0,32767.0,90.0
339.104,-16.625680923461914,6.287045955657959,-46.16660690307617,-0.15790782868862152,-0.040407370775938034,0.9368311762809753,,,
,,,,,,,32767.0,32767.0,90.0
339.114,-13.066865921020508,1.0205349922180176,-45.245601654052734,-0.3107939660549164,-0.050602007657289505,1.1051067113876343,,,
,,,,,,,32767.0,32767.0,90.0
339.124,-34.13768768310547,-3.091033935546875,-50.083648681640625,-0.41303762793540955,0.057183749973773956,1.1167190074920654,,,
,,,,,,,32767.0,32767.0,90.0
339.134,-56.328914642333984,-2.7520017623901367,-41.55799102783203,-0.41338369250297546,0.12650394439697266,1.0461430549621582,,,
,,,,,,,32767.0,32767.0,90.0
339.144,-14.915943145751953,-0.9926828742027283,-44.419090270996094,-0.37561312317848206,0.06454084068536758,0.9587095975875854,,,
,,,,,,,32767.0,32767.0,90.0
339.154,10.974478721618652,3.3971543312072754,-45.80223846435547,-0.3435341715812683,0.056169457733631134,0.8833712339401245,,,
,,,,,,,32767.0,32767.0,90.0
339.164,-15.901528358459473,8.232294082641602,-45.062904357910156,-0.31658464670181274,0.11053681373596191,0.8374826312065125,,,
,,,,,,,32767.0,32767.0,90.0
339.174,-38.59267807006836,7.224392414093018,-48.775794982910156,-0.2314257174730301,-0.022035526111721992,0.8541674613952637,,,
,,,,,,,32767.0,32767.0,90.0
339.184,-13.768263816833496,11.91097640991211,-62.2750129699707,-0.2061433494091034,-0.18285198509693146,0.9652155041694641,,,
,,,,,,,32767.0,32767.0,90.0
339.194,-28.244903564453125,9.483196258544922,-66.5339584350586,-0.36906445026397705,0.09273169189691544,1.0993999242782593,,,
,,,,,,,32767.0,32767.0,90.0
339.204,-19.686840057373047,-1.9883229732513428,-57.84811782836914,-0.42144888639450073,0.22383423149585724,1.1355812549591064,,,
,,,,,,,32767.0,32767.0,90.0
339.214,16.354942321777344,-7.055415153503418,-66.06781768798828,-0.28218400478363037,0.024952443316578865,1.0873655080795288,,,
,,,,,,,32767.0,32767.0,90.0
339.224,17.27703285217285,-7.3442912101745605,-80.60479736328125,-0.19126535952091217,-0.04806554317474365,0.9991015791893005,,,
,,,,,,,32767.0,32767.0,90.0
339.234,13.69644546508789,-10.993376731872559,-91.38821411132812,-0.21965402364730835,0.00287420186214149,1.0362837314605713,,,
,,,,,,,32767.0,32767.0,90.0
339.244,26.64569091796875,-18.775747299194336,-98.1807861328125,-0.28791964054107666,0.09558233618736267,1.1184366941452026,,,
,,,,,,,32767.0,32767.0,90.0
339.254,39.836360931396484,-25.851783752441406,-103.61251068115234,-0.31500694155693054,0.137264683842659,1.1430946588516235,,,
,,,,,,,32767.0,32767.0,90.0
339.264,53.89093017578125,-33.74148941040039,-108.69031524658203,-0.3154524862766266,0.1323554962873459,1.115543246269226,,,
,,,,,,,32767.0,32767.0,90.0
339.274,43.550453186035156,-43.48943328857422,-115.02642822265625,-0.31254103779792786,0.0922376811504364,1.0722001791000366,,,
,,,,,,,32767.0,32767.0,90.0
339.284,37.729698181152344,-46.86753845214844,-124.09645080566406,-0.31056517362594604,0.06043780595064163,1.0646474361419678,,,
,,,,,,,32767.0,32767.0,90.0
339.294,36.86854934692383,-50.154666900634766,-127.59637451171875,-0.3503327965736389,0.06878922879695892,1.1366994380950928,,,
,,,,,,,32767.0,32767.0,90.0
339.304,39.3939323425293,-59.52750778198242,-129.084716796875,-0.36746108531951904,0.08046791702508926,1.244120717048645,,,
,,,,,,,32767.0,32767.0,90.0
339.314,39.989505767822266,-68.8707275390625,-130.0034637451172,-0.3668193221092224,0.08548790961503983,1.2437658309936523,,,
,,,,,,,32767.0,32767.0,90.0
339.324,41.01729965209961,-75.65681457519531,-133.37535095214844,-0.3777400553226471,0.09651206433773041,1.1757992506027222,,,
,,,,,,,32767.0,32767.0,90.0
339.334,44.624900817871094,-80.41166687011719,-133.27976989746094,-0.3433242738246918,0.1925281584262848,1.1071592569351196,,,
,,,,,,,32767.0,32767.0,90.0
339.344,30.80659294128418,-78.93437194824219,-125.91119384765625,-0.34574201703071594,0.2980725169181824,1.090507984161377,,,
,,,,,,,32767.0,32767.0,90.0
339.354,17.262842178344727,-80.23334503173828,-112.9814682006836,-0.36504730582237244,0.3248831629753113,1.1220167875289917,,,
,,,,,,,32767.0,32767.0,90.0
339.364,15.033838272094727,-79.0799789428711,-108.01297760009766,-0.28931763768196106,0.26016950607299805,1.1394752264022827,,,
,,,,,,,32767.0,32767.0,90.0
339.374,10.465142250061035,-80.19229125976562,-101.56430053710938,-0.22091427445411682,0.24282582104206085,1.1262784004211426,,,
,,,,,,,32767.0,32767.0,90.0
339.384,18.479501724243164,-78.89534759521484,-90.68657684326172,-0.29014474153518677,0.28063520789146423,1.136606216430664,,,
,,,,,,,32767.0,32767.0,90.0
339.394,25.701675415039062,-78.32818603515625,-86.96619415283203,-0.1428416669368744,0.22105447947978973,1.1205146312713623,,,
,,,,,,,32767.0,32767.0,90.0
339.404,28.731271743774414,-73.58322143554688,-74.51615905761719,-0.07978256046772003,0.2383604198694229,1.0631203651428223,,,
,,,,,,,32767.0,32767.0,90.0
339.414,11.456733703613281,-64.89005279541016,-62.7629280090332,-0.12948505580425262,0.2628243863582611,1.0244306325912476,,,
,,,,,,,32767.0,32767.0,90.0
339.424,-9.227654457092285,-67.18942260742188,-50.07869338989258,-0.14340242743492126,0.2503913938999176,1.0782943964004517,,,
,,,,,,,32767.0,32767.0,90.0
339.434,-18.000316619873047,-63.48989486694336,-41.36956024169922,-0.054362453520298004,0.16311493515968323,1.0349509716033936,,,
,,,,,,,32767.0,32767.0,90.0
339.444,-36.05533981323242,-53.12303161621094,-36.58163833618164,-0.024654386565089226,0.11171811074018478,0.848386287689209,,,
,,,,,,,32767.0,32767.0,90.0
339.454,-17.2630672454834,-37.55167770385742,-30.11281394958496,-0.030888017266988754,0.11482895910739899,0.8436354994773865,,,
,,,,,,,32767.0,32767.0,90.0
339.464,-9.936681747436523,-32.97478485107422,-25.273408889770508,-0.04297616332769394,0.08985891938209534,0.9577394723892212,,,
,,,,,,,32767.0,32767.0,90.0
339.474,-4.246272563934326,-33.86899948120117,-22.622419357299805,-0.06018712371587753,0.04966296628117561,1.0285030603408813,,,
,,,,,,,32767.0,32767.0,90.0
339.484,3.5083022117614746,-29.625036239624023,-23.978721618652344,-0.021187687292695045,0.0059183998964726925,0.9453476667404175,,,
,,,,,,,32767.0,32767.0,90.0
339.494,16.304975509643555,-20.18682861328125,-22.62169647216797,-0.043679989874362946,0.12224424630403519,0.8930346369743347,,,
,,,,,,,32767.0,32767.0,90.0
339.504,9.946410179138184,-17.368194580078125,-9.130166053771973,-0.08132464438676834,0.23674021661281586,0.9111493825912476,,,
,,,,,,,32767.0,32767.0,90.0
339.514,-0.8506194949150085,-13.971654891967773,-16.248672485351562,-0.06168182194232941,-0.1070384532213211,0.9138413071632385,,,
,,,,,,,32767.0,32767.0,90.0
339.524,6.826908588409424,-5.133498668670654,-20.654632568359375,-0.05538839101791382,-0.10389599949121475,0.8798770904541016,,,
,,,,,,,32767.0,32767.0,90.0
339.534,4.162041664123535,-2.0001418590545654,-26.2586727142334,-0.0666392371058464,-0.15388256311416626,0.8842224478721619,,,
,,,,,,,32767.0,32767.0,90.0
339.544,6.1666364669799805,1.3533885478973389,-29.9945011138916,-0.10793012380599976,-0.11481592059135437,0.9432535767555237,,,
,,,,,,,32767.0,32767.0,90.0
339.554,2.0922460556030273,0.7999851107597351,-29.6544189453125,-0.09794247150421143,-0.08125623315572739,0.9808143973350525,,,
,,,,,,,32767.0,32767.0,90.0
339.564,7.621260643005371,3.7925658226013184,-37.43267059326172,0.06277990341186523,-0.1289731115102768,1.0228954553604126,,,
,,,,,,,32767.0,32767.0,90.0
339.574,-17.702531814575195,3.634247303009033,-39.6440315246582,-0.06462028622627258,-0.14960023760795593,1.0326178073883057,,,
,,,,,,,32767.0,32767.0,90.0
339.584,4.741658687591553,8.808972358703613,-40.41280746459961,-0.24881435930728912,-0.11269063502550125,1.0827981233596802,,,
,,,,,,,32767.0,32767.0,90.0
339.594,22.804283142089844,5.017333030700684,-38.307640075683594,-0.18105491995811462,-0.07411389797925949,1.1709469556808472,,,
,,,,,,,32767.0,32767.0,90.0
339.604,19.34653091430664,-3.3320846557617188,-41.9969367980957,-0.13360176980495453,-0.12128841876983643,1.1733758449554443,,,
,,,,,,,32767.0,32767.0,90.0
339.614,35.92573547363281,-0.12911932170391083,-52.22491455078125,-0.0203439649194479,-0.15285150706768036,1.0555245876312256,,,
,,,,,,,32767.0,32767.0,90.0
339.624,-2.025038480758667,-3.3879222869873047,-47.654296875,-0.18818996846675873,-0.06700537353754044,0.9732121229171753,,,
,,,,,,,32767.0,32767.0,90.0
339.634,6.5707783699035645,1.482052206993103,-38.017784118652344,-0.3298814594745636,0.019255811348557472,1.0373514890670776,,,
,,,,,,,32767.0,32767.0,90.0
339.644,18.8660831451416,-2.306057929992676,-28.959781646728516,-0.2063642293214798,0.01222685631364584,1.1686763763427734,,,
,,,,,,,32767.0,32767.0,90.0
339.654,5.505302429199219,-10.388981819152832,-30.990034103393555,-0.08212704211473465,-0.07031206041574478,1.1963673830032349,,,
,,,,,,,32767.0,32767.0,90.0
339.664,28.970458984375,-6.288501739501953,-41.63591766357422,0.07775498926639557,-0.12354625016450882,1.1557255983352661,,,
,,,,,,,32767.0,32767.0,90.0
339.674,5.269572734832764,-9.935090065002441,-37.14833450317383,-0.04854997247457504,-0.020272938534617424,1.1689025163650513,,,
,,,,,,,32767.0,32767.0,90.0
339.684,17.199113845825195,-8.286083221435547,-29.383066177368164,-0.22205765545368195,0.11119544506072998,1.167237401008606,,,
,,,,,,,32767.0,32767.0,90.0
339.694,7.221925735473633,-11.281442642211914,-18.615577697753906,-0.14735306799411774,0.12729927897453308,1.1443893909454346,,,
,,,,,,,32767.0,32767.0,90.0
339.704,1.967788815498352,-12.08031940460205,-18.43735694885254,-0.07969676703214645,0.021060576662421227,1.0868886709213257,,,
,,,,,,,32767.0,32767.0,90.0
339.714,3.8974287509918213,-5.269521236419678,-19.174827575683594,-0.06529881060123444,-0.021654237061738968,1.0477460622787476,,,
,,,,,,,32767.0,32767.0,90.0
339.724,10.440871238708496,-0.959571361541748,-18.36004066467285,-0.05418020486831665,0.017959194257855415,1.086418867111206,,,
,,,,,,,32767.0,32767.0,90.0
339.734,7.367558002471924,-1.3428617715835571,-16.97361946105957,-0.06128650903701782,0.07438775897026062,1.0921353101730347,,,
,,,,,,,32767.0,32767.0,90.0
339.744,1.5036715269088745,1.877470850944519,-12.501691818237305,-0.04674000293016434,0.1065661683678627,1.0223435163497925,,,
,,,,,,,32767.0,32767.0,90.0
339.754,2.0705862045288086,10.875055313110352,-9.15772533416748,-0.00373177882283926,0.0879049077630043,0.950124204158783,,,
,,,,,,,32767.0,32767.0,90.0
339.764,-0.4857262372970581,18.455041885375977,-8.97707462310791,0.004986478481441736,0.05000590533018112,0.9535248279571533,,,
,,,,,,,32767.0,32767.0,90.0
339.774,1.103592872619629,22.806764602661133,-11.68214225769043,0.06795774400234222,0.011500519700348377,0.9893652200698853,,,
,,,,,,,32767.0,32767.0,90.0
339.784,-7.830193519592285,25.51712417602539,-14.656901359558105,0.019631776958703995,0.0206096563488245,0.9682961702346802,,,
,,,,,,,32767.0,32767.0,90.0
339.794,7.721968173980713,33.63387680053711,-10.858816146850586,-0.07336495816707611,0.08232671767473221,0.9301136136054993,,,
,,,,,,,32767.0,32767.0,90.0
339.804,1.3771703243255615,36.872772216796875,-7.604945182800293,-0.01244250126183033,0.09226397424936295,0.9336434602737427,,,
,,,,,,,32767.0,32767.0,90.0
339.814,3.012779712677002,36.05391311645508,-12.0646390914917,-0.015578568913042545,0.02667522057890892,0.9126870632171631,,,
,,,,,,,32767.0,32767.0,90.0
339.824,5.229259014129639,41.87209701538086,-13.222511291503906,-0.02654643915593624,0.032782360911369324,0.8524953126907349,,,
,,,,,,,32767.0,32767.0,90.0
339.834,5.347358703613281,44.67641830444336,-14.436450958251953,0.0027049530763179064,0.06742121279239655,0.8453869223594666,,,
,,,,,,,32767.0,32767.0,90.0
339.844,5.56106424331665,45.04914093017578,-15.516148567199707,-0.03486700356006622,0.06664612144231796,0.8893406391143799,,,
,,,,,,,32767.0,32767.0,90.0
339.854,8.42331600189209,43.57660675048828,-15.986943244934082,-0.051934365183115005,0.055912233889102936,0.9203281402587891,,,
,,,,,,,32767.0,32767.0,90.0
339.864,10.887847900390625,39.89115905761719,-17.92449951171875,-0.05043041333556175,0.04601600021123886,0.920981764793396,,,
,,,,,,,32767.0,32767.0,90.0
339.874,10.690102577209473,38.600406646728516,-19.32660675048828,-0.05582781881093979,0.04642518237233162,0.896553635597229,,,
,,,,,,,32767.0,32767.0,90.0
339.884,11.639469146728516,36.70783233642578,-23.668132781982422,-0.017906924709677696,0.0376126766204834,0.8945974707603455,,,
,,,,,,,32767.0,32767.0,90.0
339.894,7.30314302444458,32.48074722290039,-27.725364685058594,-0.0014917494263499975,0.0350203774869442,0.8961576223373413,,,
,,,,,,,32767.0,32767.0,90.0
339.904,4.623902320861816,28.702390670776367,-27.787132263183594,-0.12268803268671036,0.06689527630805969,0.8975309729576111,,,
,,,,,,,32767.0,32767.0,90.0
339.914,14.694891929626465,26.7954158782959,-25.35841178894043,-0.10758237540721893,0.06883149594068527,0.9244149327278137,,,
,,,,,,,32767.0,32767.0,90.0
339.924,13.29926872253418,20.0849609375,-29.366548538208008,-0.043801937252283096,0.0021086998749524355,0.9372773170471191,,,
,,,,,,,32767.0,32767.0,90.0
339.934,25.034687042236328,19.725292205810547,-36.97116470336914,-0.001051316037774086,-0.053777579218149185,0.9195228219032288,,,
,,,,,,,32767.0,32767.0,90.0
339.944,18.984500885009766,14.109940528869629,-39.1141242980957,-0.10897837579250336,0.01459435559809208,0.9019617438316345,,,
,,,,,,,32767.0,32767.0,90.0
339.954,27.573877334594727,11.993566513061523,-35.121036529541016,-0.15878792107105255,0.10383376479148865,0.9067519307136536,,,
,,,,,,,32767.0,32767.0,90.0
339.964,30.79297637939453,8.4740629196167,-35.300743103027344,-0.053513456135988235,0.055850185453891754,0.8995669484138489,,,
,,,,,,,32767.0,32767.0,90.0
339.974,9.311142921447754,2.681748151779175,-35.79106903076172,-0.10772532969713211,0.01206981297582388,0.8330168724060059,,,
,,,,,,,32767.0,32767.0,90.0
339.984,19.088825225830078,7.849183082580566,-33.759056091308594,-0.1882352977991104,0.0375962071120739,0.8192428350448608,,,
,,,,,,,32767.0,32767.0,90.0
339.994,23.046112060546875,5.331276893615723,-30.05341339111328,-0.12476637959480286,0.08394189924001694,0.8658571839332581,,,
,,,,,,,32767.0,32767.0,90.0
340.004,13.59033489227295,0.2809271216392517,-26.79661750793457,-0.11789964139461517,0.09582876414060593,0.8573755025863647,,,
,,,,,,,32767.0,32767.0,90.0
340.014,16.85346221923828,4.137986183166504,-25.891023635864258,-0.11463805288076401,0.08821339160203934,0.7887648940086365,,,
,,,,,,,32767.0,32767.0,90.0
340.024,14.573103904724121,8.282461166381836,-20.861488342285156,-0.106097511947155,0.10710928589105606,0.7633574604988098,,,
,,,,,,,32767.0,32767.0,90.0
340.034,11.969963073730469,8.048033714294434,-15.914738655090332,-0.13365846872329712,0.10248419642448425,0.7885420918464661,,,
,,,,,,,32767.0,32767.0,90.0
340.044,9.020726203918457,9.395454406738281,-12.991642951965332,-0.14016936719417572,0.07099640369415283,0.7925782799720764,,,
,,,,,,,32767.0,32767.0,90.0
340.054,-4.602084636688232,14.073410987854004,-12.749289512634277,-0.15432479977607727,0.06933572143316269,0.7576168179512024,,,
,,,,,,,32767.0,32767.0,90.0
340.064,-20.6676082611084,15.62967586517334,-9.705894470214844,-0.14644783735275269,0.008554913103580475,0.7777919173240662,,,
,,,,,,,32767.0,32767.0,90.0
340.074,4.397079944610596,21.050304412841797,-16.017311096191406,-0.04871344193816185,0.06897220015525818,0.774563193321228,,,
,,,,,,,32767.0,32767.0,90.0
340.084,-0.7204533219337463,19.382171630859375,-17.791240692138672,-0.05366072431206703,0.08468297868967056,0.7602921724319458,,,
,,,,,,,32767.0,32767.0,90.0
340.094,-5.9159932136535645,18.188785552978516,-21.808338165283203,-0.15710733830928802,0.09005336463451385,0.7711495757102966,,,
,,,,,,,32767.0,32767.0,90.0
340.104,0.2925570607185364,19.35171890258789,-23.60572624206543,-0.20251122117042542,0.04420173913240433,0.7955401539802551,,,
,,,,,,,32767.0,32767.0,90.0
340.114,-2.434995651245117,18.649343490600586,-28.588489532470703,-0.14514584839344025,0.0028145655523985624,0.769756019115448,,,
,,,,,,,32767.0,32767.0,90.0
340.124,-9.715517044067383,19.372520446777344,-35.12730026245117,-0.09929747879505157,-0.035734403878450394,0.7614496946334839,,,
,,,,,,,32767.0,32767.0,90.0
340.134,-3.2050673961639404,17.75414276123047,-45.46021270751953,-0.06868904829025269,-0.04071909934282303,0.7929514050483704,,,
,,,,,,,32767.0,32767.0,90.0
340.144,4.65757942199707,15.793062210083008,-51.216800689697266,-0.1384296417236328,-0.02539137192070484,0.8491295576095581,,,
,,,,,,,32767.0,32767.0,90.0
340.154,12.333925247192383,10.364397048950195,-56.408206939697266,-0.22426319122314453,-0.021197818219661713,0.9139719009399414,,,
,,,,,,,32767.0,32767.0,90.0
340.164,11.477635383605957,5.821878910064697,-59.95783233642578,-0.24540752172470093,-0.012464446015655994,0.925706684589386,,,
,,,,,,,32767.0,32767.0,90.0
340.174,9.446094512939453,1.6819603443145752,-63.24141311645508,-0.2143906205892563,0.010564243420958519,0.892488420009613,,,
,,,,,,,32767.0,32767.0,90.0
340.184,10.059654235839844,0.22782115638256073,-65.89459228515625,-0.20914970338344574,0.034749533981084824,0.8787925243377686,,,
,,,,,,,32767.0,32767.0,90.0
340.194,10.132548332214355,-2.3591525554656982,-65.58100128173828,-0.23865212500095367,0.03696378320455551,0.9019372463226318,,,
,,,,,,,32767.0,32767.0,90.0
340.204,9.693008422851562,-6.7747321128845215,-65.48611450195312,-0.26711466908454895,0.010837314650416374,0.9363762736320496,,,
,,,,,,,32767.0,32767.0,90.0
340.214,8.347929000854492,-10.111969947814941,-62.81478500366211,-0.3041427731513977,-0.0029864488169550896,0.9393585920333862,,,
,,,,,,,32767.0,32767.0,90.0
340.224,11.688403129577637,-12.43410873413086,-59.22645568847656,-0.3377709984779358,-0.002335862023755908,0.9308580160140991,,,
,,,,,,,32767.0,32767.0,90.0
340.234,20.118255615234375,-17.114107131958008,-55.15513229370117,-0.342706561088562,-0.00039852564805187285,0.9351062178611755,,,
,,,,,,,32767.0,32767.0,90.0
340.244,20.21763801574707,-16.317644119262695,-48.733489990234375,-0.3166855573654175,0.05795282870531082,0.9548373222351074,,,
,,,,,,,32767.0,32767.0,90.0
340.254,7.582662105560303,-17.526077270507812,-46.45014953613281,-0.3127039074897766,0.08633019030094147,1.0356006622314453,,,
,,,,,,,32767.0,32767.0,90.0
340.264,8.2662935256958,-24.918161392211914,-35.441654205322266,-0.30475980043411255,0.08546260744333267,1.0716677904129028,,,
,,,,,,,32767.0,32767.0,90.0
340.274,-3.80924391746521,-24.18804168701172,-28.174718856811523,-0.2814088761806488,0.08060494065284729,1.0231702327728271,,,
,,,,,,,32767.0,32767.0,90.0
340.284,-6.254010200500488,-25.129894256591797,-20.591583251953125,-0.25630706548690796,0.08601993322372437,0.9927673935890198,,,
,,,,,,,32767.0,32767.0,90.0
340.294,-3.7641987800598145,-24.836484909057617,-12.529681205749512,-0.2519787847995758,0.08689447492361069,1.0132197141647339,,,
,,,,,,,32767.0,32767.0,90.0
340.304,-3.223301887512207,-26.039278030395508,-4.37230920791626,-0.22790877521038055,0.07343055307865143,1.038083791732788,,,
,,,,,,,32767.0,32767.0,90.0
340.314,-6.896825790405273,-26.371746063232422,0.22245164215564728,-0.19162949919700623,0.038811445236206055,1.0313727855682373,,,
,,,,,,,32767.0,32767.0,90.0
340.324,-10.877753257751465,-25.967832565307617,3.8967831134796143,-0.18905538320541382,0.028467215597629547,0.9844861030578613,,,
,,,,,,,32767.0,32767.0,90.0
340.334,-12.111218452453613,-23.792640686035156,7.852636814117432,-0.18293331563472748,-0.0020241199526935816,0.9552480578422546,,,
,,,,,,,32767.0,32767.0,90.0
340.344,-14.800142288208008,-22.15245246887207,10.076513290405273,-0.18352605402469635,-0.03852657973766327,0.9478177428245544,,,
,,,,,,,32767.0,32767.0,90.0
340.354,-15.915628433227539,-20.295434951782227,10.544501304626465,-0.17624229192733765,-0.06664979457855225,0.9595018625259399,,,
,,,,,,,32767.0,32767.0,90.0
340.364,-8.993584632873535,-17.80643653869629,8.338958740234375,-0.15215718746185303,-0.08174840360879898,0.978718638420105,,,
,,,,,,,32767.0,32767.0,90.0
340.374,-6.990168571472168,-16.75010108947754,4.665506362915039,-0.11328631639480591,-0.07991401106119156,0.9962978959083557,,,
,,,,,,,32767.0,32767.0,90.0
340.384,-4.308595180511475,-15.489310264587402,0.06492756307125092,-0.09727693349123001,-0.07421363145112991,0.990251362323761,,,
,,,,,,,32767.0,32767.0,90.0
340.394,-1.293918251991272,-12.894579887390137,-3.487870693206787,-0.09214159101247787,-0.06069038063287735,0.981349527835846,,,
,,,,,,,32767.0,32767.0,90.0
340.404,0.5414060354232788,-10.338671684265137,-7.777039051055908,-0.06980643421411514,-0.07080503553152084,0.9932671189308167,,,
,,,,,,,32767.0,32767.0,90.0
340.414,-2.10677433013916,-9.656681060791016,-14.82229232788086,-0.055964987725019455,-0.0727682113647461,0.9962656497955322,,,
,,,,,,,32767.0,32767.0,90.0
340.424,-2.446439266204834,-8.905192375183105,-20.073871612548828,-0.046732909977436066,-0.05733994022011757,0.9861574769020081,,,
,,,,,,,32767.0,32767.0,90.0
340.434,-2.4430837631225586,-7.1056318283081055,-24.44131088256836,-0.05487358570098877,-0.04513454809784889,0.97414231300354,,,
,,,,,,,32767.0,32767.0,90.0
340.444,-4.556801795959473,-7.423340797424316,-28.08344078063965,-0.06830857694149017,-0.047382649034261703,0.9660230278968811,,,
,,,,,,,32767.0,32767.0,90.0
340.454,-7.002444744110107,-6.440681457519531,-30.11957359313965,-0.07229658961296082,-0.048052091151475906,0.9594060778617859,,,
,,,,,,,32767.0,32767.0,90.0
340.464,-6.22464656829834,-5.614562034606934,-32.623626708984375,-0.07004696875810623,-0.04729078710079193,0.9770299792289734,,,
,,,,,,,32767.0,32767.0,90.0
340.474,-9.175606727600098,-7.025836944580078,-32.33846664428711,-0.08850596845149994,-0.017111578956246376,0.999942421913147,,,
,,,,,,,32767.0,32767.0,90.0
340.484,-8.37308406829834,-8.474889755249023,-30.117799758911133,-0.10872650891542435,0.020203931257128716,0.9976273775100708,,,
,,,,,,,32767.0,32767.0,90.0
340.494,-12.014772415161133,-9.386026382446289,-26.395395278930664,-0.10813860595226288,0.03494493290781975,0.9787485599517822,,,
,,,,,,,32767.0,32767.0,90.0
340.504,-17.027145385742188,-9.044013023376465,-23.0528621673584,-0.09372840076684952,0.030961932614445686,0.9706360101699829,,,
,,,,,,,32767.0,32767.0,90.0
340.514,-22.557260513305664,-9.11997127532959,-20.245548248291016,-0.0904996246099472,0.03266609460115433,0.9762506484985352,,,
,,,,,,,32767.0,32767.0,90.0
340.524,-25.607776641845703,-12.045233726501465,-18.708620071411133,-0.11970894038677216,0.04215266555547714,0.9743942618370056,,,
,,,,,,,32767.0,32767.0,90.0
340.534,-23.929534912109375,-9.875824928283691,-8.99024772644043,-0.13084547221660614,0.04053088277578354,0.9767976999282837,,,
,,,,,,,32767.0,32767.0,90.0
340.544,-23.968185424804688,-8.995635032653809,-5.439824104309082,-0.1897028684616089,-0.004125896841287613,1.029402732849121,,,
,,,,,,,32767.0,32767.0,90.0
340.554,-44.224327087402344,-3.1318283081054688,-9.048840522766113,-0.4833645522594452,0.03368650749325752,1.297795295715332,,,
,,,,,,,32767.0,30000.0,90.0
340.564,-24.751577377319336,-13.20242691040039,2.585228443145752,-0.5370528101921082,0.1729266494512558,1.7142541408538818,,,
,,,,,,,32767.0,30000.0,90.0
340.574,-15.95630168914795,-38.95928192138672,21.932327270507812,-0.14395229518413544,0.09353917837142944,1.5888166427612305,,,
,,,,,,,32767.0,30000.0,90.0
340.584,-18.853452682495117,-39.30074691772461,19.70827293395996,0.19093166291713715,-0.2327583283185959,0.9599420428276062,,,
,,,,,,,32767.0,30000.0,90.0
340.594,-25.23844337463379,-13.606884956359863,9.21090316772461,0.24877680838108063,-0.38326528668403625,0.6422818303108215,,,
,,,,,,,32767.0,30000.0,90.0
340.604,-31.403432846069336,-11.632575035095215,1.7464947700500488,0.11713216453790665,-0.26706013083457947,0.8909658789634705,,,
,,,,,,,32767.0,30000.0,90.0
340.614,-20.120433807373047,-13.184932708740234,10.662134170532227,-0.07042355090379715,-0.05444978550076485,1.1138153076171875,,,
,,,,,,,32767.0,30000.0,90.0
340.624,-20.870338439941406,-21.80927276611328,17.366994857788086,-0.06689129769802094,-0.029053347185254097,1.1646918058395386,,,
,,,,,,,32767.0,30000.0,90.0
340.634,-21.302942276000977,-21.069364547729492,14.238383293151855,0.020463937893509865,-0.12747938930988312,1.0360795259475708,,,
,,,,,,,32767.0,30000.0,90.0
340.644,-14.252047538757324,-11.284299850463867,8.273213386535645,0.08686283975839615,-0.16213849186897278,0.9106450080871582,,,
,,,,,,,32767.0,32767.0,90.0
340.654,-13.882994651794434,-5.75067663192749,2.209209442138672,0.08655974268913269,-0.0943078100681305,0.9096788167953491,,,
,,,,,,,32767.0,32767.0,90.0
340.664,-14.592357635498047,-1.6778483390808105,-0.614761233329773,-9.56959993345663e-05,-0.00845225527882576,0.9634050726890564,,,
,,,,,,,32767.0,32767.0,90.0
340.674,-11.626099586486816,0.4740639626979828,-1.3328078985214233,-0.05377162620425224,0.003308771410956979,1.0268014669418335,,,
,,,,,,,32767.0,32767.0,90.0
340.684,-6.473092079162598,0.9375298619270325,-5.070470333099365,-0.05643747001886368,-0.06420833617448807,1.0157058238983154,,,
,,,,,,,32767.0,32767.0,90.0
340.694,0.6150241494178772,7.058350563049316,-10.583150863647461,-0.036164503544569016,-0.14948394894599915,0.9568630456924438,,,
,,,,,,,32767.0,32767.0,90.0
340.704,-4.574124336242676,7.605896472930908,-19.10068130493164,-0.023316681385040283,-0.20064041018486023,0.9403309226036072,,,
,,,,,,,32767.0,32767.0,90.0
340.714,1.4340883493423462,11.485651969909668,-25.039918899536133,-0.06195027381181717,-0.2015688568353653,0.9410913586616516,,,
,,,,,,,32767.0,32767.0,90.0
340.724,4.740087509155273,12.94047737121582,-28.298215866088867,-0.08914440870285034,-0.17894130945205688,1.0003548860549927,,,
,,,,,,,32767.0,30000.0,90.0
340.734,4.16316032409668,11.748255729675293,-30.84455680847168,-0.10093852877616882,-0.17023716866970062,1.053459644317627,,,
,,,,,,,32767.0,30000.0,90.0
340.744,3.2742724418640137,8.744647026062012,-32.54905319213867,-0.11143949627876282,-0.17679570615291595,1.0909616947174072,,,
,,,,,,,32767.0,30000.0,90.0
340.754,9.679571151733398,6.03774881362915,-33.578006744384766,-0.11506115645170212,-0.17512287199497223,1.0923904180526733,,,
,,,,,,,32767.0,30000.0,90.0
340.764,10.7194185256958,2.420100212097168,-32.742462158203125,-0.11495118588209152,-0.14506025612354279,1.0643192529678345,,,
,,,,,,,32767.0,30000.0,90.0
340.774,14.170093536376953,-0.11714757978916168,-29.767305374145508,-0.11697126179933548,-0.09344644844532013,1.0131285190582275,,,
,,,,,,,32767.0,30000.0,90.0
340.784,8.589460372924805,0.3446694016456604,-26.534839630126953,-0.10466223955154419,-0.05191316828131676,0.9854812026023865,,,
,,,,,,,32767.0,30000.0,90.0
340.794,0.9955628514289856,-3.0721352100372314,-22.423616409301758,-0.09732504934072495,-0.021331515163183212,1.0303508043289185,,,
,,,,,,,32767.0,30000.0,90.0
340.804,11.992326736450195,-3.4445416927337646,-16.112138748168945,-0.10125121474266052,0.004346664994955063,1.0437564849853516,,,
,,,,,,,32767.0,30000.0,90.0
340.814,10.569045066833496,-7.192354679107666,-11.007755279541016,-0.10731838643550873,0.00035687812487594783,1.041712999343872,,,
,,,,,,,32767.0,27000.0,90.0
340.824,8.604598999023438,-7.193349838256836,-4.907830715179443,-0.13493618369102478,-0.0011170434299856424,0.9747284054756165,,,
,,,,,,,49000.0,27000.0,90.0
340.834,2.4299800395965576,-5.144166469573975,1.6092815399169922,-0.13728348910808563,-0.009303591214120388,0.9489250779151917,,,
,,,,,,,49000.0,27000.0,90.0
340.844,1.3200329542160034,-3.4621944427490234,6.456958770751953,-0.12400492280721664,-0.03146111220121384,0.9649820923805237,,,
,,,,,,,49000.0,27000.0,90.0
340.854,-0.39727872610092163,-1.5982834100723267,8.596902847290039,-0.12062735110521317,-0.06565971672534943,0.981797456741333,,,
,,,,,,,49000.0,27000.0,90.0
340.864,0.5768372416496277,-2.6969146728515625,6.325939178466797,-0.13447335362434387,-0.10143332183361053,1.0145485401153564,,,
,,,,,,,49000.0,27000.0,90.0
340.874,6.396424293518066,-4.669408798217773,7.138005256652832,-0.14687573909759521,-0.07653556019067764,1.0004101991653442,,,
,,,,,,,49000.0,27000.0,90.0
340.884,7.287666320800781,-0.3555682301521301,6.955437183380127,-0.11031528562307358,-0.08084200322628021,0.9159747362136841,,,
,,,,,,,49000.0,27000.0,90.0
340.894,2.3985683917999268,6.5040812492370605,6.3103251457214355,-0.08900795131921768,-0.06822814047336578,0.864288866519928,,,
,,,,,,,49000.0,27000.0,90.0
340.904,-3.3211781978607178,11.564151763916016,3.795851230621338,-0.10879719257354736,-0.053572218865156174,0.9088526368141174,,,
,,,,,,,49000.0,27000.0,90.0
340.914,0.384007066488266,8.916732788085938,2.8957948684692383,-0.14913105964660645,-0.04326965659856796,1.030993103981018,,,
,,,,,,,65535.0,27000.0,90.0
340.924,4.850417613983154,4.812280178070068,1.265274167060852,-0.10400813817977905,-0.06384935230016708,1.0580580234527588,,,
,,,,,,,65535.0,27000.0,90.0
340.934,2.639115810394287,6.2458086013793945,-3.446751594543457,-0.11415361613035202,-0.08138661086559296,1.0044057369232178,,,
,,,,,,,65535.0,27000.0,90.0
340.944,4.2183122634887695,5.321509838104248,-3.9556405544281006,-0.09868428856134415,-0.045987218618392944,1.0158195495605469,,,
,,,,,,,65535.0,27000.0,90.0
340.954,-0.019004102796316147,-0.3260112404823303,-2.8957669734954834,-0.0909249410033226,-0.03846416622400284,1.0207420587539673,,,
,,,,,,,65535.0,27000.0,90.0
340.964,3.5503268241882324,1.1120637655258179,-5.2089338302612305,-0.13111726939678192,-0.06855195015668869,1.0096848011016846,,,
,,,,,,,65535.0,27000.0,90.0
340.974,7.224705219268799,-0.05235181376338005,-5.942991256713867,-0.11148274689912796,-0.04660090059041977,1.0054067373275757,,,
,,,,,,,65535.0,27000.0,90.0
340.984,5.3204026222229,-2.8333427906036377,-5.24929141998291,-0.09286397695541382,-0.031529102474451065,1.0057556629180908,,,
,,,,,,,65535.0,32767.0,90.0
340.994,2.668828248977661,-3.5696394443511963,-5.283784866333008,-0.10086749494075775,-0.020912673324346542,1.0056352615356445,,,
,,,,,,,65535.0,32767.0,90.0
341.004,1.543045997619629,-4.245471954345703,-3.067781925201416,-0.09974262118339539,0.0049441116861999035,1.0164510011672974,,,
,,,,,,,65535.0,32767.0,90.0
341.014,0.7471882104873657,-6.702237129211426,-1.4656445980072021,-0.09512733668088913,0.0005865342100150883,1.0206142663955688,,,
,,,,,,,65535.0,32767.0,90.0
341.024,1.9597729444503784,-5.829535007476807,-1.6649543046951294,-0.08449343591928482,-0.021992649883031845,0.9950540661811829,,,
,,,,,,,65535.0,32767.0,90.0
341.034,-0.9408308863639832,-8.629831314086914,-2.4350357055664062,-0.0866595134139061,-0.0207690242677927,1.0082356929779053,,,
,,,,,,,65535.0,32767.0,90.0
341.044,7.795928955078125,-6.689548969268799,0.7974561452865601,-0.10187014192342758,0.007730828132480383,0.99138343334198,,,
,,,,,,,65535.0,32767.0,90.0
341.054,2.737335205078125,-5.654625415802002,4.779783725738525,-0.07889337837696075,0.012056446634232998,0.9823762774467468,,,
,,,,,,,65535.0,32767.0,90.0
341.064,-9.80530834197998,-6.1689534187316895,5.11516809463501,-0.07185303419828415,-0.006988689303398132,0.9785406589508057,,,
,,,,,,,65535.0,32767.0,90.0
341.074,-1.618283987045288,-1.6804085969924927,6.547596454620361,-0.06407395005226135,-0.03531290218234062,0.9776722192764282,,,
,,,,,,,65535.0,30000.0,90.0
341.084,1.4254553318023682,-2.6908645629882812,3.2986018657684326,-0.05557022616267204,-0.08294914662837982,1.0399941205978394,,,
,,,,,,,65535.0,30000.0,90.0
341.094,5.187762260437012,-3.0598154067993164,-0.26489850878715515,-0.051240261644124985,-0.07324333488941193,1.0311622619628906,,,
,,,,,,,65535.0,30000.0,90.0
341.104,2.4010157585144043,-1.959153413772583,-0.028121931478381157,-0.06084292382001877,-0.0246040690690279,0.9963695406913757,,,
,,,,,,,65535.0,30000.0,90.0
341.114,0.313285768032074,1.8001339435577393,2.2217304706573486,-0.06389065086841583,-0.01101893000304699,0.9623044729232788,,,
,,,,,,,65535.0,30000.0,90.0
341.124,-5.471199035644531,3.2613956928253174,2.119377613067627,-0.05503649637103081,-0.054058946669101715,0.9896844625473022,,,
,,,,,,,65535.0,30000.0,90.0
341.134,-2.8138015270233154,1.6131350994110107,-1.7536710500717163,-0.05752643570303917,-0.09480252861976624,1.0339014530181885,,,
,,,,,,,65535.0,30000.0,90.0
341.144,6.223753929138184,1.532063603401184,-4.538516521453857,-0.049587126821279526,-0.08162271976470947,1.034441590309143,,,
,,,,,,,65535.0,30000.0,90.0
341.154,2.0136303901672363,0.8631792664527893,-6.619370937347412,-0.04574868083000183,-0.03819749504327774,1.0203169584274292,,,
,,,,,,,65535.0,30000.0,90.0
341.164,-0.6811985969543457,1.885434627532959,-4.909773826599121,-0.05326145514845848,0.006542512681335211,0.9891760945320129,,,
,,,,,,,65535.0,30000.0,90.0
341.174,-4.041745185852051,2.4695277214050293,-3.240283966064453,-0.058902133256196976,-0.0026501906104385853,0.9896445274353027,,,
,,,,,,,65535.0,30000.0,90.0
341.184,-2.934976100921631,1.5724749565124512,-4.007091045379639,-0.06642355769872665,-0.04321989789605141,1.006107211112976,,,
,,,,,,,65535.0,30000.0,90.0
341.194,-0.27447471022605896,0.5889135599136353,-5.629924297332764,-0.07096004486083984,-0.06166217476129532,1.0141315460205078,,,
,,,,,,,65535.0,30000.0,90.0
341.204,0.7849975228309631,-0.8560686707496643,-5.3701677322387695,-0.07946554571390152,-0.04900399595499039,1.004443645477295,,,
,,,,,,,65535.0,30000.0,90.0
341.214,-0.9237799644470215,-0.6885905265808105,-3.937171697616577,-0.08435558527708054,-0.03012300282716751,0.9909858107566833,,,
,,,,,,,65535.0,30000.0,90.0
341.224,-1.7447623014450073,0.24601010978221893,-2.427934169769287,-0.07850126922130585,-0.028485914692282677,0.99476158618927,,,
,,,,,,,65535.0,30000.0,90.0
341.234,-1.2085427045822144,-0.8573959469795227,-3.4733004570007324,-0.07644068449735641,-0.049159519374370575,1.0112816095352173,,,
,,,,,,,65535.0,30000.0,90.0
341.244,-1.6674211025238037,-2.0429270267486572,-4.18704891204834,-0.08037899434566498,-0.053631123155355453,1.0100024938583374,,,
,,,,,,,65535.0,30000.0,90.0
341.254,-2.80243182182312,-1.6962816715240479,-3.040499448776245,-0.0892166867852211,-0.03662528470158577,0.9843961596488953,,,
,,,,,,,65535.0,30000.0,90.0
341.264,-4.478015899658203,-1.1624573469161987,-1.0113698244094849,-0.09014993906021118,-0.04196374863386154,0.9806507229804993,,,
,,,,,,,65535.0,30000.0,90.0
341.274,-6.4632487297058105,-0.8346412181854248,-0.8764312863349915,-0.08883906900882721,-0.06345157325267792,0.9896721839904785,,,
,,,,,,,65535.0,30000.0,90.0
341.284,-5.601776123046875,-0.43518543243408203,-1.0555896759033203,-0.0856398418545723,-0.0782630667090416,1.0017324686050415,,,
,,,,,,,65535.0,30000.0,90.0
341.294,-2.9778943061828613,0.4105374217033386,-1.2763077020645142,-0.09086760133504868,-0.07649296522140503,1.0081883668899536,,,
,,,,,,,65535.0,30000.0,90.0
341.304,-2.095503568649292,0.03525678813457489,-1.3432013988494873,-0.09156275540590286,-0.06825806200504303,1.0036203861236572,,,
,,,,,,,65535.0,30000.0,90.0
341.314,-0.6422588229179382,0.5896202325820923,-1.966941237449646,-0.0873078927397728,-0.07025960832834244,0.9928457140922546,,,
,,,,,,,65535.0,30000.0,90.0
341.324,-1.8383588790893555,2.04362416267395,-1.9708844423294067,-0.09016363322734833,-0.07175646722316742,0.9864396452903748,,,
,,,,,,,65535.0,30000.0,90.0
341.334,-1.8784120082855225,2.5294017791748047,-1.2742266654968262,-0.09896191954612732,-0.07123316824436188,0.9908652901649475,,,
,,,,,,,65535.0,30000.0,90.0
341.344,-1.701414704322815,1.6482622623443604,-1.5307410955429077,-0.1011267825961113,-0.07046883553266525,0.9959878325462341,,,
,,,,,,,65535.0,30000.0,90.0
341.354,-1.1889764070510864,1.5370814800262451,-1.6126978397369385,-0.09606849402189255,-0.06658048927783966,0.9941025972366333,,,
,,,,,,,65535.0,30000.0,90.0
341.364,-1.420235276222229,2.673459053039551,-1.9691262245178223,-0.08838044852018356,-0.06291472911834717,0.993482232093811,,,
,,,,,,,65535.0,30000.0,90.0
341.374,-3.1015117168426514,2.30924916267395,-2.279608726501465,-0.08855685591697693,-0.0530879907310009,0.9929666519165039,,,
,,,,,,,65535.0,30000.0,90.0
341.384,-4.354045391082764,1.3861315250396729,-2.199265241622925,-0.09090382605791092,-0.04334568977355957,0.9934762120246887,,,
,,,,,,,65535.0,30000.0,90.0
341.394,-3.925647497177124,1.1088910102844238,-2.2728114128112793,-0.08733617514371872,-0.04853728041052818,0.9956034421920776,,,
,,,,,,,65535.0,30000.0,90.0
341.404,-5.154416561126709,1.0055714845657349,-2.070307970046997,-0.09003915637731552,-0.05661237984895706,1.0007795095443726,,,
,,,,,,,65535.0,30000.0,90.0
341.414,-3.7338924407958984,0.7763752341270447,-2.086693048477173,-0.0923038199543953,-0.06663176417350769,1.0106250047683716,,,
,,,,,,,65535.0,30000.0,90.0
341.424,-1.3119739294052124,0.04389507323503494,-2.878283977508545,-0.09504483640193939,-0.07883864641189575,1.020058512687683,,,
,,,,,,,65535.0,30000.0,90.0
341.434,-0.4573465585708618,-1.4132757186889648,-3.3326315879821777,-0.09467945247888565,-0.07142829149961472,1.0161895751953125,,,
,,,,,,,65535.0,30000.0,90.0
341.444,0.3425511121749878,-1.526373028755188,-3.2341208457946777,-0.09593816846609116,-0.05590321868658066,1.0024001598358154,,,
,,,,,,,65535.0,30000.0,90.0
341.454,0.5769949555397034,-2.1783840656280518,-2.5023505687713623,-0.09320705384016037,-0.04709724709391594,0.9958507418632507,,,
,,,,,,,65535.0,30000.0,90.0
341.464,0.6673982739448547,-1.4679844379425049,-2.819347858428955,-0.08476357161998749,-0.0493057444691658,1.0058692693710327,,,
,,,,,,,65535.0,30000.0,90.0
341.474,0.04283004626631737,-1.5338114500045776,-3.794980764389038,-0.08028898388147354,-0.04501410201191902,1.016849160194397,,,
,,,,,,,65535.0,30000.0,90.0
341.484,1.3892790079116821,-1.7286800146102905,-4.243157386779785,-0.08540818095207214,-0.04223037511110306,1.0187686681747437,,,
,,,,,,,65535.0,30000.0,90.0
341.494,1.605483055114746,-1.9877756834030151,-4.811249732971191,-0.09272956103086472,-0.04145980626344681,1.0062698125839233,,,
,,,,,,,65535.0,30000.0,90.0
341.504,1.2981107234954834,-1.647350788116455,-4.815069675445557,-0.10316841304302216,-0.04598186910152435,0.9921677112579346,,,
,,,,,,,65535.0,30000.0,90.0
341.514,0.2986786365509033,-0.7142103314399719,-4.669838905334473,-0.10214288532733917,-0.05763471871614456,0.9830947518348694,,,
,,,,,,,65535.0,30000.0,90.0
341.524,-0.6473059058189392,0.5216605067253113,-4.903052806854248,-0.10028807073831558,-0.06849275529384613,0.9876046776771545,,,
,,,,,,,65535.0,30000.0,90.0
341.534,-0.9360024929046631,0.2096913456916809,-5.395358562469482,-0.10465703159570694,-0.06924950331449509,0.990445077419281,,,
,,,,,,,65535.0,30000.0,90.0
341.544,0.7968333959579468,-0.06132574751973152,-5.8484787940979,-0.10375244170427322,-0.06932719051837921,0.9907819628715515,,,
,,,,,,,65535.0,30000.0,90.0
341.554,1.4784393310546875,0.8473598957061768,-5.532005786895752,-0.09742879122495651,-0.06230543553829193,0.9855989813804626,,,
,,,,,,,65535.0,30000.0,90.0
341.564,0.6964320540428162,1.034106731414795,-5.404153823852539,-0.09870362281799316,-0.049560099840164185,0.9868831038475037,,,
,,,,,,,65535.0,30000.0,90.0
341.574,0.4808200001716614,0.5462900400161743,-3.922945737838745,-0.0996440052986145,-0.042202115058898926,0.9862114191055298,,,
,,,,,,,65535.0,30000.0,90.0
341.584,0.7235701680183411,0.6358448266983032,-3.532641887664795,-0.09664730727672577,-0.04812700301408768,0.9905129075050354,,,
,,,,,,,65535.0,30000.0,90.0
341.594,0.8046760559082031,0.5386002659797668,-3.453233242034912,-0.09203644096851349,-0.05875890702009201,0.9941796064376831,,,
,,,,,,,65535.0,29000.0,90.0
341.604,1.9091572761535645,0.4099023640155792,-3.0920515060424805,-0.0955004021525383,-0.06975483894348145,1.0003771781921387,,,
,,,,,,,65535.0,29000.0,90.0
341.614,1.86617910861969,-0.47934460639953613,-2.789530038833618,-0.10055544972419739,-0.07226520776748657,1.0027943849563599,,,
,,,,,,,65535.0,29000.0,90.0
341.624,2.074051856994629,-0.46760258078575134,-2.1388373374938965,-0.09939020127058029,-0.06617096811532974,1.0016800165176392,,,
,,,,,,,65535.0,29000.0,90.0
341.634,1.5818264484405518,-0.21042221784591675,-1.037813663482666,-0.08998554944992065,-0.06178300455212593,0.9932082295417786,,,
,,,,,,,65535.0,29000.0,90.0
341.644,1.547989845275879,0.0008944482542574406,-2.0476789474487305,-0.0863017812371254,-0.06674031913280487,0.999005913734436,,,
,,,,,,,65535.0,29000.0,90.0
341.654,3.828397035598755,0.2926800549030304,-1.9974992275238037,-0.08949537575244904,-0.07161873579025269,1.009200930595398,,,
,,,,,,,65535.0,29000.0,90.0
341.664,2.9909982681274414,-1.1874184608459473,-2.250347137451172,-0.09305523335933685,-0.0709468424320221,1.0045397281646729,,,
,,,,,,,65535.0,29000.0,90.0
341.674,1.2170655727386475,0.13705074787139893,-1.6316157579421997,-0.08839239180088043,-0.06412702053785324,0.9847835898399353,,,
,,,,,,,65535.0,29000.0,90.0
341.684,-0.6571912169456482,1.1598762273788452,-0.8878255486488342,-0.0861474797129631,-0.05753812566399574,0.9806957840919495,,,
,,,,,,,65535.0,28000.0,90.0
341.694,-1.5029915571212769,0.7537199854850769,-0.23718881607055664,-0.0855627954006195,-0.05760719254612923,0.999495267868042,,,
,,,,,,,65535.0,28000.0,90.0
341.704,1.1528140306472778,0.36107680201530457,-0.3864942491054535,-0.08639742434024811,-0.05846064165234566,1.0133358240127563,,,
,,,,,,,65535.0,28000.0,90.0
341.714,2.0280685424804688,0.20193563401699066,-0.4889131486415863,-0.07852717489004135,-0.051178280264139175,1.0056453943252563,,,
,,,,,,,65535.0,28000.0,90.0
341.724,-0.14388398826122284,0.10243123769760132,-0.4752471148967743,-0.07525064796209335,-0.027798738330602646,0.9920330047607422,,,
,,,,,,,65535.0,28000.0,90.0
341.734,-1.6371617317199707,1.0867024660110474,0.5243071913719177,-0.07329854369163513,-0.0034783065784722567,0.9777281284332275,,,
,,,,,,,65535.0,28000.0,90.0
341.744,-4.047854423522949,1.8908830881118774,0.9854881763458252,-0.06886465847492218,-0.005515783093869686,0.9809715151786804,,,
,,,,,,,65535.0,28000.0,90.0
341.754,-6.556040287017822,2.147329807281494,0.2867231070995331,-0.07261825352907181,-0.020661260932683945,0.9816883206367493,,,
,,,,,,,65535.0,28000.0,90.0
341.764,-7.323536396026611,2.64430832862854,0.4296930730342865,-0.08765480667352676,-0.03036869876086712,0.983393669128418,,,
,,,,,,,65535.0,26000.0,90.0
341.774,-6.360690116882324,2.883662462234497,-0.10802388936281204,-0.08773134648799896,-0.04074753448367119,0.9907506704330444,,,
,,,,,,,65535.0,26000.0,90.0
341.784,-5.913186073303223,2.4026756286621094,-0.8961369395256042,-0.08397310227155685,-0.0518595315515995,0.9969261288642883,,,
,,,,,,,65535.0,26000.0,90.0
341.794,-5.053638458251953,2.935457944869995,-1.5789685249328613,-0.08290087431669235,-0.05152517929673195,1.001752495765686,,,
,,,,,,,65535.0,26000.0,90.0
341.804,-3.648458957672119,2.126523733139038,-1.8590022325515747,-0.08721151202917099,-0.04945245385169983,1.0042304992675781,,,
,,,,,,,65535.0,26000.0,90.0
341.814,-4.295665264129639,2.827068567276001,-2.031259775161743,-0.08546379953622818,-0.05625578761100769,1.0037052631378174,,,
,,,,,,,65535.0,26000.0,90.0
341.824,-3.4416656494140625,2.3156230449676514,-2.6557397842407227,-0.08512988686561584,-0.06143411621451378,1.0159889459609985,,,
,,,,,,,65535.0,26000.0,90.0
341.834,-0.8714361190795898,1.579825520515442,-3.8191909790039062,-0.07938679307699203,-0.05654298514127731,1.0143860578536987,,,
,,,,,,,65535.0,26000.0,90.0
341.844,-1.2522999048233032,1.3693208694458008,-4.806905269622803,-0.08138161897659302,-0.04976334050297737,1.003111720085144,,,
,,,,,,,65535.0,26000.0,90.0
341.854,-3.2982285022735596,0.9965155124664307,-4.819931507110596,-0.08523982763290405,-0.036222752183675766,0.9864846467971802,,,
,,,,,,,65535.0,27000.0,90.0
341.864,-5.4307332038879395,1.4436988830566406,-4.108123302459717,-0.09490196406841278,-0.027885138988494873,0.9720934629440308,,,
,,,,,,,44000.0,27000.0,90.0
341.874,-5.277714252471924,1.1625490188598633,-3.4645230770111084,-0.09637220203876495,-0.03861096128821373,0.9882628917694092,,,
,,,,,,,44000.0,27000.0,90.0
341.884,-4.996264934539795,0.9424629211425781,-3.5808727741241455,-0.08862132579088211,-0.05254528298974037,0.9968255758285522,,,
,,,,,,,44000.0,27000.0,90.0
341.894,-6.533369064331055,-0.47562044858932495,-3.98017954826355,-0.07495667785406113,-0.058958955109119415,0.9821144342422485,,,
,,,,,,,44000.0,27000.0,90.0
341.904,-8.092348098754883,1.1794379949569702,-4.173956871032715,-0.09264180064201355,-0.048946600407361984,0.9498162269592285,,,
,,,,,,,44000.0,27000.0,90.0
341.914,-9.247608184814453,4.3754191398620605,-2.9628148078918457,-0.09419019520282745,-0.017058860510587692,0.9703103303909302,,,
,,,,,,,44000.0,27000.0,90.0
341.924,-12.196235656738281,2.8416988849639893,-2.2209603786468506,-0.0834437906742096,-0.01755068637430668,1.0199227333068848,,,
,,,,,,,44000.0,27000.0,90.0
341.934,-11.503369331359863,2.2507426738739014,-3.648313283920288,-0.06738394498825073,-0.055052660405635834,1.01470148563385,,,
,,,,,,,44000.0,29000.0,90.0
341.944,-11.604493141174316,2.9169814586639404,-6.087399959564209,-0.07697870582342148,-0.0768355056643486,1.0082006454467773,,,
,,,,,,,14000.0,29000.0,90.0
341.954,-10.79423999786377,1.0465677976608276,-6.4977898597717285,-0.0991046279668808,-0.07072470337152481,1.0118930339813232,,,
,,,,,,,14000.0,29000.0,90.0
341.964,-10.817480087280273,1.4966498613357544,-6.112281799316406,-0.11515958607196808,-0.09592578560113907,0.9814420342445374,,,
,,,,,,,14000.0,29000.0,90.0
341.974,-8.11122989654541,2.262530565261841,-5.9613752365112305,-0.11868387460708618,-0.12476295977830887,0.9707704782485962,,,
,,,,,,,14000.0,29000.0,90.0
341.984,-4.649919033050537,6.165510177612305,-6.468459606170654,-0.10067284852266312,-0.14342065155506134,0.9589393734931946,,,
,,,,,,,14000.0,29000.0,90.0
341.994,-7.765787124633789,7.651636600494385,-8.307276725769043,-0.10163210332393646,-0.13512201607227325,0.9771813750267029,,,
,,,,,,,14000.0,29000.0,90.0
342.004,-5.960000514984131,6.684159755706787,-8.001886367797852,-0.11022434383630753,-0.10563927888870239,1.019646167755127,,,
,,,,,,,14000.0,29000.0,90.0
342.014,-3.7306206226348877,4.659605979919434,-8.13033676147461,-0.0934501364827156,-0.12014610320329666,1.0317398309707642,,,
,,,,,,,14000.0,29000.0,90.0
342.024,-4.11051082611084,3.4313628673553467,-9.590871810913086,-0.0906946137547493,-0.1315004825592041,1.0183043479919434,,,
,,,,,,,14000.0,20000.0,90.0
342.034,-4.946131229400635,1.9243813753128052,-8.552780151367188,-0.10146021097898483,-0.101377472281456,1.033410668373108,,,
,,,,,,,0.0,20000.0,90.0
342.044,-4.9168195724487305,-4.483753681182861,-5.971535682678223,-0.12126448005437851,-0.08136477321386337,1.0840020179748535,,,
,,,,,,,0.0,20000.0,90.0
342.054,1.833551049232483,-1.048849105834961,-1.2887157201766968,-0.09107709676027298,-0.1037256270647049,1.0213583707809448,,,
,,,,,,,0.0,20000.0,90.0
342.064,-12.268926620483398,-3.3941924571990967,-4.890960216522217,-0.07467175275087357,-0.16776829957962036,0.9954499006271362,,,
,,,,,,,0.0,20000.0,90.0
342.074,0.4516102075576782,0.9049626588821411,-5.296988487243652,-0.08180679380893707,-0.1541862189769745,0.9743605852127075,,,
,,,,,,,0.0,20000.0,90.0
342.084,3.670503854751587,-0.3383255898952484,-5.820739269256592,-0.10447251796722412,-0.13579373061656952,1.0407010316848755,,,
,,,,,,,0.0,20000.0,90.0
342.094,3.7448275089263916,-2.3270063400268555,-4.829799175262451,-0.12243476510047913,-0.10368147492408752,1.0489528179168701,,,
,,,,,,,0.0,20000.0,90.0
342.104,-0.8720133304595947,-1.2848191261291504,-0.8175180554389954,-0.09396760910749435,-0.078461654484272,0.9799965023994446,,,
,,,,,,,0.0,6000.0,90.0
342.114,-5.390018939971924,2.335484504699707,-0.17373129725456238,-0.09597744792699814,-0.10400390625,0.9342741966247559,,,
,,,,,,,0.0,6000.0,90.0
342.124,-2.8081042766571045,4.517763137817383,-0.8155102133750916,-0.10718154907226562,-0.12946666777133942,0.9727906584739685,,,
,,,,,,,0.0,6000.0,90.0
342.134,2.55246639251709,2.8254737854003906,-1.4152414798736572,-0.12365308403968811,-0.12647786736488342,1.022571325302124,,,
,,,,,,,0.0,6000.0,90.0
342.144,5.968011856079102,3.3609986305236816,1.0377838611602783,-0.12671837210655212,-0.10454951971769333,0.9863691926002502,,,
,,,,,,,0.0,6000.0,90.0
342.154,-5.048263072967529,4.601489543914795,2.578829050064087,-0.10981524735689163,-0.05855089798569679,0.9322717785835266,,,
,,,,,,,0.0,6000.0,90.0
342.164,-10.975359916687012,7.973888874053955,4.382734775543213,-0.10595677047967911,-0.06471740454435349,0.9272018671035767,,,
,,,,,,,0.0,6000.0,90.0
342.174,-8.703836441040039,7.320547103881836,2.499685525894165,-0.1094731017947197,-0.11609314382076263,0.9859620332717896,,,
,,,,,,,0.0,6000.0,90.0
342.184,0.6407867074012756,4.479136943817139,-0.5782009959220886,-0.11311385035514832,-0.1347859650850296,1.0174243450164795,,,
,,,,,,,0.0,3000.0,90.0
342.194,3.699519395828247,3.406609058380127,-1.3560324907302856,-0.10946615040302277,-0.09502533078193665,1.0036615133285522,,,
,,,,,,,0.0,3000.0,90.0
342.204,-3.9137649536132812,2.311087131500244,1.12162446975708,-0.12791574001312256,-0.04285707697272301,0.9580063819885254,,,
,,,,,,,0.0,3000.0,90.0
342.214,-10.421793937683105,3.750293731689453,4.611846923828125,-0.1378803700208664,-0.05039665102958679,0.9441375136375427,,,
,,,,,,,0.0,3000.0,90.0
342.224,-7.912149429321289,2.6767232418060303,4.703553676605225,-0.13020287454128265,-0.1121474876999855,0.985639214515686,,,
,,,,,,,0.0,3000.0,90.0
342.234,-3.0880253314971924,-1.1124687194824219,0.6597506403923035,-0.12184422463178635,-0.14642411470413208,1.0285919904708862,,,
,,,,,,,0.0,3000.0,90.0
342.244,0.7306074500083923,-3.4623773097991943,-0.9203945398330688,-0.11604242026805878,-0.1121048852801323,1.0124861001968384,,,
,,,,,,,0.0,3000.0,90.0
342.254,-0.07116720825433731,-3.4263033866882324,0.015394583344459534,-0.11887051165103912,-0.06298469752073288,0.9824824929237366,,,
,,,,,,,0.0,3000.0,90.0
342.264,-3.8910305500030518,-3.997058629989624,1.5991531610488892,-0.11449910700321198,-0.05667435750365257,0.9745455980300903,,,
,,,,,,,0.0,3000.0,90.0
342.274,-5.536782741546631,-4.099668025970459,1.0946369171142578,-0.10471637547016144,-0.08300845324993134,0.9779486060142517,,,
,,,,,,,0.0,3000.0,90.0
342.284,-4.876274585723877,-4.178020000457764,-1.1850683689117432,-0.095961794257164,-0.09616098552942276,0.9819551110267639,,,
,,,,,,,0.0,3000.0,90.0
342.294,-4.020995616912842,-4.000072002410889,-2.79583477973938,-0.09713093936443329,-0.08549883216619492,0.9790197610855103,,,
,,,,,,,0.0,3000.0,90.0
342.304,-3.7444162368774414,-3.6418540477752686,-2.986283779144287,-0.10785600543022156,-0.08022555708885193,0.976112425327301,,,
,,,,,,,0.0,3000.0,90.0
342.314,-4.821078777313232,-4.163083553314209,-2.7483861446380615,-0.11457658559083939,-0.09285669773817062,0.9784939289093018,,,
,,,,,,,0.0,3000.0,90.0
342.324,-5.4246344566345215,-3.4250171184539795,-2.6708695888519287,-0.1095835417509079,-0.10147305577993393,0.9797175526618958,,,
,,,,,,,0.0,3000.0,90.0
342.334,-4.722626686096191,-2.333195686340332,-3.058746814727783,-0.09947490692138672,-0.11094804853200912,0.9895832538604736,,,
,,,,,,,0.0,3000.0,90.0
342.344,-3.631476402282715,-2.675926923751831,-3.729663372039795,-0.0954432487487793,-0.10935179889202118,0.9977656602859497,,,
,,,,,,,0.0,3000.0,90.0
342.354,-2.120915174484253,-2.5580849647521973,-4.29254674911499,-0.09355637431144714,-0.1012316346168518,0.999580979347229,,,
,,,,,,,0.0,4000.0,90.0
342.364,-3.619600534439087,-2.1785149574279785,-2.952057123184204,-0.09545359015464783,-0.08606944233179092,0.9944548010826111,,,
,,,,,,,0.0,4000.0,90.0
342.374,-5.7402472496032715,-2.067617177963257,-1.3845632076263428,-0.098191998898983,-0.08582443743944168,0.9905244708061218,,,
,,,,,,,0.0,4000.0,90.0
342.384,-6.9196672439575195,-1.6144407987594604,-0.06557063013315201,-0.09884727746248245,-0.10082107037305832,1.0012918710708618,,,
,,,,,,,0.0,4000.0,90.0
342.394,-5.181242942810059,-1.579485297203064,0.2002013623714447,-0.0978303998708725,-0.11623277515172958,1.016976237297058,,,
,,,,,,,0.0,4000.0,90.0
342.404,-3.802264451980591,-1.9987821578979492,-0.11244891583919525,-0.09182846546173096,-0.12127666175365448,1.0231508016586304,,,
,,,,,,,0.0,4000.0,90.0
342.414,-2.326659917831421,-1.93717622756958,-0.4241982400417328,-0.08889193087816238,-0.1154918447136879,1.0091112852096558,,,
,,,,,,,0.0,4000.0,90.0
342.424,-2.4452788829803467,-0.9290162920951843,0.6027142405509949,-0.09783544391393661,-0.11804506927728653,0.9955164790153503,,,
,,,,,,,0.0,4000.0,90.0
342.434,-2.3004164695739746,-0.795539915561676,0.5532677173614502,-0.10029491782188416,-0.12852869927883148,0.9963509440422058,,,
,,,,,,,0.0,4000.0,90.0
342.444,-2.531505584716797,-0.6161401867866516,0.39170268177986145,-0.10108357667922974,-0.13302570581436157,1.0016272068023682,,,
,,,,,,,0.0,4000.0,90.0
342.454,-1.6364445686340332,-0.596330463886261,0.1891835629940033,-0.10059274733066559,-0.13453058898448944,1.0054858922958374,,,
,,,,,,,0.0,7000.0,90.0
342.464,-1.5275113582611084,0.26322266459465027,-0.030447712168097496,-0.09490004181861877,-0.1328045129776001,1.0111140012741089,,,
,,,,,,,0.0,7000.0,90.0
342.474,-0.7371870875358582,0.8450080156326294,-0.3126316964626312,-0.08989496529102325,-0.1300196498632431,1.0162171125411987,,,
,,,,,,,0.0,7000.0,90.0
342.484,0.8202200531959534,0.7470142841339111,-0.5381003618240356,-0.0930800810456276,-0.13805224001407623,1.0140820741653442,,,
,,,,,,,0.0,7000.0,90.0
342.494,1.5948681831359863,-0.29167377948760986,-1.1708868741989136,-0.10080111771821976,-0.13027429580688477,1.0048415660858154,,,
,,,,,,,0.0,7000.0,90.0
342.504,3.2822744846343994,-0.048515405505895615,0.3410623371601105,-0.10830400139093399,-0.11744344979524612,0.9956561923027039,,,
,,,,,,,0.0,7000.0,90.0
342.514,1.4006026983261108,0.841967761516571,1.873490333557129,-0.10570737719535828,-0.11646632105112076,0.9877310395240784,,,
,,,,,,,0.0,7000.0,90.0
342.524,0.8444107174873352,0.630984902381897,2.099961280822754,-0.10232529789209366,-0.122052863240242,0.9932200908660889,,,
,,,,,,,0.0,7000.0,90.0
342.534,0.5250676870346069,0.42208999395370483,1.893288254737854,-0.11071242392063141,-0.13110008835792542,0.9949070811271667,,,
,,,,,,,0.0,9000.0,90.0
342.544,3.7450006008148193,0.3838043212890625,1.3257663249969482,-0.12218105792999268,-0.1352963000535965,1.0038639307022095,,,
,,,,,,,0.0,9000.0,90.0
342.554,4.510550498962402,-1.0114706754684448,1.7858412265777588,-0.1123257428407669,-0.12767602503299713,0.9970130324363708,,,
,,,,,,,0.0,9000.0,90.0
342.564,1.764034628868103,-1.0501937866210938,1.6564816236495972,-0.11870566010475159,-0.1195654422044754,0.9705752730369568,,,
,,,,,,,0.0,9000.0,90.0
342.574,1.2011862993240356,0.3256849944591522,2.6601967811584473,-0.11884333938360214,-0.09945905208587646,0.9666428565979004,,,
,,,,,,,0.0,9000.0,90.0
342.584,0.18909484148025513,-0.9914602041244507,3.7062196731567383,-0.12004756182432175,-0.09064819663763046,0.9883142113685608,,,
,,,,,,,0.0,9000.0,90.0
342.594,0.07328200340270996,-1.6891958713531494,3.646005153656006,-0.11681217700242996,-0.1014358401298523,0.9885283708572388,,,
,,,,,,,0.0,9000.0,90.0
342.604,-0.48137351870536804,-0.9193856716156006,3.9580254554748535,-0.11823160946369171,-0.10835063457489014,0.9770109057426453,,,
,,,,,,,0.0,9000.0,90.0
342.614,-0.8162028193473816,-0.8970340490341187,4.4193572998046875,-0.1277700960636139,-0.10193128138780594,0.9784255623817444,,,
,,,,,,,0.0,9000.0,90.0
342.624,-0.5713738799095154,-1.420897126197815,4.929927825927734,-0.12215955555438995,-0.0978986993432045,0.9800336956977844,,,
,,,,,,,0.0,14000.0,90.0
342.634,-0.8504250645637512,-0.9967668652534485,4.287091255187988,-0.1195669174194336,-0.1080690547823906,0.9687861204147339,,,
,,,,,,,17000.0,14000.0,90.0
342.644,-0.7175275683403015,-1.2633486986160278,4.194201469421387,-0.11722080409526825,-0.10125081986188889,0.9661547541618347,,,
,,,,,,,17000.0,14000.0,90.0
342.654,-0.9199202060699463,-0.7582558989524841,4.3283586502075195,-0.11522180587053299,-0.09649297595024109,0.9622551202774048,,,
,,,,,,,17000.0,14000.0,90.0
342.664,-2.121729850769043,-1.0078896284103394,3.326775550842285,-0.115665003657341,-0.11377903074026108,0.9691365957260132,,,
,,,,,,,17000.0,14000.0,90.0
342.674,0.9525456428527832,-1.659205436706543,3.1036911010742188,-0.11340998113155365,-0.10756909102201462,0.9807987809181213,,,
,,,,,,,17000.0,14000.0,90.0
342.684,1.6151646375656128,-3.638475179672241,2.518780469894409,-0.10739507526159286,-0.09284136444330215,1.0015453100204468,,,
,,,,,,,17000.0,14000.0,90.0
342.694,-1.6817764043807983,-4.2209792137146,3.5376319885253906,-0.0944828912615776,-0.07431218773126602,0.9908450245857239,,,
,,,,,,,17000.0,14000.0,90.0
342.704,-2.0831427574157715,-3.811523675918579,4.681488037109375,-0.0855477824807167,-0.07420820742845535,0.9710097312927246,,,
,,,,,,,17000.0,19000.0,90.0
342.714,-1.712731122970581,-3.565992832183838,3.089012384414673,-0.07943039387464523,-0.10227499902248383,0.9802119135856628,,,
,,,,,,,43000.0,19000.0,90.0
342.724,-0.15532884001731873,-3.9160056114196777,1.4257489442825317,-0.07147704064846039,-0.10914905369281769,1.011395812034607,,,
,,,,,,,43000.0,19000.0,90.0
342.734,-0.8885412216186523,-4.564742088317871,0.4317624270915985,-0.07240035384893417,-0.09642936289310455,1.0232148170471191,,,
,,,,,,,43000.0,19000.0,90.0
342.744,-4.629532814025879,-6.0288519859313965,-0.9090666174888611,-0.08092182129621506,-0.10904397070407867,1.0266451835632324,,,
,,,,,,,43000.0,19000.0,90.0
342.754,-0.21450231969356537,-7.315652370452881,-1.3516823053359985,-0.08093751221895218,-0.1199490949511528,1.0150388479232788,,,
,,,,,,,43000.0,19000.0,90.0
342.764,0.6981086134910583,-8.778785705566406,-3.236630916595459,-0.08929848670959473,-0.11114329844713211,1.0213065147399902,,,
,,,,,,,43000.0,19000.0,90.0
342.774,1.6056281328201294,-10.168007850646973,1.5228277444839478,-0.10918647050857544,-0.05445944890379906,0.9890137314796448,,,
,,,,,,,43000.0,19000.0,90.0
342.784,-4.028293132781982,-2.1048038005828857,1.1257070302963257,-0.06284017860889435,-0.10030301660299301,0.887115478515625,,,
,,,,,,,43000.0,19000.0,90.0
342.794,-2.6677424907684326,9.356560707092285,-3.411879062652588,-0.01982135698199272,-0.1485256403684616,0.8645058274269104,,,
,,,,,,,43000.0,28000.0,90.0
342.804,-5.969491958618164,1.9370719194412231,-1.9686118364334106,-0.1036064550280571,-0.07286223024129868,1.0414005517959595,,,
,,,,,,,63000.0,28000.0,90.0
342.814,0.38059481978416443,2.4957327842712402,-0.2613416910171509,-0.085710808634758,-0.10308948904275894,1.0306934118270874,,,
,,,,,,,63000.0,28000.0,90.0
342.824,-6.480672359466553,2.39866304397583,-1.6889863014221191,-0.10962754487991333,-0.11859098076820374,0.988174319267273,,,
,,,,,,,63000.0,28000.0,90.0
342.834,-4.058285236358643,3.8317692279815674,-2.6841864585876465,-0.10984329879283905,-0.10324682295322418,1.0270297527313232,,,
,,,,,,,63000.0,28000.0,90.0
342.844,4.31302547454834,-1.6082209348678589,0.925258994102478,-0.08127879351377487,-0.09117182344198227,1.0988426208496094,,,
,,,,,,,63000.0,28000.0,90.0
342.854,-2.4474806785583496,-5.615082740783691,1.1435564756393433,-0.08880650997161865,-0.13000929355621338,1.0438556671142578,,,
,,,,,,,63000.0,28000.0,90.0
342.864,-5.3997602462768555,-2.9310312271118164,2.365406036376953,-0.07150793075561523,-0.12334438413381577,0.9620105624198914,,,
,,,,,,,63000.0,28000.0,90.0
342.874,-2.702019453048706,0.9919595122337341,3.707991123199463,-0.06754257529973984,-0.12345180660486221,0.9670714139938354,,,
,,,,,,,63000.0,36000.0,90.0
342.884,0.5637681484222412,-1.205079197883606,1.1680744886398315,-0.0758974552154541,-0.16996805369853973,1.018656611442566,,,
,,,,,,,65535.0,36000.0,90.0
342.894,2.315770149230957,-0.7972297668457031,-1.7148566246032715,-0.08868970721960068,-0.15656882524490356,1.028782844543457,,,
,,,,,,,65535.0,36000.0,90.0
342.904,-2.8757131099700928,-0.38843220472335815,-1.1139556169509888,-0.09110964089632034,-0.10649830102920532,1.0142157077789307,,,
,,,,,,,65535.0,36000.0,90.0
342.914,-3.0752222537994385,-1.5095971822738647,-0.6366393566131592,-0.1011018231511116,-0.12480386346578598,1.0112398862838745,,,
,,,,,,,65535.0,36000.0,90.0
342.924,9.910698890686035,3.2635087966918945,-1.1973191499710083,-0.10643894970417023,-0.15991319715976715,1.0011625289916992,,,
,,,,,,,65535.0,36000.0,90.0
342.934,0.4439033567905426,-0.7720110416412354,-2.379753589630127,-0.09569018334150314,-0.145264133810997,1.0277413129806519,,,
,,,,,,,65535.0,36000.0,90.0
342.944,-1.9809447526931763,1.2951147556304932,1.2254809141159058,-0.10906893759965897,-0.10270432382822037,0.9684606790542603,,,
,,,,,,,65535.0,36000.0,90.0
342.954,1.191209316253662,4.779740810394287,2.8999416828155518,-0.09805283695459366,-0.1286003738641739,0.9639750719070435,,,
,,,,,,,65535.0,36000.0,90.0
342.964,3.453092098236084,3.5297203063964844,-0.2909262180328369,-0.08649253100156784,-0.17532743513584137,1.0227911472320557,,,
,,,,,,,65535.0,39000.0,90.0
342.974,7.567772388458252,2.0509297847747803,-1.4983924627304077,-0.08709320425987244,-0.1368974894285202,1.032879114151001,,,
,,,,,,,65535.0,39000.0,90.0
342.984,4.446894645690918,2.37583327293396,1.076390266418457,-0.09617248922586441,-0.07473792880773544,0.9975384473800659,,,
,,,,,,,65535.0,39000.0,90.0
342.994,0.6085360050201416,3.9464290142059326,4.5209808349609375,-0.10071752965450287,-0.07999584823846817,0.9639639854431152,,,
,,,,,,,65535.0,39000.0,90.0
343.004,-1.450594425201416,4.059197902679443,4.059279441833496,-0.1056850254535675,-0.13800591230392456,0.9839898943901062,,,
,,,,,,,65535.0,39000.0,90.0
343.014,3.303677558898926,0.36093804240226746,1.38785982131958,-0.10769421607255936,-0.16113713383674622,1.0350059270858765,,,
,,,,,,,65535.0,39000.0,90.0
343.024,10.03557014465332,2.226020336151123,2.228872776031494,-0.10654054582118988,-0.12864874303340912,1.0065059661865234,,,
,,,,,,,65535.0,39000.0,90.0
343.034,1.9974576234817505,1.1263362169265747,3.050849676132202,-0.10000056028366089,-0.10032383352518082,0.9832853078842163,,,
,,,,,,,65535.0,39000.0,90.0
343.044,0.8541128039360046,2.2301106452941895,4.4061760902404785,-0.10823147743940353,-0.09976456314325333,0.9659799337387085,,,
,,,,,,,65535.0,37000.0,90.0
343.054,4.550098419189453,3.379610538482666,3.992964267730713,-0.09710726886987686,-0.13136765360832214,0.9817421436309814,,,
,,,,,,,65535.0,37000.0,90.0
343.064,4.0473456382751465,-0.16152706742286682,0.4086829125881195,-0.09965597093105316,-0.13807298243045807,1.0099412202835083,,,
,,,,,,,65535.0,37000.0,90.0
343.074,7.060507774353027,1.1354100704193115,0.9223000407218933,-0.09653325378894806,-0.09616435319185257,0.9790388345718384,,,
,,,,,,,65535.0,37000.0,90.0
343.084,3.0403459072113037,2.004628896713257,1.5791186094284058,-0.09748499095439911,-0.07429327070713043,0.9619858264923096,,,
,,,,,,,65535.0,37000.0,90.0
343.094,0.7897480130195618,1.3556973934173584,2.3594517707824707,-0.10286165028810501,-0.08051670342683792,0.9761397242546082,,,
,,,,,,,65535.0,37000.0,90.0
343.104,3.387434244155884,4.2448883056640625,2.87009334564209,-0.09951812028884888,-0.09441381692886353,0.9602999091148376,,,
,,,,,,,65535.0,37000.0,90.0
343.114,-2.593412160873413,0.5633184313774109,-0.09866403788328171,-0.09481482952833176,-0.10692355036735535,0.9932386875152588,,,
,,,,,,,65535.0,37000.0,90.0
343.124,5.501803398132324,1.6239997148513794,-0.7252289056777954,-0.10878955572843552,-0.09263057261705399,0.975933313369751,,,
,,,,,,,65535.0,37000.0,90.0
343.134,5.963111877441406,1.9933363199234009,-0.03383975103497505,-0.09670424461364746,-0.08181270211935043,0.9775615930557251,,,
,,,,,,,65535.0,36000.0,90.0
343.144,-1.328066110610962,-0.9375379085540771,-0.22496092319488525,-0.10971952229738235,-0.06458145380020142,0.9819157123565674,,,
,,,,,,,65535.0,36000.0,90.0
343.154,-0.17766332626342773,2.0281546115875244,2.7045845985412598,-0.10259290784597397,-0.04485532268881798,0.9591448903083801,,,
,,,,,,,65535.0,36000.0,90.0
343.164,-3.772902488708496,0.11835220456123352,1.9001857042312622,-0.09685742855072021,-0.07303915917873383,0.9819057583808899,,,
,,,,,,,65535.0,36000.0,90.0
343.174,0.13434991240501404,0.7152634859085083,0.6677331328392029,-0.0919215977191925,-0.08448740094900131,0.9895748496055603,,,
,,,,,,,65535.0,36000.0,90.0
343.184,-2.1544854640960693,-1.8489402532577515,0.20637725293636322,-0.09056121110916138,-0.06377169489860535,1.0061123371124268,,,
,,,,,,,65535.0,36000.0,90.0
343.194,-1.7806600332260132,-0.7054479122161865,1.3634647130966187,-0.09564723074436188,-0.0512545146048069,0.9775711894035339,,,
,,,,,,,65535.0,36000.0,90.0
343.204,-3.919982433319092,-0.5153727531433105,1.5668717622756958,-0.09064000099897385,-0.06827162951231003,0.9761826992034912,,,
,,,,,,,65535.0,36000.0,90.0
343.214,-4.205810070037842,-0.8774920105934143,1.0192148685455322,-0.09237395226955414,-0.08942686021327972,0.9937049150466919,,,
,,,,,,,65535.0,36000.0,90.0
343.224,-2.9318301677703857,-0.17962099611759186,0.2033669650554657,-0.08524195104837418,-0.0979052484035492,0.9985863566398621,,,
,,,,,,,65535.0,36000.0,90.0
343.234,-2.772024154663086,-0.3382774889469147,-1.087634801864624,-0.08665216714143753,-0.10485266894102097,0.9966859817504883,,,
,,,,,,,65535.0,36000.0,90.0
343.244,-0.9895547032356262,1.2258491516113281,-1.5715715885162354,-0.08552929013967514,-0.09905250370502472,0.9927548766136169,,,
,,,,,,,65535.0,36000.0,90.0
343.254,-1.8060376644134521,1.247321605682373,-2.4872066974639893,-0.08792280405759811,-0.09817910194396973,0.9971185326576233,,,
,,,,,,,65535.0,36000.0,90.0
343.264,-2.0015673637390137,1.9725115299224854,-3.1087868213653564,-0.09116220474243164,-0.09599728882312775,0.9862056374549866,,,
,,,,,,,65535.0,36000.0,90.0
343.274,-1.9815505743026733,1.3797396421432495,-3.255852222442627,-0.08981970697641373,-0.09651920199394226,0.9858952164649963,,,
,,,,,,,65535.0,36000.0,90.0
343.284,-2.5689480304718018,2.664080858230591,-3.567821979522705,-0.08510912954807281,-0.10023113340139389,0.9804173111915588,,,
,,,,,,,65535.0,36000.0,90.0
343.294,-3.758664608001709,2.5600099563598633,-3.7895541191101074,-0.08547907322645187,-0.0990956723690033,0.994165301322937,,,
,,,,,,,65535.0,36000.0,90.0
343.304,-2.779646873474121,2.180636405944824,-3.51519775390625,-0.09059828519821167,-0.09660143405199051,1.005934715270996,,,
,,,,,,,65535.0,30000.0,90.0
343.314,-2.674661636352539,1.8572800159454346,-3.1383368968963623,-0.09409191459417343,-0.10131672769784927,1.0110317468643188,,,
,,,,,,,65535.0,30000.0,90.0
343.324,-2.3830437660217285,1.5045429468154907,-3.237334728240967,-0.09699739515781403,-0.10597435384988785,1.0042612552642822,,,
,,,,,,,65535.0,30000.0,90.0
343.334,-2.4813666343688965,0.9628613591194153,-2.1698780059814453,-0.10382319241762161,-0.10342556983232498,1.0049254894256592,,,
,,,,,,,65535.0,30000.0,90.0
343.344,-0.9799420237541199,1.1642897129058838,-0.5997441411018372,-0.1147511675953865,-0.09696438908576965,0.9915361404418945,,,
,,,,,,,65535.0,30000.0,90.0
343.354,-5.521310329437256,1.7846299409866333,1.5324050188064575,-0.1021452322602272,-0.10516510158777237,0.9792567491531372,,,
,,,,,,,65535.0,30000.0,90.0
343.364,-11.539823532104492,0.9068317413330078,0.32627955079078674,-0.10727404057979584,-0.12620289623737335,0.9842294454574585,,,
,,,,,,,65535.0,30000.0,90.0
343.374,-1.523478388786316,2.2443816661834717,-0.08268405497074127,-0.10646677762269974,-0.1391785591840744,0.9969247579574585,,,
,,,,,,,65535.0,30000.0,90.0
343.384,1.87591552734375,1.0902235507965088,-1.819095492362976,-0.10469818115234375,-0.1455204337835312,1.0280039310455322,,,
,,,,,,,65535.0,30000.0,90.0
343.394,-0.8934018611907959,0.06500884890556335,-1.6893774271011353,-0.10835468024015427,-0.108507439494133,1.010809302330017,,,
,,,,,,,65535.0,26000.0,90.0
343.404,-3.4447102546691895,2.431180715560913,1.8711841106414795,-0.11516069620847702,-0.0793875977396965,0.965969443321228,,,
,,,,,,,65535.0,26000.0,90.0
343.414,-4.3653059005737305,3.64839243888855,3.0700254440307617,-0.11362476646900177,-0.11834803968667984,0.9772135019302368,,,
,,,,,,,65535.0,26000.0,90.0
343.424,-0.11028800904750824,2.9416205883026123,0.46955743432044983,-0.10865268856287003,-0.15611544251441956,1.0083467960357666,,,
,,,,,,,65535.0,26000.0,90.0
343.434,0.9010220170021057,2.4189233779907227,0.03721664100885391,-0.1018378883600235,-0.13825111091136932,1.0043678283691406,,,
,,,,,,,65535.0,26000.0,90.0
343.444,-3.1944594383239746,1.3921232223510742,-0.4514745771884918,-0.10491237789392471,-0.11638777703046799,0.9852287173271179,,,
,,,,,,,65535.0,26000.0,90.0
343.454,1.2303533554077148,4.2979044914245605,0.1951438933610916,-0.10239230841398239,-0.1205790638923645,0.9663654565811157,,,
,,,,,,,65535.0,26000.0,90.0
343.464,0.9965015053749084,2.9149527549743652,-1.2791240215301514,-0.10151688754558563,-0.13937674462795258,0.9971315264701843,,,
,,,,,,,65535.0,26000.0,90.0
343.474,-0.07794902473688126,0.9074007868766785,-1.7473787069320679,-0.10476415604352951,-0.11860696971416473,1.0062066316604614,,,
,,,,,,,65535.0,26000.0,90.0
343.484,-0.8827171921730042,1.3714625835418701,0.38562241196632385,-0.10214868187904358,-0.09478671848773956,0.9854256510734558,,,
,,,,,,,65535.0,12000.0,90.0
343.494,-0.8471709489822388,0.6343579292297363,0.8730082511901855,-0.10545530915260315,-0.1109103411436081,0.9959232211112976,,,
,,,,,,,65535.0,12000.0,90.0
343.504,4.054769992828369,0.28939780592918396,1.501863718032837,-0.11082249879837036,-0.1318492442369461,1.013919472694397,,,
,,,,,,,65535.0,12000.0,90.0
343.514,0.1590077430009842,-1.762686848640442,2.340397596359253,-0.09680315107107162,-0.1097530797123909,0.9993706345558167,,,
,,,,,,,65535.0,12000.0,90.0
343.524,-5.807903289794922,-0.6279444098472595,2.4719839096069336,-0.10051163285970688,-0.09814763069152832,0.9682292938232422,,,
,,,,,,,65535.0,12000.0,90.0
343.534,-3.1439507007598877,-0.07791709899902344,1.3104380369186401,-0.088523730635643,-0.12705925107002258,0.9742534756660461,,,
,,,,,,,65535.0,12000.0,90.0
343.544,4.250021934509277,-0.28905239701271057,-2.303058624267578,-0.09227209538221359,-0.16864335536956787,1.0039546489715576,,,
,,,,,,,65535.0,12000.0,90.0
343.554,4.9941816329956055,-1.8389363288879395,-4.080835819244385,-0.09780017286539078,-0.14018182456493378,1.0152666568756104,,,
,,,,,,,65535.0,12000.0,90.0
343.564,-0.5521477460861206,-0.6749252080917358,-0.5979374051094055,-0.10794274508953094,-0.07701171189546585,0.9703843593597412,,,
,,,,,,,65535.0,0.0,90.0
343.574,-5.282364845275879,2.209592819213867,2.3212342262268066,-0.11512614041566849,-0.08526293188333511,0.9532134532928467,,,
,,,,,,,65535.0,0.0,90.0
343.584,-3.4486300945281982,1.7568367719650269,0.64640212059021,-0.09625662863254547,-0.1501227766275406,0.98928302526474,,,
,,,,,,,65535.0,0.0,90.0
343.594,2.0186352729797363,0.6133524775505066,-3.135564088821411,-0.11037611961364746,-0.1661490499973297,1.0257244110107422,,,
,,,,,,,65535.0,0.0,90.0
343.604,5.916429042816162,1.1285426616668701,-2.094433069229126,-0.10956748574972153,-0.10158588737249374,1.0171105861663818,,,
,,,,,,,65535.0,0.0,90.0
343.614,-2.6447274684906006,0.9109288454055786,1.2244426012039185,-0.12054669857025146,-0.07555638253688812,0.9715854525566101,,,
,,,,,,,65535.0,0.0,90.0
343.624,-6.462141513824463,3.9349212646484375,2.213076114654541,-0.1256127804517746,-0.11253397911787033,0.9426525235176086,,,
,,,,,,,65535.0,0.0,90.0
343.634,-1.6543930768966675,3.9726665019989014,-0.7995108366012573,-0.1183362826704979,-0.1616329699754715,1.0000938177108765,,,
,,,,,,,65535.0,0.0,90.0
343.644,5.303411960601807,1.4063230752944946,-3.7881412506103516,-0.11997298896312714,-0.152726411819458,1.0471705198287964,,,
,,,,,,,65535.0,0.0,90.0
343.654,7.309891223907471,0.16036424040794373,-3.6742234230041504,-0.12157754600048065,-0.10361926257610321,1.0117641687393188,,,
,,,,,,,65535.0,0.0,90.0
343.664,1.0378715991973877,1.9432045221328735,-0.281762033700943,-0.12814801931381226,-0.06261783093214035,0.9518779516220093,,,
,,,,,,,65535.0,0.0,90.0
343.674,-3.6140518188476562,3.0925822257995605,1.939867377281189,-0.12080470472574234,-0.07313023507595062,0.9513072967529297,,,
,,,,,,,65535.0,0.0,90.0
343.684,-1.7077045440673828,2.4398598670959473,1.128827691078186,-0.1085989698767662,-0.11881355196237564,1.0008316040039062,,,
,,,,,,,65535.0,0.0,90.0
343.694,3.721315622329712,0.13334785401821136,-1.019962191581726,-0.10696466267108917,-0.13215604424476624,1.0309443473815918,,,
,,,,,,,65535.0,0.0,90.0
343.704,5.523990154266357,-1.6691460609436035,-1.0331366062164307,-0.10649865120649338,-0.09666209667921066,1.0058350563049316,,,
,,,,,,,65535.0,0.0,90.0
343.714,2.3132832050323486,-0.4411880373954773,1.13699471950531,-0.10039283335208893,-0.07110493630170822,0.9696673154830933,,,
,,,,,,,65535.0,0.0,90.0
343.724,-1.0418901443481445,0.75931715965271,2.1638989448547363,-0.09820612519979477,-0.08994922786951065,0.9738968014717102,,,
,,,,,,,65535.0,0.0,90.0
343.734,-1.178609848022461,0.017939167097210884,1.3623008728027344,-0.09904240816831589,-0.12121496349573135,1.0020712614059448,,,
,,,,,,,65535.0,0.0,90.0
343.744,1.9323443174362183,-0.9089406728744507,-0.18044686317443848,-0.10373760759830475,-0.1323414146900177,1.0115076303482056,,,
,,,,,,,65535.0,0.0,90.0
343.754,3.3887858390808105,-2.1659200191497803,-0.6963032484054565,-0.1074405089020729,-0.1244322806596756,0.993295431137085,,,
,,,,,,,65535.0,0.0,90.0
343.764,2.3326590061187744,-0.9561115503311157,-0.4628968834877014,-0.10700034350156784,-0.11411109566688538,0.970065712928772,,,
,,,,,,,65535.0,0.0,90.0
343.774,0.49486982822418213,-0.2673025131225586,-0.40492525696754456,-0.101392462849617,-0.11275198310613632,0.9731624126434326,,,
,,,,,,,65535.0,0.0,90.0
343.784,0.09622063487768173,0.1625979244709015,-0.801479160785675,-0.09612058848142624,-0.12055930495262146,0.9851875901222229,,,
,,,,,,,65535.0,0.0,90.0
343.794,1.8241742849349976,0.3948131203651428,-2.218428134918213,-0.09527554363012314,-0.12583467364311218,0.9931943416595459,,,
,,,,,,,65535.0,0.0,90.0
343.804,2.4575788974761963,0.4868253767490387,-2.9713785648345947,-0.10655894875526428,-0.12111769616603851,0.9938547611236572,,,
,,,,,,,65535.0,0.0,90.0
343.814,0.9627107381820679,0.573644757270813,-2.3400824069976807,-0.10867945849895477,-0.10800353437662125,0.9866713285446167,,,
,,,,,,,65535.0,0.0,90.0
343.824,-0.8855388760566711,1.3509317636489868,-1.9000996351242065,-0.1054738238453865,-0.11310730874538422,0.9737265110015869,,,
,,,,,,,65535.0,0.0,90.0
343.834,-1.4090274572372437,2.3451292514801025,-1.8324651718139648,-0.11617811769247055,-0.1281050443649292,0.9723881483078003,,,
,,,,,,,65535.0,0.0,90.0
343.844,0.5120759606361389,2.2804369926452637,-1.8317841291427612,-0.12017161399126053,-0.12834346294403076,0.9955124855041504,,,
,,,,,,,65535.0,0.0,90.0
343.854,2.6419358253479004,1.1960622072219849,-1.2973203659057617,-0.12018174678087234,-0.1205541342496872,1.0111445188522339,,,
,,,,,,,65535.0,0.0,90.0
343.864,2.790024518966675,0.9608674049377441,-0.37780407071113586,-0.11834318935871124,-0.11340595036745071,1.0024574995040894,,,
,,,,,,,65535.0,0.0,90.0
343.874,1.6788384914398193,1.3678869009017944,0.8408079147338867,-0.11164703965187073,-0.10516204684972763,0.9959079027175903,,,
,,,,,,,65535.0,0.0,90.0
343.884,1.0341908931732178,1.4504786729812622,1.7974967956542969,-0.11544278264045715,-0.09594626724720001,0.9976634383201599,,,
,,,,,,,65535.0,0.0,90.0
343.894,1.6111533641815186,0.6754180788993835,2.361781358718872,-0.11585207283496857,-0.09791480004787445,1.006219506263733,,,
,,,,,,,65535.0,0.0,90.0
343.904,3.0495173931121826,-0.328758180141449,2.5318381786346436,-0.1116737499833107,-0.10727083683013916,1.0046577453613281,,,
,,,,,,,65535.0,0.0,90.0
343.914,2.784960985183716,-0.5298663377761841,2.343747615814209,-0.11192763596773148,-0.10692711174488068,0.9955596327781677,,,
,,,,,,,65535.0,0.0,90.0
343.924,3.0712223052978516,-0.629409909248352,2.3042707443237305,-0.1076795756816864,-0.09716399759054184,0.9901503324508667,,,
,,,,,,,65535.0,0.0,90.0
343.934,2.168384313583374,-0.016361018642783165,2.123351812362671,-0.11340001225471497,-0.10031521320343018,0.9868091344833374,,,
,,,,,,,65535.0,0.0,90.0
343.944,2.1122241020202637,-0.7081508636474609,1.174712061882019,-0.11329881846904755,-0.11060266941785812,0.9883744716644287,,,
,,,,,,,65535.0,0.0,90.0
343.954,2.828425884246826,-0.3018929064273834,-0.14517925679683685,-0.10912462323904037,-0.11434205621480942,0.9892131686210632,,,
,,,,,,,65535.0,19000.0,90.0
343.964,1.9657403230667114,-0.9902780652046204,-0.40970972180366516,-0.1022721379995346,-0.09807191044092178,0.9831406474113464,,,
,,,,,,,65535.0,19000.0,90.0
343.974,0.5600453019142151,-0.7112821936607361,-0.6897132992744446,-0.10463652014732361,-0.08130230009555817,0.9771714806556702,,,
,,,,,,,65535.0,19000.0,90.0
343.984,-0.07193737477064133,0.35139256715774536,-0.7357545495033264,-0.09876909852027893,-0.08026153594255447,0.9747236967086792,,,
,,,,,,,65535.0,19000.0,90.0
343.994,-2.963334321975708,-1.8181532621383667,-3.352886915206909,-0.09694349765777588,-0.09409606456756592,1.0018705129623413,,,
,,,,,,,65535.0,19000.0,90.0
344.004,2.9620485305786133,-0.2649593949317932,-3.606153964996338,-0.11394835263490677,-0.09190195053815842,1.0048714876174927,,,
,,,,,,,65535.0,19000.0,90.0
344.014,5.20890474319458,-2.5399558544158936,-2.7011349201202393,-0.1167612299323082,-0.08531542122364044,1.014569640159607,,,
,,,,,,,65535.0,19000.0,90.0
344.024,4.420914649963379,-2.4762942790985107,-0.7965376973152161,-0.11525148898363113,-0.08326076716184616,0.9954149127006531,,,
,,,,,,,65535.0,19000.0,90.0
344.034,-0.12320949882268906,-2.1399476528167725,1.0369713306427002,-0.11633326858282089,-0.08858375996351242,0.9830769896507263,,,
,,,,,,,65535.0,42000.0,90.0
344.044,-0.3114917576313019,-1.442679524421692,1.109284520149231,-0.11747857928276062,-0.11808501183986664,0.9871762990951538,,,
,,,,,,,65535.0,42000.0,90.0
344.054,4.204204082489014,-1.3862565755844116,-1.089532732963562,-0.10602079331874847,-0.1468186229467392,0.9945195317268372,,,
,,,,,,,65535.0,42000.0,90.0
344.064,5.940486431121826,-2.15018367767334,-4.850757122039795,-0.09515176713466644,-0.14541584253311157,1.004645586013794,,,
,,,,,,,65535.0,42000.0,90.0
344.074,6.310008525848389,-1.7942824363708496,-6.331923484802246,-0.10247021913528442,-0.10423585772514343,0.9961903691291809,,,
,,,,,,,65535.0,42000.0,90.0
344.084,4.72134256362915,-1.7077144384384155,-5.383649826049805,-0.11709655821323395,-0.06503535062074661,0.9711641073226929,,,
,,,,,,,65535.0,42000.0,90.0
344.094,2.3723204135894775,-0.9779530763626099,-4.211582660675049,-0.11044080555438995,-0.07511172443628311,0.9774776101112366,,,
,,,,,,,65535.0,42000.0,90.0
344.104,1.5864778757095337,-1.8190500736236572,-2.8512556552886963,-0.11491192132234573,-0.08214099705219269,0.9865312576293945,,,
,,,,,,,65535.0,42000.0,90.0
344.114,2.061993360519409,2.9811038970947266,0.19258509576320648,-0.11242397874593735,-0.07004933059215546,0.9502673149108887,,,
,,,,,,,65535.0,42000.0,90.0
344.124,-9.163582801818848,1.9377381801605225,1.255010724067688,-0.1146351546049118,-0.08582770079374313,0.9717232584953308,,,
,,,,,,,65535.0,62000.0,90.0
344.134,-4.5165510177612305,1.0234310626983643,0.4442952573299408,-0.12742368876934052,-0.12614084780216217,0.9986363053321838,,,
,,,,,,,65535.0,62000.0,90.0
344.144,5.628249645233154,2.1758742332458496,-1.4978333711624146,-0.11408205330371857,-0.14980807900428772,1.0055617094039917,,,
,,,,,,,65535.0,62000.0,90.0
344.154,3.14913272857666,-0.4872170090675354,-3.6957552433013916,-0.10983535647392273,-0.12736672163009644,1.0091753005981445,,,
,,,,,,,65535.0,62000.0,90.0
344.164,-0.05212786793708801,2.0583930015563965,-1.691402554512024,-0.11407264322042465,-0.06687261164188385,0.9697887301445007,,,
,,,,,,,65535.0,62000.0,90.0
344.174,-4.365382194519043,2.4700663089752197,-0.5325952768325806,-0.1059446856379509,-0.06899648904800415,0.9764828085899353,,,
,,,,,,,65535.0,62000.0,90.0
344.184,-0.3359224796295166,0.4924682676792145,-2.720595598220825,-0.10346119105815887,-0.11861947178840637,1.016672134399414,,,
,,,,,,,65535.0,62000.0,90.0
344.194,7.338053226470947,-0.4354313611984253,-3.34277081489563,-0.10115007311105728,-0.11651004105806351,1.032102346420288,,,
,,,,,,,65535.0,62000.0,90.0
344.204,3.2476305961608887,-1.7828997373580933,-1.4120656251907349,-0.11041366308927536,-0.06324714422225952,1.0150861740112305,,,
,,,,,,,65535.0,65535.0,90.0
344.214,-3.046692371368408,-1.6957279443740845,3.5659048557281494,-0.13234654068946838,-0.03572481498122215,0.9748503565788269,,,
,,,,,,,65535.0,65535.0,90.0
344.224,-3.968660354614258,-0.03945209085941315,6.837861061096191,-0.12908348441123962,-0.0808345377445221,0.9538792967796326,,,
,,,,,,,65535.0,65535.0,90.0
344.234,-1.6874003410339355,1.1088742017745972,5.3226494789123535,-0.11175400018692017,-0.14156703650951385,0.9724524617195129,,,
,,,,,,,65535.0,65535.0,90.0
344.244,0.08797725290060043,1.883112907409668,3.5844221115112305,-0.11295200884342194,-0.13739071786403656,0.9961761832237244,,,
,,,,,,,65535.0,65535.0,90.0
344.254,-0.07908707112073898,-0.5045865178108215,3.8175976276397705,-0.11533123254776001,-0.10514321178197861,1.0122240781784058,,,
,,,,,,,65535.0,65535.0,90.0
344.264,-0.9093881249427795,-0.43004417419433594,2.9397313594818115,-0.11262623965740204,-0.1143595352768898,0.9966806769371033,,,
,,,,,,,65535.0,65535.0,90.0
344.274,0.469679594039917,0.9679297804832458,0.21981385350227356,-0.09744398295879364,-0.14532627165317535,0.9808060526847839,,,
,,,,,,,65535.0,65535.0,90.0
344.284,3.109382152557373,1.2028007507324219,-3.406312942504883,-0.0879301130771637,-0.14607103168964386,1.0036033391952515,,,
,,,,,,,65535.0,65535.0,90.0
344.294,2.634538173675537,-0.3353348970413208,-5.287701606750488,-0.09155113250017166,-0.11713449656963348,1.0217581987380981,,,
,,,,,,,65535.0,65535.0,90.0
344.304,2.2349488735198975,-0.5569734573364258,-4.850277900695801,-0.10014773905277252,-0.09371017664670944,1.0052083730697632,,,
,,,,,,,65535.0,65535.0,90.0
344.314,1.0439189672470093,0.45412278175354004,-4.22323751449585,-0.10369714349508286,-0.10308478027582169,0.9867066740989685,,,
,,,,,,,65535.0,65535.0,90.0
344.324,1.1751219034194946,0.42913535237312317,-3.497022867202759,-0.11015830188989639,-0.11457905173301697,0.9937315583229065,,,
,,,,,,,65535.0,65535.0,90.0
344.334,1.97317373752594,-0.5087112188339233,-1.7558399438858032,-0.12164198607206345,-0.11033962666988373,1.003404140472412,,,
,,,,,,,65535.0,65535.0,90.0
344.344,1.227852702140808,0.4608430862426758,0.5273857116699219,-0.12242413312196732,-0.09897072613239288,0.9946762323379517,,,
,,,,,,,65535.0,65535.0,90.0
344.354,0.4466603994369507,1.0700722932815552,2.523595094680786,-0.11486151814460754,-0.09534008055925369,0.9830516576766968,,,
,,,,,,,65535.0,65535.0,90.0
344.364,0.15784679353237152,1.5275564193725586,3.855753183364868,-0.11368399858474731,-0.09945560246706009,0.9860978126525879,,,
,,,,,,,65535.0,65535.0,90.0
344.374,0.8017604947090149,2.043769359588623,4.411862850189209,-0.11319278180599213,-0.09774968028068542,0.9963967204093933,,,
,,,,,,,65535.0,65535.0,90.0
344.384,1.4273992776870728,1.899493932723999,5.006214618682861,-0.1136159747838974,-0.09735646098852158,0.9921149611473083,,,
,,,,,,,65535.0,65535.0,90.0
344.394,0.9533166885375977,2.132434606552124,4.578202724456787,-0.11200132966041565,-0.09952890872955322,0.9790382981300354,,,
,,,,,,,65535.0,65535.0,90.0
344.404,1.4724087715148926,2.3808460235595703,3.8233087062835693,-0.11194714158773422,-0.1019488126039505,0.9805409908294678,,,
,,,,,,,65535.0,65535.0,90.0
344.414,1.4520796537399292,2.57261061668396,3.528529644012451,-0.11211305111646652,-0.10078608989715576,0.9884107708930969,,,
,,,,,,,65535.0,65535.0,90.0
344.424,1.8960258960723877,2.1348485946655273,2.9087018966674805,-0.11480434983968735,-0.10104411840438843,0.9938987493515015,,,
,,,,,,,65535.0,65535.0,90.0
344.434,1.5441170930862427,2.083852767944336,2.7938485145568848,-0.11572326719760895,-0.09901606291532516,0.994674563407898,,,
,,,,,,,65535.0,65535.0,90.0
344.444,1.3077671527862549,1.2347595691680908,2.697403907775879,-0.11409852653741837,-0.09325767308473587,0.9904890656471252,,,
,,,,,,,65535.0,65535.0,90.0
344.454,0.7066001296043396,1.3038396835327148,3.0475313663482666,-0.11222434043884277,-0.08560699969530106,0.9853423237800598,,,
,,,,,,,65535.0,65535.0,90.0
344.464,0.6028058528900146,1.192429542541504,2.5614871978759766,-0.11065778881311417,-0.08145861327648163,0.9907414317131042,,,
,,,,,,,65535.0,65535.0,90.0
344.474,0.43753618001937866,0.42510083317756653,2.575915575027466,-0.1092468872666359,-0.07595809549093246,0.9960430860519409,,,
,,,,,,,65535.0,65535.0,90.0
344.484,-0.3186475336551666,0.08109942078590393,2.2655956745147705,-0.10846719145774841,-0.0790862962603569,0.9897186160087585,,,
,,,,,,,65535.0,65535.0,90.0
344.494,-0.20769217610359192,0.48513609170913696,0.9616225957870483,-0.11105313152074814,-0.08887092024087906,0.9839677810668945,,,
,,,,,,,65535.0,65535.0,90.0
344.504,0.6607832312583923,-0.33031490445137024,-0.13552714884281158,-0.11424414068460464,-0.09310951083898544,0.9907187819480896,,,
,,,,,,,65535.0,65535.0,90.0
344.514,1.3521729707717896,-0.3941687345504761,-1.2872782945632935,-0.11009825766086578,-0.08937203884124756,0.9929194450378418,,,
,,,,,,,65535.0,65535.0,90.0
344.524,1.1649504899978638,-0.3489840626716614,-2.551391363143921,-0.11379660665988922,-0.08086764812469482,0.9810867309570312,,,
,,,,,,,65535.0,65535.0,90.0
344.534,0.6512774229049683,-0.3636549413204193,-2.403848648071289,-0.11794839054346085,-0.062362875789403915,0.974251389503479,,,
,,,,,,,65535.0,65535.0,90.0
344.544,-0.09753715246915817,0.15994460880756378,-1.739473819732666,-0.1138199046254158,-0.054788738489151,0.9765941500663757,,,
,,,,,,,65535.0,65535.0,90.0
344.554,-0.5268896818161011,0.595008373260498,-1.4293336868286133,-0.11198458075523376,-0.05844864994287491,0.9847078919410706,,,
,,,,,,,65535.0,65535.0,90.0
344.564,-0.9458924531936646,0.44135499000549316,-0.9253779053688049,-0.11323925107717514,-0.0583825558423996,0.983866810798645,,,
,,,,,,,65535.0,65535.0,90.0
344.574,-1.2905590534210205,0.9901556372642517,-0.6604386568069458,-0.11617391556501389,-0.05646904930472374,0.9801636934280396,,,
,,,,,,,65535.0,65535.0,90.0
344.584,-2.906038522720337,1.4270257949829102,0.3461681008338928,-0.11334379017353058,-0.06383910775184631,0.9803069829940796,,,
,,,,,,,65535.0,65535.0,90.0
344.594,-3.378718614578247,1.2618801593780518,0.13925771415233612,-0.11921129375696182,-0.08671116083860397,0.9838979840278625,,,
,,,,,,,65535.0,65535.0,90.0
344.604,-2.952915668487549,1.427552342414856,-0.16428208351135254,-0.11560023576021194,-0.10601846128702164,0.9907494783401489,,,
,,,,,,,65535.0,65535.0,90.0
344.614,-2.2642130851745605,0.5598103404045105,-0.748910665512085,-0.11842530220746994,-0.11114862561225891,0.9936996698379517,,,
,,,,,,,65535.0,65535.0,90.0
344.624,-1.3013495206832886,0.8921818137168884,-0.6919874548912048,-0.11161108314990997,-0.10615482926368713,0.9933768510818481,,,
,,,,,,,65535.0,57000.0,90.0
344.634,-1.374630093574524,0.8045167922973633,-1.3177028894424438,-0.10846423357725143,-0.1043454185128212,0.9923945069313049,,,
,,,,,,,65535.0,57000.0,90.0
344.644,-1.8739897012710571,0.20516322553157806,-1.27980375289917,-0.11022733151912689,-0.09433987736701965,0.996332585811615,,,
,,,,,,,65535.0,57000.0,90.0
344.654,-1.9028666019439697,0.19432224333286285,-0.43840786814689636,-0.10657493025064468,-0.09056022763252258,0.9952808022499084,,,
,,,,,,,65535.0,57000.0,90.0
344.664,-2.035144329071045,-0.1262521594762802,-0.6080803275108337,-0.1174597442150116,-0.09822981804609299,1.0083787441253662,,,
,,,,,,,65535.0,57000.0,90.0
344.674,-1.7939366102218628,-1.4631909132003784,-0.28064674139022827,-0.11692772805690765,-0.0920543521642685,1.0169553756713867,,,
,,,,,,,65535.0,57000.0,90.0
344.684,-1.3302603960037231,-1.621705174446106,0.22550401091575623,-0.10979949682950974,-0.09523274004459381,0.9950783848762512,,,
,,,,,,,65535.0,57000.0,90.0
344.694,-1.885188341140747,1.2152851819992065,1.1676886081695557,-0.09804530441761017,-0.10482573509216309,0.9722327589988708,,,
,,,,,,,65535.0,57000.0,90.0
344.704,-5.1776275634765625,1.1657121181488037,0.5741550326347351,-0.10271181911230087,-0.11083921790122986,0.9907383322715759,,,
,,,,,,,65535.0,57000.0,90.0
344.714,-3.6360747814178467,-0.028002964332699776,-0.6412938833236694,-0.11048068106174469,-0.12174913287162781,1.0131020545959473,,,
,,,,,,,65535.0,42000.0,90.0
344.724,-0.12793120741844177,-0.21991115808486938,-2.415252923965454,-0.10505739599466324,-0.13693390786647797,1.0087978839874268,,,
,,,,,,,65535.0,42000.0,90.0
344.734,1.1512683629989624,0.3076072037220001,-4.5172224044799805,-0.10142318904399872,-0.13461463153362274,0.9993202686309814,,,
,,,,,,,65535.0,42000.0,90.0
344.744,2.4907572269439697,-1.5235334634780884,-3.869218349456787,-0.11939318478107452,-0.11342690885066986,1.022457242012024,,,
,,,,,,,65535.0,42000.0,90.0
344.754,3.799978494644165,-4.751648426055908,-1.3062949180603027,-0.13631995022296906,-0.07825213670730591,1.0291014909744263,,,
,,,,,,,65535.0,42000.0,90.0
344.764,3.7763404846191406,3.6358656883239746,2.0229477882385254,-0.12362726777791977,-0.07467383146286011,0.9128531813621521,,,
,,,,,,,65535.0,42000.0,90.0
344.774,-5.756669998168945,16.87596321105957,5.282140254974365,-0.06594178080558777,-0.07621259987354279,0.8421341180801392,,,
,,,,,,,65535.0,42000.0,90.0
344.784,-29.57612419128418,5.244104862213135,1.470058798789978,-0.11462923884391785,-0.11913861334323883,1.0400397777557373,,,
,,,,,,,65535.0,42000.0,90.0
344.794,-6.116183280944824,0.9465805292129517,-4.481760025024414,-0.14000922441482544,-0.20908382534980774,1.1063014268875122,,,
,,,,,,,65535.0,35000.0,90.0
344.804,21.845964431762695,0.8098300695419312,-12.413102149963379,-0.09741436690092087,-0.24640868604183197,1.074273705482483,,,
,,,,,,,65535.0,35000.0,90.0
344.814,17.940649032592773,-2.820554494857788,-13.923625946044922,-0.11233680695295334,-0.0988791435956955,1.0214935541152954,,,
,,,,,,,65535.0,35000.0,90.0
344.824,0.628594160079956,-2.0468931198120117,0.21732531487941742,-0.16871023178100586,0.09895021468400955,0.9313268065452576,,,
,,,,,,,65535.0,35000.0,90.0
344.834,-12.034943580627441,14.00402545928955,15.416821479797363,-0.1615525484085083,0.05221250280737877,0.819950520992279,,,
,,,,,,,65535.0,35000.0,90.0
344.844,-30.078330993652344,7.029770374298096,9.843973159790039,-0.11796797066926956,-0.1853702962398529,0.9660928845405579,,,
,,,,,,,65535.0,35000.0,90.0
344.854,-6.569272518157959,1.4620388746261597,-2.474334478378296,-0.12753482162952423,-0.29384517669677734,1.1019184589385986,,,
,,,,,,,65535.0,35000.0,90.0
344.864,27.527069091796875,-1.4189664125442505,-7.548581600189209,-0.11812906712293625,-0.195713609457016,1.1179465055465698,,,
,,,,,,,65535.0,35000.0,90.0
344.874,18.678550720214844,-2.7476820945739746,-4.403011798858643,-0.13334278762340546,-0.022326314821839333,1.0018705129623413,,,
,,,,,,,65535.0,35000.0,90.0
344.884,-10.878410339355469,1.6489520072937012,7.81667423248291,-0.15536287426948547,0.0927942767739296,0.8480030298233032,,,
,,,,,,,65535.0,37000.0,90.0
344.894,-21.21930694580078,8.606599807739258,14.901342391967773,-0.14952683448791504,-0.02666737325489521,0.8523427248001099,,,
,,,,,,,65535.0,37000.0,90.0
344.904,-8.75197982788086,7.096059322357178,7.2336273193359375,-0.12302666902542114,-0.23160089552402496,1.0005778074264526,,,
,,,,,,,65535.0,37000.0,90.0
344.914,4.828211307525635,-1.9464248418807983,-2.5393381118774414,-0.12295229732990265,-0.24481402337551117,1.115043044090271,,,
,,,,,,,65535.0,37000.0,90.0
344.924,11.675006866455078,-4.961663722991943,-3.072010040283203,-0.13400979340076447,-0.0974767878651619,1.0542752742767334,,,
,,,,,,,65535.0,37000.0,90.0
344.934,1.6868497133255005,0.3103954493999481,3.342072010040283,-0.13950267434120178,-0.020719321444630623,0.9148451089859009,,,
,,,,,,,65535.0,37000.0,90.0
344.944,-9.446481704711914,1.773197054862976,5.862363338470459,-0.14016151428222656,-0.07760319858789444,0.9179986119270325,,,
,,,,,,,65535.0,37000.0,90.0
344.954,-2.89633846282959,2.069973945617676,4.474885940551758,-0.13671033084392548,-0.15419220924377441,0.9955598711967468,,,
,,,,,,,65535.0,37000.0,90.0
344.964,1.627432107925415,-3.415945053100586,-0.6920474767684937,-0.12054450809955597,-0.16954205930233002,1.062622308731079,,,
,,,,,,,65535.0,37000.0,90.0
344.974,4.473591327667236,-6.399355411529541,-2.887941360473633,-0.1232721209526062,-0.11625848710536957,1.026371717453003,,,
,,,,,,,65535.0,42000.0,90.0
344.984,6.7571635246276855,-2.7899506092071533,-0.5026301741600037,-0.11993492394685745,-0.0688713937997818,0.9518038034439087,,,
,,,,,,,65535.0,42000.0,90.0
344.994,-1.8738871812820435,-2.3450634479522705,0.5016841292381287,-0.11514364928007126,-0.07759398221969604,0.9601665735244751,,,
,,,,,,,65535.0,42000.0,90.0
345.004,-6.077050685882568,-2.267658233642578,0.5879884958267212,-0.11805927753448486,-0.09094636142253876,0.9941133856773376,,,
,,,,,,,65535.0,42000.0,90.0
345.014,-0.256220281124115,-5.4210429191589355,-1.0434094667434692,-0.11374296993017197,-0.11134206503629684,1.0376936197280884,,,
,,,,,,,65535.0,42000.0,90.0
345.024,9.63711166381836,-3.1680777072906494,-2.072561502456665,-0.11464088410139084,-0.12085121870040894,1.0094603300094604,,,
,,,,,,,65535.0,42000.0,90.0
345.034,3.810715913772583,-2.39097261428833,-0.8701179027557373,-0.10500011593103409,-0.07938593626022339,0.977304995059967,,,
,,,,,,,65535.0,42000.0,90.0
345.044,-6.3874030113220215,-2.416947364807129,1.7757954597473145,-0.12521329522132874,-0.049177151173353195,0.9637405276298523,,,
,,,,,,,65535.0,42000.0,90.0
345.054,-3.2728567123413086,2.17582106590271,4.258803844451904,-0.121027372777462,-0.08182080090045929,0.9457796812057495,,,
,,,,,,,65535.0,42000.0,90.0
345.064,-0.7458827495574951,1.1566338539123535,1.07582426071167,-0.1094493642449379,-0.14447030425071716,0.990127682685852,,,
,,,,,,,65535.0,48000.0,90.0
345.074,0.2182205766439438,-1.3493801355361938,-2.4578795433044434,-0.11643671989440918,-0.13081446290016174,1.0163705348968506,,,
,,,,,,,65535.0,48000.0,90.0
345.084,1.874577522277832,2.668151617050171,-0.2093110829591751,-0.12231580168008804,-0.07444415241479874,0.9760572910308838,,,
,,,,,,,65535.0,48000.0,90.0
345.094,-4.773090839385986,1.5416007041931152,0.2513250410556793,-0.11578898876905441,-0.07764258235692978,0.9767462611198425,,,
,,,,,,,65535.0,48000.0,90.0
345.104,-0.7754300236701965,-0.16907964646816254,0.029401540756225586,-0.12291174381971359,-0.10647888481616974,1.010798692703247,,,
,,,,,,,65535.0,48000.0,90.0
345.114,5.5079345703125,0.07659812271595001,0.45513519644737244,-0.11627043038606644,-0.09924694895744324,1.0189597606658936,,,
,,,,,,,65535.0,48000.0,90.0
345.124,-0.18749362230300903,0.8352395296096802,2.788536310195923,-0.11002865433692932,-0.06395666301250458,0.9738678336143494,,,
,,,,,,,65535.0,48000.0,90.0
345.134,-8.887661933898926,2.523822069168091,6.201920986175537,-0.12119186669588089,-0.05246438458561897,0.946835458278656,,,
,,,,,,,65535.0,48000.0,90.0
345.144,-7.65378999710083,2.5689899921417236,6.286790370941162,-0.12599249184131622,-0.11869392544031143,0.9895071983337402,,,
,,,,,,,65535.0,54000.0,90.0
345.154,-0.972916841506958,-0.35932284593582153,1.0787808895111084,-0.11589709669351578,-0.1804276406764984,1.040455937385559,,,
,,,,,,,65535.0,54000.0,90.0
345.164,3.007807731628418,-2.326294183731079,-2.415433168411255,-0.11509587615728378,-0.1490013301372528,1.0286582708358765,,,
,,,,,,,65535.0,54000.0,90.0
345.174,1.6153136491775513,-2.224334239959717,-1.542366623878479,-0.1186230331659317,-0.08822916448116302,0.98086017370224,,,
,,,,,,,65535.0,54000.0,90.0
345.184,-3.0457701683044434,2.245389223098755,-0.43461281061172485,-0.12491308152675629,-0.08261466026306152,0.939150333404541,,,
,,,,,,,65535.0,54000.0,90.0
345.194,-5.224627494812012,0.08859686553478241,-1.1954197883605957,-0.12052089720964432,-0.11705294251441956,0.9846212863922119,,,
,,,,,,,65535.0,54000.0,90.0
345.204,1.0895049571990967,-1.16976797580719,-2.8031184673309326,-0.12756384909152985,-0.12703348696231842,1.028388500213623,,,
,,,,,,,65535.0,54000.0,90.0
345.214,5.53779411315918,-1.8092683553695679,-1.8779100179672241,-0.12324579805135727,-0.10018357634544373,1.011978268623352,,,
,,,,,,,65535.0,54000.0,90.0
345.224,1.377467155456543,-0.53849196434021,0.08547750115394592,-0.12243387848138809,-0.07170266658067703,0.9550286531448364,,,
,,,,,,,65535.0,56000.0,90.0
345.234,-4.787468433380127,1.5501441955566406,3.070141315460205,-0.1214260384440422,-0.06361323595046997,0.94346022605896,,,
,,,,,,,65535.0,56000.0,90.0
345.244,-4.617021083831787,2.419123411178589,4.0162787437438965,-0.12018539011478424,-0.10325085371732712,0.989783763885498,,,
,,,,,,,65535.0,56000.0,90.0
345.254,-1.2386146783828735,-0.3883951008319855,1.260576605796814,-0.11562980711460114,-0.14213977754116058,1.0316060781478882,,,
,,,,,,,65535.0,56000.0,90.0
345.264,2.5699381828308105,-0.8977696895599365,-0.5559739470481873,-0.10945302993059158,-0.13064314424991608,1.0176150798797607,,,
,,,,,,,65535.0,56000.0,90.0
345.274,1.686375379562378,-0.7011656761169434,-0.8834390640258789,-0.10505257546901703,-0.09997325390577316,0.9924348592758179,,,
,,,,,,,65535.0,56000.0,90.0
345.284,-1.095868468284607,-1.1034729480743408,-0.8763911724090576,-0.11362653225660324,-0.09370610862970352,0.9792476296424866,,,
,,,,,,,65535.0,56000.0,90.0
345.294,0.31449607014656067,-0.27227550745010376,-0.8627307415008545,-0.12323059886693954,-0.10640784353017807,0.986038327217102,,,
,,,,,,,65535.0,56000.0,90.0
345.304,0.6892130970954895,-0.6502336263656616,-0.17944283783435822,-0.12278220802545547,-0.10965926200151443,0.9963175058364868,,,
,,,,,,,65535.0,56000.0,90.0
345.314,-0.8233075141906738,-0.028400801122188568,-0.09809014946222305,-0.12471878528594971,-0.10261177271604538,0.9850435256958008,,,
,,,,,,,65535.0,57000.0,90.0
345.324,-1.8248560428619385,0.9339972138404846,1.2309281826019287,-0.12733213603496552,-0.10045739263296127,0.9719042181968689,,,
,,,,,,,65535.0,57000.0,90.0
345.334,-1.3122940063476562,1.906750202178955,1.28335440158844,-0.1320505142211914,-0.11991576850414276,0.9812842607498169,,,
,,,,,,,65535.0,57000.0,90.0
345.344,-0.7520454525947571,1.0684970617294312,-0.05860821157693863,-0.130583718419075,-0.13262154161930084,0.9922493696212769,,,
,,,,,,,65535.0,57000.0,90.0
345.354,0.3799097537994385,0.9242091178894043,-0.9428468346595764,-0.12531958520412445,-0.129273921251297,0.990519642829895,,,
,,,,,,,65535.0,57000.0,90.0
345.364,1.5286449193954468,0.6844018697738647,-1.3722938299179077,-0.1267920732498169,-0.1185096949338913,0.9869140386581421,,,
,,,,,,,65535.0,57000.0,90.0
345.374,1.635388731956482,0.18036703765392303,-1.200864315032959,-0.12113466113805771,-0.10582779347896576,0.9948225021362305,,,
,,,,,,,65535.0,57000.0,90.0
345.384,1.260581135749817,-0.16040965914726257,-0.6835804581642151,-0.11617016792297363,-0.09565681964159012,0.9965301156044006,,,
,,,,,,,65535.0,57000.0,90.0
345.394,0.8954741954803467,-0.4600832760334015,0.48947057127952576,-0.11425373703241348,-0.08792931586503983,0.9934254288673401,,,
,,,,,,,65535.0,57000.0,90.0
345.404,0.01872148923575878,-0.07303537428379059,1.902457594871521,-0.11381301283836365,-0.08270006626844406,0.9938267469406128,,,
,,,,,,,65535.0,59000.0,90.0
345.414,-0.6064341068267822,-0.3563368618488312,2.641505241394043,-0.11663765460252762,-0.0919596403837204,0.9946070313453674,,,
,,,,,,,65535.0,59000.0,90.0
345.424,-0.7712732553482056,0.6425719261169434,2.6007328033447266,-0.11697225272655487,-0.10949204862117767,0.9914225339889526,,,
,,,,,,,65535.0,59000.0,90.0
345.434,-0.38233184814453125,-1.1547555923461914,1.784474492073059,-0.12095531076192856,-0.11687413603067398,0.9955484867095947,,,
,,,,,,,65535.0,59000.0,90.0
345.444,0.403181791305542,-1.2542532682418823,0.7042415738105774,-0.12394370883703232,-0.12044726312160492,0.9872024655342102,,,
,,,,,,,65535.0,59000.0,90.0
345.454,1.869632601737976,-0.3840263783931732,0.3214578330516815,-0.12246000021696091,-0.12488552182912827,0.9788017272949219,,,
,,,,,,,65535.0,59000.0,90.0
345.464,0.6621238589286804,0.20640495419502258,-0.2865329384803772,-0.1227918416261673,-0.1194014698266983,0.9836907982826233,,,
,,,,,,,65535.0,59000.0,90.0
345.474,0.6682054400444031,0.5284755825996399,0.2660883665084839,-0.12313906103372574,-0.10401542484760284,0.9816049933433533,,,
,,,,,,,65535.0,59000.0,90.0
345.484,0.761996328830719,0.7067771553993225,0.13673745095729828,-0.1207701712846756,-0.09922441840171814,0.9808167219161987,,,
,,,,,,,65535.0,61000.0,90.0
345.494,0.13805052638053894,1.448593258857727,0.6252749562263489,-0.12118334323167801,-0.09543520212173462,0.9756991863250732,,,
,,,,,,,65535.0,61000.0,90.0
345.504,-0.32861313223838806,1.4744341373443604,1.219815969467163,-0.11219659447669983,-0.08862224221229553,0.9866752624511719,,,
,,,,,,,65535.0,61000.0,90.0
345.514,-1.3266420364379883,1.6619707345962524,0.9442446827888489,-0.11029274016618729,-0.09715483337640762,0.9998013377189636,,,
,,,,,,,65535.0,61000.0,90.0
345.524,-1.360644817352295,0.9643190503120422,0.5231835246086121,-0.11199045926332474,-0.10689518600702286,0.9960787296295166,,,
,,,,,,,65535.0,61000.0,90.0
345.534,-0.6526810526847839,0.5030467510223389,-0.024208270013332367,-0.11289413273334503,-0.10557879507541656,0.9946012496948242,,,
,,,,,,,65535.0,61000.0,90.0
345.544,0.07263218611478806,0.36146748065948486,-0.2560529112815857,-0.12051790952682495,-0.10181645303964615,0.9974179863929749,,,
,,,,,,,65535.0,61000.0,90.0
345.554,-0.5414189100265503,0.052702780812978745,-0.33707955479621887,-0.11934823542833328,-0.10456106811761856,0.9965919256210327,,,
,,,,,,,65535.0,61000.0,90.0
345.564,-1.046055793762207,0.03347591683268547,-0.3465151786804199,-0.11855562031269073,-0.10607144236564636,0.9901039004325867,,,
,,,,,,,65535.0,62000.0,90.0
345.574,-1.2618763446807861,0.5847921967506409,0.2198079228401184,-0.12028273195028305,-0.1008862555027008,0.9881818294525146,,,
,,,,,,,65535.0,62000.0,90.0
345.584,-0.7320405840873718,0.7621679306030273,0.5566694140434265,-0.12422440946102142,-0.09881634265184402,0.9852814078330994,,,
,,,,,,,65535.0,62000.0,90.0
345.594,-1.3507004976272583,0.8504703044891357,0.926776111125946,-0.12593452632427216,-0.102919802069664,0.9856186509132385,,,
,,,,,,,65535.0,62000.0,90.0
345.604,-2.339484930038452,1.362621545791626,1.4202786684036255,-0.12762677669525146,-0.0998762845993042,0.9789370894432068,,,
,,,,,,,65535.0,62000.0,90.0
345.614,-1.927276372909546,1.6594222784042358,1.2522212266921997,-0.1226845309138298,-0.1029842272400856,0.9868137240409851,,,
,,,,,,,65535.0,62000.0,90.0
345.624,-1.5110609531402588,1.0682772397994995,0.8359827399253845,-0.11924437433481216,-0.11188332736492157,0.9908214807510376,,,
,,,,,,,65535.0,62000.0,90.0
345.634,-0.6512897610664368,1.480380892753601,0.021398521959781647,-0.1210932806134224,-0.10492415726184845,0.9822478890419006,,,
,,,,,,,65535.0,62000.0,90.0
345.644,-1.0629328489303589,1.2406542301177979,-0.20863822102546692,-0.12316720932722092,-0.09476102888584137,0.9794833064079285,,,
,,,,,,,65535.0,62000.0,90.0
345.654,-2.5742571353912354,1.6249661445617676,0.16996198892593384,-0.12478016316890717,-0.0931512787938118,0.979106068611145,,,
,,,,,,,65535.0,62000.0,90.0
345.664,-2.2848687171936035,1.5444189310073853,0.49746865034103394,-0.12598156929016113,-0.09812886267900467,0.9855813980102539,,,
,,,,,,,65535.0,62000.0,90.0
345.674,-2.2012417316436768,1.3604328632354736,0.2888442575931549,-0.12538233399391174,-0.10723207145929337,0.9947187900543213,,,
,,,,,,,65535.0,62000.0,90.0
345.684,-1.9684587717056274,0.9358946084976196,-0.12444640696048737,-0.12458643317222595,-0.1109103113412857,0.9985843300819397,,,
,,,,,,,65535.0,62000.0,90.0
345.694,-1.1422288417816162,0.8004231452941895,0.13254044950008392,-0.1262979954481125,-0.10767821967601776,0.9969265460968018,,,
,,,,,,,65535.0,62000.0,90.0
345.704,-1.1525495052337646,0.7969523072242737,0.36565977334976196,-0.12401816248893738,-0.11403175443410873,0.9985764622688293,,,
,,,,,,,65535.0,62000.0,90.0
345.714,-0.85480135679245,0.5699877738952637,-0.2772941589355469,-0.1235712394118309,-0.1199740543961525,0.9963364601135254,,,
,,,,,,,65535.0,62000.0,90.0
345.724,-0.45895758271217346,0.04238414019346237,-0.7159531116485596,-0.1282086819410324,-0.1245122104883194,0.9862881302833557,,,
,,,,,,,65535.0,62000.0,90.0
345.734,-0.23575147986412048,0.1267877221107483,-1.153164029121399,-0.12838368117809296,-0.12906861305236816,0.9836037755012512,,,
,,,,,,,65535.0,62000.0,90.0
345.744,0.04686115309596062,0.2986154556274414,-1.8634895086288452,-0.13153158128261566,-0.12947210669517517,0.9864736199378967,,,
,,,,,,,65535.0,62000.0,90.0
345.754,0.5742489695549011,0.10201069712638855,-2.0643818378448486,-0.13739493489265442,-0.12442632764577866,0.9857965111732483,,,
,,,,,,,65535.0,62000.0,90.0
345.764,0.13197705149650574,0.0864984393119812,-1.8499501943588257,-0.13892672955989838,-0.12313784658908844,0.9843431115150452,,,
,,,,,,,65535.0,62000.0,90.0
345.774,0.8988982439041138,0.22555609047412872,-1.352109432220459,-0.1384880691766739,-0.12117639183998108,0.9889898896217346,,,
,,,,,,,65535.0,62000.0,90.0
345.784,0.6800944805145264,0.2684307396411896,-0.8046942949295044,-0.13760791718959808,-0.11894872784614563,0.9929293990135193,,,
,,,,,,,65535.0,62000.0,90.0
345.794,0.8522027730941772,0.14060990512371063,-0.11334481835365295,-0.13687489926815033,-0.11442479491233826,0.9899420142173767,,,
,,,,,,,65535.0,62000.0,90.0
345.804,1.130841612815857,-0.09991110116243362,0.6749997138977051,-0.13439112901687622,-0.11755404621362686,0.9881228804588318,,,
,,,,,,,65535.0,62000.0,90.0
345.814,1.5157630443572998,-0.22308717668056488,1.1326813697814941,-0.13309282064437866,-0.12197627127170563,0.9918750524520874,,,
,,,,,,,65535.0,62000.0,90.0
345.824,2.1397693157196045,-1.0081955194473267,1.2556097507476807,-0.1344243437051773,-0.12482821196317673,0.996055006980896,,,
,,,,,,,65535.0,62000.0,90.0
345.834,2.6757302284240723,-0.9991821646690369,1.7954663038253784,-0.13072353601455688,-0.12122398614883423,0.992579460144043,,,
,,,,,,,65535.0,64000.0,90.0
345.844,2.237769365310669,-1.0773401260375977,1.8465263843536377,-0.1297304332256317,-0.11569682508707047,0.9894503951072693,,,
,,,,,,,65535.0,64000.0,90.0
345.854,1.7444469928741455,-1.5800336599349976,2.0137908458709717,-0.12678423523902893,-0.11217448115348816,0.9897388815879822,,,
,,,,,,,65535.0,64000.0,90.0
345.864,1.9921205043792725,-0.9135764837265015,2.0029351711273193,-0.12486020475625992,-0.11352287232875824,0.9863318800926208,,,
,,,,,,,65535.0,64000.0,90.0
345.874,1.0396591424942017,-1.02104914188385,1.29088294506073,-0.11999746412038803,-0.11311601102352142,0.9884733557701111,,,
,,,,,,,65535.0,64000.0,90.0
345.884,2.2813796997070312,-0.9093234539031982,1.3099744319915771,-0.12537093460559845,-0.1081259697675705,0.9872597455978394,,,
,,,,,,,65535.0,64000.0,90.0
345.894,1.6459078788757324,-0.4814091622829437,1.2620139122009277,-0.1284022033214569,-0.10617664456367493,0.9822009801864624,,,
,,,,,,,65535.0,64000.0,90.0
345.904,1.540440320968628,-0.03339995816349983,0.780329167842865,-0.12593810260295868,-0.10785849392414093,0.9802790880203247,,,
,,,,,,,65535.0,64000.0,90.0
345.914,0.9072294235229492,-0.21105444431304932,0.45297175645828247,-0.12628698348999023,-0.10172899067401886,0.9827770590782166,,,
,,,,,,,65535.0,64000.0,90.0
345.924,1.146809697151184,0.11155328154563904,0.6386340260505676,-0.12548460066318512,-0.10069122910499573,0.9831159710884094,,,
,,,,,,,65535.0,65535.0,90.0
345.934,0.7356187701225281,0.6804224848747253,0.4159000515937805,-0.12373040616512299,-0.09977346658706665,0.9825096726417542,,,
,,,,,,,65535.0,65535.0,90.0
345.944,0.9604030847549438,0.22777342796325684,0.5116850733757019,-0.12351051717996597,-0.09295583516359329,0.9881851077079773,,,
,,,,,,,65535.0,65535.0,90.0
345.954,1.1371254920959473,-0.20865866541862488,0.6360660195350647,-0.1246584951877594,-0.08886262774467468,0.9911882877349854,,,
,,,,,,,65535.0,65535.0,90.0
345.964,0.7310789227485657,0.40174436569213867,0.815162181854248,-0.12249961495399475,-0.08480826765298843,0.9892218708992004,,,
,,,,,,,65535.0,65535.0,90.0
345.974,0.9535272121429443,-0.387107253074646,1.4131542444229126,-0.12063165754079819,-0.08089593052864075,0.9900484085083008,,,
,,,,,,,65535.0,65535.0,90.0
345.984,0.33716151118278503,-0.6718662977218628,1.3698936700820923,-0.12093698233366013,-0.07931096851825714,0.9888785481452942,,,
,,,,,,,65535.0,65535.0,90.0
345.994,0.6440269947052002,-1.1516458988189697,1.50661039352417,-0.1216774731874466,-0.08489067852497101,0.9923997521400452,,,
,,,,,,,65535.0,65535.0,90.0
346.004,0.7234933972358704,-0.9685695171356201,1.4106113910675049,-0.11486492305994034,-0.09574867784976959,0.9947831630706787,,,
,,,,,,,65535.0,65535.0,90.0
346.014,0.5037977695465088,-1.1685255765914917,0.8115185499191284,-0.11059831082820892,-0.09688373655080795,0.9986544251441956,,,
,,,,,,,65535.0,65535.0,90.0
346.024,0.5276622772216797,-1.0685949325561523,0.6177606582641602,-0.10870083421468735,-0.0954137071967125,0.9941296577453613,,,
,,,,,,,65535.0,65535.0,90.0
346.034,0.5326574444770813,-0.7927880883216858,0.060844626277685165,-0.1125059574842453,-0.10459380596876144,0.9927599430084229,,,
,,,,,,,65535.0,65535.0,90.0
346.044,0.33747005462646484,-0.3739859461784363,-0.6345778107643127,-0.11376068741083145,-0.11388993263244629,0.9883652329444885,,,
,,,,,,,65535.0,65535.0,90.0
346.054,0.1418207883834839,-0.009440073743462563,-0.9400652050971985,-0.11746872216463089,-0.11748103052377701,0.9871747493743896,,,
,,,,,,,65535.0,65535.0,90.0
346.064,0.34313300251960754,0.625334620475769,-1.6031477451324463,-0.12664587795734406,-0.1168506070971489,0.9853752255439758,,,
,,,,,,,65535.0,65535.0,90.0
346.074,0.878642737865448,0.7669828534126282,-1.7278510332107544,-0.12854163348674774,-0.11742400377988815,0.9888154864311218,,,
,,,,,,,65535.0,65535.0,90.0
346.084,0.5357994437217712,0.6804676651954651,-1.8547382354736328,-0.1268749237060547,-0.11225053668022156,0.9897106289863586,,,
,,,,,,,65535.0,65535.0,90.0
346.094,0.8310027122497559,0.903770387172699,-1.695857286453247,-0.12447639554738998,-0.10259821265935898,0.9878305792808533,,,
,,,,,,,65535.0,65535.0,90.0
346.104,1.0375306606292725,1.2512736320495605,-1.3341766595840454,-0.12351997196674347,-0.0923469290137291,0.9907755851745605,,,
,,,,,,,65535.0,65535.0,90.0
346.114,0.4055922329425812,1.2046551704406738,-1.0801994800567627,-0.12642034888267517,-0.08478949218988419,0.9924875497817993,,,
,,,,,,,65535.0,65535.0,90.0
346.124,-0.22206063568592072,0.7428127527236938,-0.16247908771038055,-0.1282709240913391,-0.081473208963871,0.9845487475395203,,,
,,,,,,,65535.0,65535.0,90.0
346.134,-1.4809136390686035,1.103799819946289,0.17434842884540558,-0.1262594759464264,-0.08534916490316391,0.9829030632972717,,,
,,,,,,,65535.0,65535.0,90.0
346.144,-1.7037668228149414,1.6039384603500366,0.5735808610916138,-0.13001984357833862,-0.09365987777709961,0.9854502081871033,,,
,,,,,,,65535.0,65535.0,90.0
346.154,-1.232043743133545,1.090494155883789,1.0111215114593506,-0.13234280049800873,-0.10620421916246414,0.9886161088943481,,,
,,,,,,,65535.0,65535.0,90.0
346.164,-0.6488820314407349,0.9881772994995117,0.6375392079353333,-0.12739022076129913,-0.11263853311538696,0.9850680232048035,,,
,,,,,,,65535.0,65535.0,90.0
346.174,-0.7451496124267578,1.4145840406417847,0.4526623487472534,-0.12758280336856842,-0.11003502458333969,0.9822859764099121,,,
,,,,,,,65535.0,65535.0,90.0
346.184,-0.36086365580558777,1.238785743713379,0.29376929998397827,-0.1273302286863327,-0.1052224263548851,0.9892874360084534,,,
,,,,,,,65535.0,65535.0,90.0
346.194,-0.1533433496952057,1.0980160236358643,0.102462038397789,-0.12885992228984833,-0.11241421103477478,0.9955959320068359,,,
,,,,,,,65535.0,65535.0,90.0
346.204,0.3891075551509857,1.0236823558807373,0.047052234411239624,-0.1282113641500473,-0.11438877135515213,0.9937460422515869,,,
,,,,,,,65535.0,65535.0,90.0
346.214,-0.09589832276105881,0.6114773750305176,-0.24560514092445374,-0.12381240725517273,-0.10624956339597702,0.9940981864929199,,,
,,,,,,,65535.0,65535.0,90.0
346.224,0.04502808302640915,0.4204569458961487,-0.17546680569648743,-0.1247880756855011,-0.10158080607652664,0.9907880425453186,,,
,,,,,,,65535.0,65535.0,90.0
346.234,0.03052646294236183,0.3317188024520874,-0.17932087182998657,-0.12633375823497772,-0.09793014824390411,0.9875869154930115,,,
,,,,,,,65535.0,65535.0,90.0
346.244,-0.49988240003585815,0.07908790558576584,0.10459134727716446,-0.12830419838428497,-0.09028501808643341,0.9828926920890808,,,
,,,,,,,65535.0,65535.0,90.0
346.254,-0.3457733690738678,0.14746199548244476,-0.13297657668590546,-0.1285417079925537,-0.09049981087446213,0.9811469316482544,,,
,,,,,,,65535.0,65535.0,90.0
346.264,-0.29225096106529236,0.1905827820301056,-0.11825088411569595,-0.1293899118900299,-0.09498179703950882,0.9859397411346436,,,
,,,,,,,65535.0,65535.0,90.0
346.274,-0.9432347416877747,-0.12927332520484924,-0.2035256028175354,-0.1263013333082199,-0.09311161935329437,0.9819933772087097,,,
,,,,,,,65535.0,65535.0,90.0
346.284,-1.7284692525863647,0.4773276150226593,0.23551993072032928,-0.12494444102048874,-0.09079194813966751,0.9758423566818237,,,
,,,,,,,65535.0,65535.0,90.0
346.294,-1.5448139905929565,0.62227863073349,0.02906585857272148,-0.12892915308475494,-0.09932270646095276,0.9804057478904724,,,
,,,,,,,65535.0,65535.0,90.0
346.304,-2.0387508869171143,0.39131784439086914,0.1611165851354599,-0.1315992921590805,-0.10104599595069885,0.988071620464325,,,
,,,,,,,65535.0,65535.0,90.0
346.314,-2.2532408237457275,0.33913278579711914,0.5409693717956543,-0.13003571331501007,-0.10074659436941147,0.989105224609375,,,
,,,,,,,65535.0,65535.0,90.0
346.324,-1.576219916343689,0.9241766929626465,0.7363951802253723,-0.12979592382907867,-0.11302834004163742,0.9895399808883667,,,
,,,,,,,65535.0,65535.0,90.0
346.334,-1.6811206340789795,0.8449788093566895,0.16309049725532532,-0.13020314276218414,-0.11939425021409988,0.9909701943397522,,,
,,,,,,,65535.0,65535.0,90.0
346.344,-0.9989641904830933,0.1521650105714798,0.03452981635928154,-0.1318226456642151,-0.11329206079244614,0.9953150749206543,,,
,,,,,,,65535.0,65535.0,90.0
346.354,-1.4848424196243286,0.4760044813156128,0.34525030851364136,-0.13296036422252655,-0.10828248411417007,0.9901808500289917,,,
,,,,,,,65535.0,65535.0,90.0
346.364,-1.3831344842910767,0.8231613039970398,0.3776170313358307,-0.13160394132137299,-0.10515303909778595,0.9889508485794067,,,
,,,,,,,65535.0,65535.0,90.0
346.374,-1.9776617288589478,0.8951793909072876,0.5501229166984558,-0.12804019451141357,-0.09899590909481049,0.986505389213562,,,
,,,,,,,65535.0,65535.0,90.0
346.384,-1.3387515544891357,0.31281644105911255,0.5708096027374268,-0.1257067173719406,-0.0938435047864914,0.9842333197593689,,,
,,,,,,,65535.0,65535.0,90.0
346.394,-1.9367483854293823,0.5813051462173462,0.5604532957077026,-0.12743134796619415,-0.09794646501541138,0.9842321872711182,,,
,,,,,,,65535.0,65535.0,90.0
346.404,-2.208138942718506,1.131550908088684,0.9383590221405029,-0.12452295422554016,-0.10047177225351334,0.9858419895172119,,,
,,,,,,,65535.0,65535.0,90.0
346.414,-3.0198309421539307,1.3201124668121338,1.3063465356826782,-0.1258489042520523,-0.10202014446258545,0.9861374497413635,,,
,,,,,,,65535.0,65535.0,90.0
346.424,-2.965742349624634,1.3326401710510254,1.4203612804412842,-0.13035210967063904,-0.1065184623003006,0.9876815676689148,,,
,,,,,,,65535.0,65535.0,90.0
346.434,-2.389404535293579,1.5518773794174194,1.0594666004180908,-0.13199064135551453,-0.11594442278146744,0.9863178133964539,,,
,,,,,,,65535.0,65535.0,90.0
346.444,-1.250063419342041,1.362563967704773,0.49437105655670166,-0.1325225979089737,-0.12225703150033951,0.988487720489502,,,
,,,,,,,65535.0,65535.0,90.0
346.454,-1.2860045433044434,1.6402256488800049,0.04181402549147606,-0.13055038452148438,-0.1205480545759201,0.9873754382133484,,,
,,,,,,,65535.0,65535.0,90.0
346.464,-1.3468575477600098,1.724381923675537,-0.2074500173330307,-0.13024365901947021,-0.11620421707630157,0.9861094355583191,,,
,,,,,,,65535.0,65535.0,90.0
346.474,-2.1552438735961914,1.229575276374817,-0.19552214443683624,-0.1316545009613037,-0.11664634197950363,0.9886373281478882,,,
,,,,,,,65535.0,65535.0,90.0
346.484,-1.9445974826812744,1.2369719743728638,-0.613816499710083,-0.130144402384758,-0.11883312463760376,0.989123523235321,,,
,,,,,,,65535.0,65535.0,90.0
346.494,-1.8227345943450928,1.1093803644180298,-0.6999698281288147,-0.13058900833129883,-0.11855234950780869,0.9889504313468933,,,
,,,,,,,65535.0,65535.0,90.0
346.504,-1.3053839206695557,1.293419599533081,-1.1888370513916016,-0.131103977560997,-0.11693643778562546,0.9914923906326294,,,
,,,,,,,65535.0,65535.0,90.0
346.514,-1.1417962312698364,0.6868919134140015,-0.8414995074272156,-0.13149049878120422,-0.11453429609537125,0.9920022487640381,,,
,,,,,,,65535.0,65535.0,90.0
346.524,-0.8793328404426575,0.7110567688941956,-0.14665982127189636,-0.13176828622817993,-0.1190284863114357,0.989897608757019,,,
,,,,,,,65535.0,65535.0,90.0
346.534,-1.4097529649734497,0.46756669878959656,-0.45280909538269043,-0.13137343525886536,-0.1232103630900383,0.9857531189918518,,,
,,,,,,,65535.0,65535.0,90.0
346.544,-1.1769074201583862,0.25868743658065796,0.03199531510472298,-0.14100822806358337,-0.12093831598758698,0.9872859716415405,,,
,,,,,,,65535.0,65535.0,90.0
346.554,-0.9792490005493164,0.4589942693710327,0.6832817196846008,-0.14702776074409485,-0.12142159044742584,0.9886940121650696,,,
,,,,,,,65535.0,65535.0,90.0
346.564,-0.7931686639785767,0.5492863059043884,1.0327882766723633,-0.14411252737045288,-0.12025490403175354,0.9847081899642944,,,
,,,,,,,65535.0,65535.0,90.0
346.574,-0.9910982251167297,1.024004578590393,0.9258450269699097,-0.13967931270599365,-0.11378256231546402,0.9824233651161194,,,
,,,,,,,65535.0,65535.0,90.0
346.584,-1.2688597440719604,0.9148269295692444,1.2416045665740967,-0.14080384373664856,-0.11011028289794922,0.9765263795852661,,,
,,,,,,,65535.0,65535.0,90.0
346.594,-1.283481478691101,1.112331748008728,1.5064436197280884,-0.14395959675312042,-0.10567042231559753,0.9779486656188965,,,
,,,,,,,65535.0,65535.0,90.0
346.604,-1.8187758922576904,1.542698621749878,2.0016348361968994,-0.14003697037696838,-0.10260377079248428,0.9807443618774414,,,
,,,,,,,65535.0,64000.0,90.0
346.614,-1.957942008972168,1.5888657569885254,2.0471389293670654,-0.1358354687690735,-0.11165276914834976,0.987977921962738,,,
,,,,,,,65535.0,64000.0,90.0
346.624,-1.8289960622787476,1.6704074144363403,1.5624784231185913,-0.1385645717382431,-0.11992422491312027,0.990222156047821,,,
,,,,,,,65535.0,64000.0,90.0
346.634,-0.8205406069755554,1.450446367263794,1.4863688945770264,-0.13979025185108185,-0.11755798757076263,0.9853613972663879,,,
,,,,,,,65535.0,64000.0,90.0
346.644,-0.699434757232666,1.182716727256775,1.4261081218719482,-0.13789501786231995,-0.11292210221290588,0.9853758811950684,,,
,,,,,,,65535.0,64000.0,90.0
346.654,-1.0013314485549927,1.1688148975372314,1.0502464771270752,-0.1370009183883667,-0.11062023043632507,0.9826725125312805,,,
,,,,,,,65535.0,64000.0,90.0
346.664,-1.0492372512817383,0.8963572978973389,0.8843663930892944,-0.13671748340129852,-0.11184936761856079,0.985048234462738,,,
,,,,,,,65535.0,64000.0,90.0
346.674,-1.464396595954895,1.0758779048919678,0.7636440992355347,-0.13803449273109436,-0.113804392516613,0.986864447593689,,,
,,,,,,,65535.0,64000.0,90.0
346.684,-1.3028537034988403,0.38268792629241943,0.9049332737922668,-0.13793836534023285,-0.1107274517416954,0.99366694688797,,,
,,,,,,,65535.0,64000.0,90.0
346.694,-1.2633709907531738,0.34217119216918945,0.7677041292190552,-0.13261283934116364,-0.10957023501396179,0.9971405267715454,,,
,,,,,,,65535.0,61000.0,90.0
346.704,-0.6267781257629395,-0.2668457627296448,0.7920578122138977,-0.1298215240240097,-0.11206328868865967,0.9961968064308167,,,
,,,,,,,65535.0,61000.0,90.0
346.714,0.013116011396050453,-0.3365335166454315,0.5686958432197571,-0.13248427212238312,-0.11450696736574173,0.9955891370773315,,,
,,,,,,,65535.0,61000.0,90.0
346.724,0.6073625683784485,-0.992885947227478,0.5477436780929565,-0.1358327865600586,-0.1136215478181839,0.9961903691291809,,,
,,,,,,,65535.0,61000.0,90.0
346.734,1.3204151391983032,-0.8428964018821716,0.5675100684165955,-0.136536106467247,-0.11133961379528046,0.9822084903717041,,,
,,,,,,,65535.0,61000.0,90.0
346.744,0.5564804673194885,-0.28937649726867676,0.36310532689094543,-0.13244746625423431,-0.11269064247608185,0.974940299987793,,,
,,,,,,,65535.0,61000.0,90.0
346.754,-0.442374050617218,-0.06630390137434006,0.38477104902267456,-0.1321210265159607,-0.1132064014673233,0.9782254099845886,,,
,,,,,,,65535.0,61000.0,90.0
346.764,-0.21215009689331055,-0.21702735126018524,-0.06681866943836212,-0.13160251080989838,-0.1197962537407875,0.9884268045425415,,,
,,,,,,,65535.0,61000.0,90.0
346.774,0.044126346707344055,0.3157333731651306,-0.45990702509880066,-0.13061285018920898,-0.12175078690052032,0.988060712814331,,,
,,,,,,,65535.0,57000.0,90.0
346.784,-0.09027491509914398,0.24029231071472168,-0.8984742760658264,-0.1284269094467163,-0.11309713870286942,0.9866700172424316,,,
,,,,,,,65535.0,57000.0,90.0
346.794,-0.6905054450035095,0.38491275906562805,-0.7282350659370422,-0.12840887904167175,-0.10945679992437363,0.9859269857406616,,,
,,,,,,,65535.0,57000.0,90.0
346.804,-0.29237884283065796,-0.191131129860878,-0.8572641611099243,-0.1300966441631317,-0.11035361140966415,0.9957929253578186,,,
,,,,,,,65535.0,57000.0,90.0
346.814,0.6305122971534729,-0.3788517713546753,-0.7001345157623291,-0.13380856812000275,-0.1160174235701561,0.9910067319869995,,,
,,,,,,,65535.0,57000.0,90.0
346.824,0.5919187068939209,0.4518897831439972,-0.6708714365959167,-0.1331748515367508,-0.12008213996887207,0.9726024866104126,,,
,,,,,,,65535.0,57000.0,90.0
346.834,-1.5472804307937622,0.7165377140045166,0.28892165422439575,-0.1405973732471466,-0.11582358926534653,0.9815037250518799,,,
,,,,,,,65535.0,57000.0,90.0
346.844,-1.3603472709655762,0.1930639147758484,0.36050161719322205,-0.14143410325050354,-0.11921976506710052,0.99587082862854,,,
,,,,,,,65535.0,57000.0,90.0
346.854,-0.1918005496263504,-0.31569355726242065,-0.6651282906532288,-0.13670668005943298,-0.12685464322566986,0.9997743964195251,,,
,,,,,,,65535.0,54000.0,90.0
346.864,0.8797792792320251,-0.6340116858482361,-1.7008568048477173,-0.13174299895763397,-0.12673650681972504,0.9896637201309204,,,
,,,,,,,65535.0,54000.0,90.0
346.874,1.0019266605377197,-0.1669417768716812,-1.1337474584579468,-0.13806477189064026,-0.11151542514562607,0.9861217141151428,,,
,,,,,,,65535.0,54000.0,90.0
346.884,0.1276407092809677,-1.5952725410461426,-0.5073075890541077,-0.1459781974554062,-0.10070390999317169,0.9930669665336609,,,
,,,,,,,65535.0,54000.0,90.0
346.894,-0.13738544285297394,-0.42554888129234314,1.1607779264450073,-0.14978335797786713,-0.10540159791707993,0.9719845056533813,,,
,,,,,,,65535.0,54000.0,90.0
346.904,-0.7924273610115051,2.1013898849487305,1.7081751823425293,-0.1400061547756195,-0.11543363332748413,0.9576607346534729,,,
,,,,,,,65535.0,54000.0,90.0
346.914,-2.6352553367614746,1.9734004735946655,1.0736019611358643,-0.1408698409795761,-0.12331122905015945,0.982042670249939,,,
,,,,,,,65535.0,54000.0,90.0
346.924,-0.874639630317688,0.5284054279327393,0.39827847480773926,-0.1507960855960846,-0.1276092529296875,1.0051662921905518,,,
,,,,,,,65535.0,54000.0,90.0
346.934,1.585852861404419,-0.24060608446598053,-0.588848888874054,-0.1475886106491089,-0.13042090833187103,0.9967542886734009,,,
,,,,,,,65535.0,54000.0,90.0
346.944,2.0615084171295166,-0.833283007144928,-1.4526817798614502,-0.1401674598455429,-0.12385449558496475,0.9832882285118103,,,
,,,,,,,65535.0,54000.0,90.0
346.954,2.6097733974456787,-0.6184311509132385,-1.01274573802948,-0.13605041801929474,-0.10140183568000793,0.9816620349884033,,,
,,,,,,,65535.0,54000.0,90.0
346.964,0.6598515510559082,-1.212862253189087,0.26935312151908875,-0.13460411131381989,-0.08135475218296051,0.9828104972839355,,,
,,,,,,,65535.0,54000.0,90.0
346.974,-0.671220064163208,-0.10918499529361725,1.4154835939407349,-0.13313382863998413,-0.08142665028572083,0.978356122970581,,,
,,,,,,,65535.0,54000.0,90.0
346.984,-0.9738749265670776,0.7480402588844299,1.9538350105285645,-0.13195858895778656,-0.09876532107591629,0.9803357124328613,,,
,,,,,,,65535.0,54000.0,90.0
346.994,-1.730004072189331,0.061504725366830826,1.5998467206954956,-0.13390928506851196,-0.1121993362903595,0.990869402885437,,,
,,,,,,,65535.0,54000.0,90.0
347.004,-1.0058168172836304,-1.3114827871322632,1.2822000980377197,-0.13840200006961823,-0.11768100410699844,0.9957787990570068,,,
,,,,,,,65535.0,54000.0,90.0
347.014,-0.08198784291744232,-0.5022101402282715,1.0552771091461182,-0.13676369190216064,-0.12657363712787628,0.9900285005569458,,,
,,,,,,,65535.0,54000.0,90.0
347.024,0.5007177591323853,-0.9647920727729797,-0.6482397317886353,-0.13114750385284424,-0.13038025796413422,0.9859300255775452,,,
,,,,,,,65535.0,53000.0,90.0
347.034,0.30864566564559937,-0.8530936241149902,-1.1943304538726807,-0.1327562779188156,-0.12026454508304596,0.9803975224494934,,,
,,,,,,,65535.0,53000.0,90.0
347.044,0.4992027282714844,-0.45635244250297546,-0.3998640179634094,-0.13437674939632416,-0.10467158257961273,0.9740952253341675,,,
,,,,,,,65535.0,53000.0,90.0
347.054,-0.05285046622157097,0.28860118985176086,-0.06225894019007683,-0.1342848688364029,-0.10213883221149445,0.9765703678131104,,,
,,,,,,,65535.0,53000.0,90.0
347.064,0.16850294172763824,0.2969277501106262,0.022276606410741806,-0.13344991207122803,-0.10934638977050781,0.9926318526268005,,,
,,,,,,,65535.0,53000.0,90.0
347.074,0.35971274971961975,0.8668203949928284,-0.1877649426460266,-0.13187308609485626,-0.11222641170024872,0.9864553213119507,,,
,,,,,,,65535.0,53000.0,90.0
347.084,-0.8348235487937927,1.5067882537841797,-0.40056952834129333,-0.12999185919761658,-0.11376773566007614,0.9802805185317993,,,
,,,,,,,65535.0,53000.0,90.0
347.094,-2.8408620357513428,0.6884690523147583,-0.5212224721908569,-0.13610516488552094,-0.11696507781744003,0.991377055644989,,,
,,,,,,,65535.0,53000.0,90.0
347.104,-0.5755190253257751,-0.2903699278831482,-1.4881470203399658,-0.14380915462970734,-0.12735427916049957,0.9995560646057129,,,
,,,,,,,65535.0,53000.0,90.0
347.114,1.485558032989502,-0.6429542303085327,-2.4496824741363525,-0.14115400612354279,-0.1348637193441391,0.99552983045578,,,
,,,,,,,65535.0,51000.0,90.0
347.124,1.2872426509857178,0.031099166721105576,-2.0757083892822266,-0.14184443652629852,-0.12033012509346008,0.9811725616455078,,,
,,,,,,,65535.0,51000.0,90.0
347.134,-0.4898447096347809,-0.20014223456382751,-0.5702729225158691,-0.14506366848945618,-0.09998006373643875,0.975533127784729,,,
,,,,,,,65535.0,51000.0,90.0
347.144,-0.7226561903953552,-0.46324673295021057,0.909586489200592,-0.14768677949905396,-0.10465610772371292,0.99019855260849,,,
,,,,,,,65535.0,51000.0,90.0
347.154,0.41831129789352417,0.3825857937335968,1.18668532371521,-0.14158524572849274,-0.1224827989935875,0.9774214029312134,,,
,,,,,,,65535.0,51000.0,90.0
347.164,0.4587607979774475,1.4981368780136108,0.9977768659591675,-0.12724001705646515,-0.12713482975959778,0.9770528078079224,,,
,,,,,,,65535.0,51000.0,90.0
347.174,-2.26216459274292,-0.21263962984085083,0.8722689747810364,-0.13498112559318542,-0.11666369438171387,1.003466010093689,,,
,,,,,,,65535.0,51000.0,90.0
347.184,0.3511614501476288,-1.544159173965454,0.2753847539424896,-0.14186526834964752,-0.12081354111433029,1.0088492631912231,,,
,,,,,,,65535.0,51000.0,90.0
347.194,3.7979843616485596,-2.0413453578948975,-0.5589903593063354,-0.13359561562538147,-0.13112564384937286,0.9975825548171997,,,
,,,,,,,65535.0,47000.0,90.0
347.204,2.91914963722229,-1.665082335472107,-0.7759729027748108,-0.13055787980556488,-0.11102939397096634,0.9826456308364868,,,
,,,,,,,65535.0,47000.0,90.0
347.214,0.8678825497627258,-0.37727755308151245,0.8570088744163513,-0.14080612361431122,-0.0832643061876297,0.9749111533164978,,,
,,,,,,,65535.0,47000.0,90.0
347.224,-0.933512270450592,-1.9969364404678345,3.1279587745666504,-0.1515488475561142,-0.08620849251747131,0.9918758869171143,,,
,,,,,,,65535.0,47000.0,90.0
347.234,0.6532439589500427,2.1007776260375977,4.108926773071289,-0.14591172337532043,-0.11064954847097397,0.9434123635292053,,,
,,,,,,,65535.0,47000.0,90.0
347.244,-3.8857150077819824,4.545433044433594,3.850860834121704,-0.12217111885547638,-0.11724403500556946,0.9437527060508728,,,
,,,,,,,65535.0,47000.0,90.0
347.254,-9.458651542663574,0.5803056955337524,1.858725666999817,-0.143833190202713,-0.1236637756228447,1.0076645612716675,,,
,,,,,,,65535.0,47000.0,90.0
347.264,1.299381136894226,-1.6402885913848877,-0.9059439301490784,-0.1444753259420395,-0.14731203019618988,1.0306049585342407,,,
,,,,,,,65535.0,47000.0,90.0
347.274,8.288640975952148,-0.895692765712738,-3.746644973754883,-0.12982378900051117,-0.14300765097141266,1.001867651939392,,,
,,,,,,,65535.0,47000.0,90.0
347.284,4.157159805297852,-0.4112679958343506,-3.1390867233276367,-0.130054771900177,-0.07529488205909729,0.9667779803276062,,,
,,,,,,,65535.0,45000.0,90.0
347.294,-3.470973014831543,0.8903848528862,1.7563426494598389,-0.14801625907421112,-0.03289379924535751,0.9524499773979187,,,
,,,,,,,65535.0,45000.0,90.0
347.304,-5.374567985534668,1.5861023664474487,4.7112956047058105,-0.1532440483570099,-0.07372494041919708,0.9689843654632568,,,
,,,,,,,65535.0,45000.0,90.0
347.314,-1.3320547342300415,4.346070766448975,3.6782329082489014,-0.1400614082813263,-0.13202446699142456,0.9696244597434998,,,
,,,,,,,65535.0,45000.0,90.0
347.324,-2.574719190597534,2.5818889141082764,0.9896103739738464,-0.12480536103248596,-0.13691718876361847,0.9977148175239563,,,
,,,,,,,65535.0,45000.0,90.0
347.334,-5.709140300750732,-2.3013811111450195,-0.933254063129425,-0.14649029076099396,-0.12217941135168076,1.029063105583191,,,
,,,,,,,65535.0,45000.0,90.0
347.344,3.3218460083007812,-2.9023349285125732,-2.321425676345825,-0.14777590334415436,-0.1286807656288147,1.0029404163360596,,,
,,,,,,,65535.0,45000.0,90.0
347.354,7.5068745613098145,-0.4419710338115692,-3.043419599533081,-0.129262313246727,-0.12988395988941193,0.9693742394447327,,,
,,,,,,,65535.0,45000.0,90.0
347.364,-1.2705104351043701,-0.5444245338439941,-1.8597569465637207,-0.13211151957511902,-0.08455250412225723,0.9684788584709167,,,
,,,,,,,65535.0,45000.0,90.0
347.374,-7.398952960968018,-0.3098178803920746,2.063950538635254,-0.14875495433807373,-0.059759773313999176,0.9662665724754333,,,
,,,,,,,65535.0,45000.0,90.0
347.384,-3.6295831203460693,1.1955206394195557,2.2712297439575195,-0.14440761506557465,-0.1259644627571106,0.9763562679290771,,,
,,,,,,,65535.0,45000.0,90.0
347.394,0.4969343841075897,-0.10358653217554092,-1.6537646055221558,-0.13305546343326569,-0.17503029108047485,1.0116928815841675,,,
,,,,,,,65535.0,45000.0,90.0
347.404,2.7994728088378906,-2.9914863109588623,-3.811112880706787,-0.13962477445602417,-0.14429597556591034,1.0252439975738525,,,
,,,,,,,65535.0,45000.0,90.0
347.414,3.0168094635009766,-3.166386127471924,-1.4911249876022339,-0.15128839015960693,-0.09721065312623978,0.9842983484268188,,,
,,,,,,,65535.0,45000.0,90.0
347.424,-0.17850850522518158,0.06796368211507797,1.2512685060501099,-0.1469145268201828,-0.09691120684146881,0.942602813243866,,,
,,,,,,,65535.0,45000.0,90.0
347.434,-2.459902286529541,1.5354903936386108,1.7352674007415771,-0.1382642239332199,-0.12016896903514862,0.9548434615135193,,,
,,,,,,,65535.0,45000.0,90.0
347.444,-3.5486693382263184,0.20416641235351562,1.4959690570831299,-0.13856464624404907,-0.12265811115503311,1.003511667251587,,,
,,,,,,,65535.0,47000.0,90.0
347.454,-0.44835391640663147,-1.315382480621338,0.7011458277702332,-0.13623082637786865,-0.11832869797945023,1.015874981880188,,,
,,,,,,,65535.0,47000.0,90.0
347.464,1.9690673351287842,-1.1695164442062378,0.6619495153427124,-0.12532252073287964,-0.11653004586696625,0.9934396147727966,,,
,,,,,,,65535.0,47000.0,90.0
347.474,1.068401575088501,-0.8888198137283325,0.47688624262809753,-0.1265353411436081,-0.1122453361749649,0.9844037294387817,,,
,,,,,,,65535.0,47000.0,90.0
347.484,-1.9182531833648682,-0.4278811514377594,1.8400897979736328,-0.1323242038488388,-0.10133672505617142,0.9812454581260681,,,
,,,,,,,65535.0,47000.0,90.0
347.494,-3.211332321166992,1.1040263175964355,3.187688112258911,-0.13410724699497223,-0.11078624427318573,0.9768235683441162,,,
,,,,,,,65535.0,47000.0,90.0
347.504,-1.541590690612793,-1.51701021194458,1.5784035921096802,-0.13374854624271393,-0.13739296793937683,1.0062792301177979,,,
,,,,,,,65535.0,47000.0,90.0
347.514,3.0366203784942627,-1.9695428609848022,-0.1692039668560028,-0.1405712366104126,-0.1429256796836853,1.0023260116577148,,,
,,,,,,,65535.0,47000.0,90.0
347.524,3.788423538208008,-0.15031059086322784,0.5670444369316101,-0.13281671702861786,-0.11924345791339874,0.9742622375488281,,,
,,,,,,,65535.0,47000.0,90.0
347.534,-2.8704440593719482,-0.026723582297563553,1.9982719421386719,-0.13594332337379456,-0.09029964357614517,0.9623836278915405,,,
,,,,,,,65535.0,50000.0,90.0
347.544,-3.9469683170318604,0.7818351984024048,3.290564775466919,-0.13983239233493805,-0.09706670045852661,0.9675624370574951,,,
,,,,,,,65535.0,50000.0,90.0
347.554,-0.574038565158844,1.5271729230880737,2.2310702800750732,-0.12700314819812775,-0.12776823341846466,0.9898650646209717,,,
,,,,,,,65535.0,50000.0,90.0
347.564,0.08509179204702377,2.1073925495147705,-0.032992687076330185,-0.12004371732473373,-0.12679019570350647,1.0018587112426758,,,
,,,,,,,65535.0,50000.0,90.0
347.574,-0.4992491602897644,-1.4845938682556152,-1.3478041887283325,-0.12609079480171204,-0.10694106668233871,1.019004464149475,,,
,,,,,,,65535.0,50000.0,90.0
347.584,1.8481864929199219,-2.3622026443481445,-0.9382995367050171,-0.14142587780952454,-0.09959946572780609,0.9999328851699829,,,
,,,,,,,65535.0,50000.0,90.0
347.594,4.20308256149292,0.358873188495636,-0.032401371747255325,-0.1379501223564148,-0.09806007891893387,0.9621286988258362,,,
,,,,,,,65535.0,50000.0,90.0
347.604,-1.975715160369873,2.0140135288238525,1.939975380897522,-0.13783863186836243,-0.0849214717745781,0.9511339068412781,,,
,,,,,,,65535.0,50000.0,90.0
347.614,-6.320906162261963,2.009366035461426,4.2345476150512695,-0.14615009725093842,-0.08335772156715393,0.9621415138244629,,,
,,,,,,,65535.0,50000.0,90.0
347.624,-4.543659687042236,2.0748610496520996,4.014756679534912,-0.1432168185710907,-0.1245652586221695,0.9839046001434326,,,
,,,,,,,65535.0,54000.0,90.0
347.634,-0.2707166373729706,0.9555612206459045,0.12239900231361389,-0.1323290318250656,-0.1594654768705368,1.0067534446716309,,,
,,,,,,,65535.0,54000.0,90.0
347.644,3.2575366497039795,-0.9474945068359375,-2.5819098949432373,-0.1292734146118164,-0.13983725011348724,1.0128239393234253,,,
,,,,,,,65535.0,54000.0,90.0
347.654,1.7094050645828247,-1.3685808181762695,-2.5597095489501953,-0.13473401963710785,-0.09912078082561493,0.992931604385376,,,
,,,,,,,65535.0,54000.0,90.0
347.664,-0.61775803565979,2.0877673625946045,-1.540540337562561,-0.13310933113098145,-0.09240027517080307,0.9525486826896667,,,
,,,,,,,65535.0,54000.0,90.0
347.674,-3.116894006729126,0.38599133491516113,-1.808048963546753,-0.13693459331989288,-0.1096477210521698,0.982957124710083,,,
,,,,,,,65535.0,54000.0,90.0
347.684,-0.4909645915031433,-2.184957265853882,-1.7868400812149048,-0.1472434401512146,-0.11875684559345245,1.0205333232879639,,,
,,,,,,,65535.0,54000.0,90.0
347.694,2.1025660037994385,-2.284837007522583,-1.3879661560058594,-0.1438310444355011,-0.11522047221660614,1.0010498762130737,,,
,,,,,,,65535.0,54000.0,90.0
347.704,-0.8243427872657776,0.24230149388313293,0.38254404067993164,-0.13220801949501038,-0.0963139757514,0.9573356509208679,,,
,,,,,,,65535.0,54000.0,90.0
347.714,-4.352057933807373,1.3105626106262207,2.0363824367523193,-0.13668230175971985,-0.09502828866243362,0.9589943885803223,,,
,,,,,,,65535.0,54000.0,90.0
347.724,-3.357081174850464,1.091052532196045,2.2369816303253174,-0.1391138732433319,-0.12497484683990479,0.9903066158294678,,,
,,,,,,,65535.0,54000.0,90.0
347.734,-1.1022001504898071,-0.7198739647865295,0.6514808535575867,-0.13355572521686554,-0.14348751306533813,1.0041072368621826,,,
,,,,,,,65535.0,54000.0,90.0
347.744,0.3498469293117523,-0.6764275431632996,-0.7239737510681152,-0.12462622672319412,-0.1314515918493271,0.9898290038108826,,,
,,,,,,,65535.0,54000.0,90.0
347.754,-0.2697632908821106,-0.21175366640090942,-0.9186930656433105,-0.1222296729683876,-0.11890467256307602,0.9813312888145447,,,
,,,,,,,65535.0,54000.0,90.0
347.764,-1.1954677104949951,-0.07480006664991379,-0.768436849117279,-0.12810513377189636,-0.11816918104887009,0.9878638386726379,,,
,,,,,,,65535.0,54000.0,90.0
347.774,-1.043995976448059,0.21126215159893036,-0.5311424732208252,-0.13488326966762543,-0.12009590864181519,0.9882718324661255,,,
,,,,,,,65535.0,54000.0,90.0
347.784,-0.9531435370445251,0.6898933053016663,-0.042725928127765656,-0.13987495005130768,-0.12125987559556961,0.9833872318267822,,,
,,,,,,,65535.0,54000.0,90.0
347.794,-1.871055006980896,1.0812110900878906,0.6488363146781921,-0.1421729326248169,-0.11712567508220673,0.9808346629142761,,,
,,,,,,,65535.0,54000.0,90.0
347.804,-2.488177537918091,1.5753328800201416,1.2505321502685547,-0.14524969458580017,-0.12070069462060928,0.98211270570755,,,
,,,,,,,65535.0,54000.0,90.0
347.814,-1.9178731441497803,0.8040522336959839,0.3857594430446625,-0.14779376983642578,-0.13241639733314514,0.988450825214386,,,
,,,,,,,65535.0,54000.0,90.0
347.824,0.028946222737431526,0.9545700550079346,0.19906717538833618,-0.14395903050899506,-0.13279414176940918,0.9931356906890869,,,
,,,,,,,65535.0,54000.0,90.0
347.834,0.9373076558113098,0.410097599029541,-0.8091580867767334,-0.13915680348873138,-0.12634237110614777,0.9927285313606262,,,
,,,,,,,65535.0,54000.0,90.0
347.844,0.6588931679725647,0.22156378626823425,-0.9305863976478577,-0.14209724962711334,-0.11690643429756165,0.9835165143013,,,
,,,,,,,65535.0,54000.0,90.0
347.854,0.6016942858695984,0.6796086430549622,-0.27386149764060974,-0.14639687538146973,-0.11304819583892822,0.9800946712493896,,,
,,,,,,,65535.0,54000.0,90.0
347.864,-0.6500459909439087,0.11319998651742935,-0.2394578456878662,-0.14491376280784607,-0.11717122048139572,0.9793814420700073,,,
,,,,,,,65535.0,54000.0,90.0
347.874,-0.4309081435203552,0.7520487904548645,0.19316647946834564,-0.1428377628326416,-0.11626987159252167,0.9808230400085449,,,
,,,,,,,65535.0,54000.0,90.0
347.884,-0.46962201595306396,0.19164465367794037,0.545371413230896,-0.14223946630954742,-0.11925309896469116,0.9839228391647339,,,
,,,,,,,65535.0,54000.0,90.0
347.894,-0.9843341112136841,0.010339988395571709,0.1636120080947876,-0.13990624248981476,-0.12405822426080704,0.9851029515266418,,,
,,,,,,,65535.0,54000.0,90.0
347.904,-0.7672815322875977,-0.25866377353668213,0.1416795551776886,-0.14247719943523407,-0.12256181985139847,0.987126886844635,,,
,,,,,,,65535.0,54000.0,90.0
347.914,0.04007851704955101,-0.7646315693855286,-0.18583227694034576,-0.14151115715503693,-0.12005558609962463,0.9931184649467468,,,
,,,,,,,65535.0,54000.0,90.0
347.924,0.17533735930919647,-0.7857866287231445,-0.4285373091697693,-0.13924044370651245,-0.11806056648492813,0.9883790016174316,,,
,,,,,,,65535.0,54000.0,90.0
347.934,0.5935879945755005,-0.14049337804317474,-0.10984840989112854,-0.13979828357696533,-0.11727061867713928,0.978636622428894,,,
,,,,,,,65535.0,54000.0,90.0
347.944,-0.45529523491859436,0.06655247509479523,0.18953131139278412,-0.14620445668697357,-0.1142694428563118,0.9741204977035522,,,
,,,,,,,65535.0,54000.0,90.0
347.954,-1.184938669204712,-0.013162011280655861,0.557689905166626,-0.14975351095199585,-0.116142638027668,0.9706143736839294,,,
,,,,,,,65535.0,54000.0,90.0
347.964,-1.2339340448379517,0.7051820158958435,0.4729519188404083,-0.14443233609199524,-0.12440386414527893,0.9733355641365051,,,
,,,,,,,65535.0,54000.0,90.0
347.974,-0.6523218750953674,1.1061291694641113,-0.140140563249588,-0.13986597955226898,-0.1271388977766037,0.9839461445808411,,,
,,,,,,,65535.0,54000.0,90.0
347.984,0.0986383706331253,0.6891051530838013,-0.4362824559211731,-0.14187397062778473,-0.12225937098264694,0.9905604124069214,,,
,,,,,,,65535.0,54000.0,90.0
347.994,0.5387502312660217,0.4605339467525482,-0.4541294574737549,-0.13826340436935425,-0.11618570238351822,0.9870840907096863,,,
,,,,,,,65535.0,54000.0,90.0
348.004,0.6113190054893494,0.07766947150230408,-0.5819175839424133,-0.13256296515464783,-0.11649439483880997,0.9829015135765076,,,
,,,,,,,65535.0,54000.0,90.0
348.014,0.21105505526065826,-0.10397835820913315,-0.46813949942588806,-0.13219325244426727,-0.11376456171274185,0.9878503084182739,,,
,,,,,,,65535.0,54000.0,90.0
348.024,0.3238362669944763,-0.04586727172136307,-0.14602409303188324,-0.13196848332881927,-0.1084747239947319,0.9949225783348083,,,
,,,,,,,65535.0,54000.0,90.0
348.034,-0.2745893597602844,-0.7146317958831787,-0.007332900073379278,-0.12979869544506073,-0.11063854396343231,0.9939833283424377,,,
,,,,,,,65535.0,54000.0,90.0
348.044,-0.4206949770450592,-0.7930163741111755,-0.12320275604724884,-0.1304110735654831,-0.11871441453695297,0.9909155368804932,,,
,,,,,,,65535.0,54000.0,90.0
348.054,-0.9341819882392883,-1.009033203125,-0.06530886143445969,-0.1371673345565796,-0.11935730278491974,0.9886321425437927,,,
,,,,,,,65535.0,54000.0,90.0
348.064,-0.5442728400230408,-1.0583701133728027,-0.23610416054725647,-0.14355506002902985,-0.12336134165525436,0.9918191432952881,,,
,,,,,,,65535.0,54000.0,90.0
348.074,0.7888965606689453,-0.8057631850242615,-0.9319227933883667,-0.1410302221775055,-0.12658871710300446,0.9902606010437012,,,
,,,,,,,65535.0,54000.0,90.0
348.084,0.6530908942222595,-0.8524753451347351,-1.369342565536499,-0.13996553421020508,-0.11821362376213074,0.9771057367324829,,,
,,,,,,,65535.0,54000.0,90.0
348.094,0.4542195200920105,0.48284396529197693,-1.4121230840682983,-0.1406879425048828,-0.10521882772445679,0.9698752164840698,,,
,,,,,,,65535.0,54000.0,90.0
348.104,-0.3751832842826843,0.7446595430374146,-1.0957484245300293,-0.13678421080112457,-0.10695341974496841,0.971417248249054,,,
,,,,,,,65535.0,54000.0,90.0
348.114,-0.9618877172470093,0.8335256576538086,-1.1169302463531494,-0.1357378512620926,-0.11903295665979385,0.9732810854911804,,,
,,,,,,,65535.0,54000.0,90.0
348.124,-0.4634961187839508,1.335465908050537,-1.394189715385437,-0.13394401967525482,-0.11655782163143158,0.9819102883338928,,,
,,,,,,,65535.0,54000.0,90.0
348.134,-0.7205037474632263,0.8119853138923645,-1.3536792993545532,-0.13943129777908325,-0.11496403068304062,0.9865321516990662,,,
,,,,,,,65535.0,54000.0,90.0
348.144,-0.496125727891922,0.46608346700668335,-0.9482357501983643,-0.1456105262041092,-0.12133507430553436,0.9847302436828613,,,
,,,,,,,65535.0,53000.0,90.0
348.154,-0.41580021381378174,-0.09980230778455734,-1.0099223852157593,-0.14354710280895233,-0.12862488627433777,0.9872949123382568,,,
,,,,,,,65535.0,53000.0,90.0
348.164,-0.6216254830360413,-0.4759756028652191,-0.6504486203193665,-0.14330019056797028,-0.12568515539169312,0.9914851784706116,,,
,,,,,,,65535.0,53000.0,90.0
348.174,-0.4363778829574585,-1.0173171758651733,-0.34839171171188354,-0.14456646144390106,-0.11662682145833969,0.9930185675621033,,,
,,,,,,,65535.0,53000.0,90.0
348.184,-0.02886117808520794,-1.3950620889663696,0.6328181624412537,-0.1367281973361969,-0.11256013065576553,0.9939484000205994,,,
,,,,,,,65535.0,53000.0,90.0
348.194,-1.162621259689331,-2.05478835105896,0.3536539375782013,-0.13501791656017303,-0.11350493133068085,0.9812405109405518,,,
,,,,,,,65535.0,53000.0,90.0
348.204,-1.1953459978103638,-0.3867781162261963,0.9948063492774963,-0.12892460823059082,-0.11794769763946533,0.9713559150695801,,,
,,,,,,,65535.0,53000.0,90.0
348.214,-3.292510509490967,-1.212933897972107,0.5138995051383972,-0.13393133878707886,-0.12356296926736832,0.9859079122543335,,,
,,,,,,,65535.0,53000.0,90.0
348.224,-1.6942521333694458,-1.9895613193511963,0.14813421666622162,-0.13781599700450897,-0.1364993453025818,0.9961436986923218,,,
,,,,,,,65535.0,53000.0,90.0
348.234,0.7740451097488403,-1.8849776983261108,-1.502987027168274,-0.13702797889709473,-0.1475076973438263,0.9910664558410645,,,
,,,,,,,65535.0,46000.0,90.0
348.244,1.2290798425674438,-1.0834764242172241,-1.8937628269195557,-0.1342644989490509,-0.13393771648406982,0.9790223836898804,,,
,,,,,,,65535.0,46000.0,90.0
348.254,1.313686728477478,-0.9960213303565979,-1.2283269166946411,-0.13808831572532654,-0.11802728474140167,0.9784752726554871,,,
,,,,,,,65535.0,46000.0,90.0
348.264,0.7352827191352844,-4.522093296051025,-0.5097872018814087,-0.15525032579898834,-0.11588729918003082,1.013306736946106,,,
,,,,,,,65535.0,46000.0,90.0
348.274,3.0685997009277344,1.6132535934448242,1.5178967714309692,-0.14772747457027435,-0.11782624572515488,0.9393103122711182,,,
,,,,,,,65535.0,46000.0,90.0
348.284,-3.4313597679138184,7.571821689605713,2.760526180267334,-0.10494019091129303,-0.12008967250585556,0.9109966158866882,,,
,,,,,,,65535.0,46000.0,90.0
348.294,-14.226353645324707,1.4448187351226807,0.3253306448459625,-0.13431984186172485,-0.1356889009475708,1.026275634765625,,,
,,,,,,,65535.0,46000.0,90.0
348.304,-0.45791012048721313,-2.9338459968566895,-3.307669162750244,-0.1519029289484024,-0.18656863272190094,1.0739775896072388,,,
,,,,,,,65535.0,46000.0,90.0
348.314,14.109460830688477,-2.5005297660827637,-7.791133403778076,-0.12654216587543488,-0.20297463238239288,1.0354505777359009,,,
,,,,,,,65535.0,37000.0,90.0
348.324,8.95832633972168,-2.692200183868408,-7.372254848480225,-0.12196040153503418,-0.10955731570720673,0.9822063446044922,,,
,,,,,,,65535.0,37000.0,90.0
348.334,-1.5039288997650146,-1.269878625869751,0.026142921298742294,-0.15405923128128052,-0.022909125313162804,0.9565479755401611,,,
,,,,,,,65535.0,37000.0,90.0
348.344,-3.888486862182617,-2.3749842643737793,5.332970142364502,-0.18008653819561005,-0.06500217318534851,0.9855217337608337,,,
,,,,,,,65535.0,37000.0,90.0
348.354,4.982147216796875,8.003024101257324,7.0061116218566895,-0.15537095069885254,-0.14484895765781403,0.907371461391449,,,
,,,,,,,65535.0,37000.0,90.0
348.364,-8.057921409606934,3.297196388244629,4.4781575202941895,-0.10022149235010147,-0.14567817747592926,0.981884241104126,,,
,,,,,,,65535.0,37000.0,90.0
348.374,-19.952180862426758,-3.3980720043182373,-1.2887448072433472,-0.16669778525829315,-0.15010006725788116,1.0604957342147827,,,
,,,,,,,65535.0,37000.0,90.0
348.384,17.303180694580078,-1.7599164247512817,-4.1815056800842285,-0.146835595369339,-0.1935632824897766,1.0241090059280396,,,
,,,,,,,65535.0,37000.0,90.0
348.394,25.010454177856445,1.18639075756073,-7.741510391235352,-0.12580126523971558,-0.1774793416261673,0.9922347068786621,,,
,,,,,,,65535.0,37000.0,90.0
348.404,-1.3714141845703125,-3.2244625091552734,-4.326820373535156,-0.13483326137065887,-0.015184842050075531,0.9678429365158081,,,
,,,,,,,65535.0,27000.0,90.0
348.414,-16.453243255615234,0.6533892750740051,7.363243103027344,-0.17231391370296478,0.04793393611907959,0.9027974605560303,,,
,,,,,,,65535.0,27000.0,90.0
348.424,-6.32570743560791,6.021972179412842,8.633411407470703,-0.143146350979805,-0.13773001730442047,0.9224275946617126,,,
,,,,,,,65535.0,27000.0,90.0
348.434,2.716142177581787,0.08739902824163437,-3.5164787769317627,-0.12395588308572769,-0.29370611906051636,1.070006251335144,,,
,,,,,,,65535.0,27000.0,90.0
348.444,14.337545394897461,-7.437283992767334,-7.9008307456970215,-0.15732422471046448,-0.16628523170948029,1.1120117902755737,,,
,,,,,,,65535.0,27000.0,90.0
348.454,12.437151908874512,1.9993908405303955,2.66120982170105,-0.15315844118595123,0.011228919960558414,0.9235758781433105,,,
,,,,,,,65535.0,27000.0,90.0
348.464,-22.40411376953125,1.229749083518982,7.077590465545654,-0.143452450633049,-0.036741066724061966,0.8811323046684265,,,
,,,,,,,65535.0,27000.0,90.0
348.474,-10.491887092590332,4.21492862701416,4.240711688995361,-0.14388543367385864,-0.18273280560970306,0.9394760727882385,,,
,,,,,,,65535.0,27000.0,90.0
348.484,11.321146965026855,0.6730861067771912,-4.495245456695557,-0.12159884721040726,-0.27091681957244873,1.0881496667861938,,,
,,,,,,,65535.0,14000.0,90.0
348.494,11.002232551574707,-6.017240047454834,-10.077645301818848,-0.12738960981369019,-0.15948139131069183,1.0910134315490723,,,
,,,,,,,65535.0,14000.0,90.0
348.504,4.559891700744629,-2.8197498321533203,-2.0163726806640625,-0.1433306187391281,-0.009968230500817299,0.938235342502594,,,
,,,,,,,65535.0,14000.0,90.0
348.514,-6.903080940246582,3.3741674423217773,4.271875381469727,-0.1455245018005371,-0.053963638842105865,0.8941383957862854,,,
,,,,,,,65535.0,14000.0,90.0
348.524,-4.783846855163574,2.2562384605407715,2.33158802986145,-0.15294425189495087,-0.1644321233034134,0.9867422580718994,,,
,,,,,,,65535.0,14000.0,90.0
348.534,2.2056503295898438,-1.7573343515396118,-1.567269206047058,-0.13720586895942688,-0.17817865312099457,1.0544803142547607,,,
,,,,,,,65535.0,14000.0,90.0
348.544,2.429081916809082,-2.55911922454834,-2.7210912704467773,-0.13306601345539093,-0.13281415402889252,1.0199905633926392,,,
,,,,,,,65535.0,14000.0,90.0
348.554,1.939513921737671,-0.7870261073112488,-2.052968978881836,-0.13364049792289734,-0.1143505796790123,0.9541441798210144,,,
,,,,,,,65535.0,14000.0,90.0
348.564,4.0000224113464355,1.7629406452178955,-1.6063413619995117,-0.1394997090101242,-0.13640619814395905,0.9708172678947449,,,
,,,,,,,65535.0,14000.0,90.0
348.574,3.2085812091827393,-0.2200043797492981,-2.5464541912078857,-0.1409771591424942,-0.13812153041362762,1.0236212015151978,,,
,,,,,,,65535.0,4000.0,90.0
348.584,0.8066374659538269,-0.99359530210495,-0.7584157586097717,-0.14929644763469696,-0.10282280296087265,0.9963003993034363,,,
,,,,,,,65535.0,4000.0,90.0
348.594,1.6682194471359253,1.1080949306488037,1.3839340209960938,-0.15289250016212463,-0.10564416646957397,0.963205099105835,,,
,,,,,,,65535.0,4000.0,90.0
348.604,5.048231601715088,1.2056043148040771,1.6572295427322388,-0.1454196274280548,-0.13790638744831085,0.9852630496025085,,,
,,,,,,,65535.0,4000.0,90.0
348.614,1.5949232578277588,0.6959967017173767,0.8662735223770142,-0.1456737220287323,-0.1303340494632721,1.0011298656463623,,,
,,,,,,,65535.0,4000.0,90.0
348.624,-1.5034373998641968,0.36341026425361633,1.6137746572494507,-0.13846330344676971,-0.100466787815094,0.9867126941680908,,,
,,,,,,,65535.0,4000.0,90.0
348.634,2.1992735862731934,1.4578797817230225,2.0843796730041504,-0.13943767547607422,-0.11996656656265259,0.967066764831543,,,
,,,,,,,65535.0,4000.0,90.0
348.644,5.24569845199585,1.1486445665359497,-0.7582595348358154,-0.13660690188407898,-0.14925849437713623,0.9945866465568542,,,
,,,,,,,65535.0,4000.0,90.0
348.654,5.270058631896973,-0.6460365653038025,-1.5745455026626587,-0.1372440904378891,-0.119447261095047,1.0065234899520874,,,
,,,,,,,65535.0,0.0,90.0
348.664,2.0759117603302,0.06436629593372345,0.33752891421318054,-0.14358845353126526,-0.0821758583188057,0.9696435928344727,,,
,,,,,,,65535.0,0.0,90.0
348.674,-0.4394940733909607,0.7027664184570312,1.6551470756530762,-0.14824798703193665,-0.09689711779356003,0.9614465236663818,,,
,,,,,,,65535.0,0.0,90.0
348.684,2.783424139022827,0.9287639260292053,0.3533298671245575,-0.13634812831878662,-0.12972918152809143,0.9821467995643616,,,
,,,,,,,65535.0,0.0,90.0
348.694,3.5478596687316895,-0.7973065376281738,-1.981231451034546,-0.1406254917383194,-0.13259610533714294,1.005864143371582,,,
,,,,,,,65535.0,0.0,90.0
348.704,2.454562187194824,-0.8743027448654175,-1.6386984586715698,-0.14000752568244934,-0.09627104550600052,0.9867805242538452,,,
,,,,,,,65535.0,0.0,90.0
348.714,2.610038995742798,0.34826284646987915,-0.2710309326648712,-0.1400807499885559,-0.08104149997234344,0.9647925496101379,,,
,,,,,,,65535.0,0.0,90.0
348.724,1.736172080039978,0.03176768124103546,-0.7152020335197449,-0.14120802283287048,-0.10335394740104675,0.9764682054519653,,,
,,,,,,,65535.0,0.0,90.0
348.734,2.4050204753875732,-1.2819461822509766,-1.2317101955413818,-0.1413547545671463,-0.10465287417173386,0.990931510925293,,,
,,,,,,,65535.0,0.0,90.0
348.744,2.8567049503326416,-0.8615419268608093,-0.8046080470085144,-0.14243115484714508,-0.09245291352272034,0.9857539534568787,,,
,,,,,,,65535.0,0.0,90.0
348.754,2.9184141159057617,-1.2423774003982544,-0.7667365670204163,-0.14258159697055817,-0.09843508899211884,0.9772220849990845,,,
,,,,,,,65535.0,0.0,90.0
348.764,2.0730621814727783,-1.036865472793579,-0.9340065121650696,-0.1394014209508896,-0.09847848862409592,0.9759626984596252,,,
,,,,,,,65535.0,0.0,90.0
348.774,1.3343493938446045,-1.5144197940826416,-0.38504213094711304,-0.13777749240398407,-0.08528942614793777,0.9810420274734497,,,
,,,,,,,65535.0,0.0,90.0
348.784,-0.6420239210128784,-1.5416520833969116,0.14713141322135925,-0.1404048651456833,-0.08401985466480255,0.9805741310119629,,,
,,,,,,,65535.0,0.0,90.0
348.794,-0.6654700636863708,-0.9984214901924133,0.43195974826812744,-0.1340656876564026,-0.09778320789337158,0.9805254340171814,,,
,,,,,,,65535.0,0.0,90.0
348.804,-0.03741220384836197,-1.0494729280471802,-0.47617819905281067,-0.12834177911281586,-0.10891914367675781,0.9889191389083862,,,
,,,,,,,65535.0,0.0,90.0
348.814,0.8089367151260376,-0.7406520247459412,-1.3701608180999756,-0.12955404818058014,-0.11154882609844208,0.9953097701072693,,,
,,,,,,,65535.0,0.0,90.0
348.824,0.31944942474365234,-0.5755161046981812,-0.8600990772247314,-0.13111652433872223,-0.10570285469293594,0.9885779619216919,,,
,,,,,,,65535.0,0.0,90.0
348.834,-0.3816113770008087,-0.02041536010801792,-0.5615807771682739,-0.13772138953208923,-0.10853094607591629,0.9765018820762634,,,
,,,,,,,65535.0,0.0,90.0
348.844,-0.9998504519462585,0.10246969014406204,-0.2792309522628784,-0.13396558165550232,-0.11838836967945099,0.9782072901725769,,,
,,,,,,,65535.0,0.0,90.0
348.854,-0.6478529572486877,0.4778083860874176,-0.7448936104774475,-0.1305534541606903,-0.12165447324514389,0.9911577701568604,,,
,,,,,,,65535.0,0.0,90.0
348.864,0.5649977326393127,0.08571463078260422,-1.276822805404663,-0.13313208520412445,-0.12099794298410416,1.0017414093017578,,,
,,,,,,,65535.0,0.0,90.0
348.874,0.8889780044555664,-0.3959740996360779,-0.5621215105056763,-0.13637924194335938,-0.1158071905374527,0.9981200695037842,,,
,,,,,,,65535.0,0.0,90.0
348.884,0.7683297991752625,0.1629045605659485,-0.22015661001205444,-0.1358729749917984,-0.11233039945363998,0.9908016920089722,,,
,,,,,,,65535.0,0.0,90.0
348.894,-0.02360796555876732,0.15059103071689606,0.4144318699836731,-0.13863183557987213,-0.10935647040605545,0.9901850819587708,,,
,,,,,,,65535.0,0.0,90.0
348.904,-0.021676644682884216,-0.3898627460002899,0.45857134461402893,-0.13931964337825775,-0.11175527423620224,0.9882403016090393,,,
,,,,,,,65535.0,0.0,90.0
348.914,0.05766347795724869,-0.6480972170829773,0.6509973406791687,-0.14479559659957886,-0.11693048477172852,0.9773462414741516,,,
,,,,,,,65535.0,0.0,90.0
348.924,0.22445833683013916,-0.7225765585899353,0.625159740447998,-0.14204426109790802,-0.11300479620695114,0.9765195250511169,,,
,,,,,,,65535.0,0.0,90.0
348.934,-0.6488885283470154,-0.6850877404212952,0.695641815662384,-0.14473746716976166,-0.1108427345752716,0.978305995464325,,,
,,,,,,,65535.0,0.0,90.0
348.944,-1.156488060951233,-0.2222416251897812,0.9933712482452393,-0.1437169462442398,-0.11532238870859146,0.9782858490943909,,,
,,,,,,,65535.0,0.0,90.0
348.954,-0.07449161261320114,-0.39355209469795227,1.1215156316757202,-0.14116983115673065,-0.12123002856969833,0.9783784747123718,,,
,,,,,,,65535.0,0.0,90.0
348.964,0.24506762623786926,-0.2613539695739746,0.14692126214504242,-0.13969312608242035,-0.12594857811927795,0.9838151335716248,,,
,,,,,,,65535.0,0.0,90.0
348.974,1.3304994106292725,-0.21623919904232025,0.05299454927444458,-0.13755495846271515,-0.122279591858387,0.9863358736038208,,,
,,,,,,,65535.0,0.0,90.0
348.984,1.5248844623565674,-0.17882394790649414,-0.13359297811985016,-0.13733895123004913,-0.11753049492835999,0.9854222536087036,,,
,,,,,,,65535.0,0.0,90.0
348.994,0.5000443458557129,-0.3524487614631653,-0.0534292533993721,-0.13536372780799866,-0.10910750180482864,0.9873325824737549,,,
,,,,,,,65535.0,0.0,90.0
349.004,0.515579879283905,-0.5236325263977051,0.3768496811389923,-0.1356317698955536,-0.1089554876089096,0.9946487545967102,,,
,,,,,,,65535.0,0.0,90.0
349.014,1.1941227912902832,-1.280759334564209,0.13962653279304504,-0.13385629653930664,-0.11782141029834747,1.0014170408248901,,,
,,,,,,,65535.0,0.0,90.0
349.024,1.344454288482666,-0.9231134057044983,0.02847014181315899,-0.13114653527736664,-0.11629338562488556,0.9970236420631409,,,
,,,,,,,65535.0,0.0,90.0
349.034,1.6780418157577515,-1.027780532836914,0.2469751238822937,-0.13019293546676636,-0.10789011418819427,0.991954505443573,,,
,,,,,,,65535.0,0.0,90.0
349.044,1.0743064880371094,-0.9682967662811279,0.6173989176750183,-0.1297694891691208,-0.10501265525817871,0.991199791431427,,,
,,,,,,,65535.0,0.0,90.0
349.054,0.2234264761209488,-0.5827749371528625,0.32442599534988403,-0.1314166933298111,-0.10147665441036224,0.9820780158042908,,,
,,,,,,,65535.0,0.0,90.0
349.064,-0.234045147895813,-0.2242145985364914,0.45419418811798096,-0.13431967794895172,-0.10059279203414917,0.9753999710083008,,,
,,,,,,,65535.0,0.0,90.0
349.074,0.14853507280349731,0.04791153967380524,0.2543010413646698,-0.13666073977947235,-0.10628250241279602,0.9776643514633179,,,
,,,,,,,65535.0,0.0,90.0
349.084,1.050344705581665,0.30859094858169556,0.2452171891927719,-0.13903045654296875,-0.11659824848175049,0.9808393120765686,,,
,,,,,,,65535.0,0.0,90.0
349.094,0.9926891922950745,0.6871880888938904,0.12348181009292603,-0.13743263483047485,-0.11846979707479477,0.9820764064788818,,,
,,,,,,,65535.0,0.0,90.0
349.104,0.9923633933067322,0.8942447900772095,-0.04720652475953102,-0.14383047819137573,-0.11208199709653854,0.9811440110206604,,,
,,,,,,,65535.0,0.0,90.0
349.114,1.4335973262786865,1.3222935199737549,-0.1936584711074829,-0.1441417932510376,-0.11295095831155777,0.9864370226860046,,,
,,,,,,,65535.0,0.0,90.0
349.124,1.0119601488113403,1.273030400276184,-0.6699258685112,-0.14142678678035736,-0.119441919028759,0.9920967221260071,,,
,,,,,,,65535.0,0.0,90.0
349.134,1.1302114725112915,0.7340725660324097,-0.4978013336658478,-0.14757582545280457,-0.11291318386793137,0.9904083609580994,,,
,,,,,,,65535.0,0.0,90.0
349.144,0.8258765935897827,-0.11741229146718979,-0.03489286080002785,-0.1525130271911621,-0.10475435853004456,0.9879060387611389,,,
,,,,,,,65535.0,0.0,90.0
349.154,-0.03460254892706871,0.534517228603363,0.46395379304885864,-0.15297476947307587,-0.10510875284671783,0.9827584028244019,,,
,,,,,,,65535.0,0.0,90.0
349.164,0.08192212134599686,-0.4013381898403168,0.8956060409545898,-0.14797578752040863,-0.10995880514383316,0.9869270920753479,,,
,,,,,,,65535.0,0.0,90.0
349.174,0.7518032193183899,-0.5824959874153137,0.9549209475517273,-0.1437722146511078,-0.10805953294038773,0.9986933469772339,,,
,,,,,,,65535.0,0.0,90.0
349.184,0.7780018448829651,-1.1690627336502075,1.093879222869873,-0.14528606832027435,-0.10063832253217697,1.0009217262268066,,,
,,,,,,,65535.0,0.0,90.0
349.194,2.016202211380005,-1.4553816318511963,1.4218896627426147,-0.14607006311416626,-0.10239733755588531,0.9921308755874634,,,
,,,,,,,65535.0,0.0,90.0
349.204,2.8075811862945557,-1.5967442989349365,1.585392951965332,-0.14465147256851196,-0.11129190772771835,0.9874205589294434,,,
,,,,,,,65535.0,0.0,90.0
349.214,2.6222264766693115,-1.1206544637680054,1.003682255744934,-0.14556394517421722,-0.11712425947189331,0.9770426750183105,,,
,,,,,,,65535.0,0.0,90.0
349.224,2.5443224906921387,-1.181761622428894,0.8972399830818176,-0.15305647253990173,-0.1199726089835167,0.9714604616165161,,,
,,,,,,,65535.0,0.0,90.0
349.234,3.039050817489624,-0.1764245331287384,0.7372257113456726,-0.15324589610099792,-0.1209416314959526,0.975413978099823,,,
,,,,,,,65535.0,0.0,90.0
349.244,2.9013476371765137,-0.709970235824585,-0.1631273776292801,-0.14734400808811188,-0.11821102350950241,0.9787179231643677,,,
,,,,,,,65535.0,0.0,90.0
349.254,2.7369017601013184,-1.0114675760269165,-0.3991677463054657,-0.14140579104423523,-0.11154951900243759,0.9813172817230225,,,
,,,,,,,65535.0,0.0,90.0
349.264,2.132549524307251,-0.8093298077583313,-0.34472566843032837,-0.1324225217103958,-0.10281655937433243,0.9829206466674805,,,
,,,,,,,65535.0,7000.0,90.0
349.274,1.3224384784698486,-1.7419564723968506,-0.4192405939102173,-0.13191090524196625,-0.09772513061761856,0.9859963059425354,,,
,,,,,,,65535.0,7000.0,90.0
349.284,1.9066327810287476,-1.6224665641784668,-0.305855393409729,-0.132049098610878,-0.09312520921230316,0.9899656772613525,,,
,,,,,,,65535.0,7000.0,90.0
349.294,1.3660809993743896,-1.8694208860397339,0.022523917257785797,-0.12788815796375275,-0.08928924053907394,0.9939061999320984,,,
,,,,,,,65535.0,7000.0,90.0
349.304,0.7067245841026306,-1.4232735633850098,-0.012930044904351234,-0.12593470513820648,-0.08681876957416534,0.9786744117736816,,,
,,,,,,,65535.0,7000.0,90.0
349.314,-0.8994694352149963,-3.0784478187561035,-0.6922523379325867,-0.13645072281360626,-0.09328944981098175,1.0026116371154785,,,
,,,,,,,65535.0,7000.0,90.0
349.324,5.157655715942383,-1.5322535037994385,0.6643186211585999,-0.13130058348178864,-0.08925596624612808,0.9965598583221436,,,
,,,,,,,65535.0,7000.0,90.0
349.334,1.6919147968292236,-2.6635169982910156,0.7476383447647095,-0.12737588584423065,-0.083767831325531,0.9907047748565674,,,
,,,,,,,65535.0,7000.0,90.0
349.344,-3.57293701171875,-1.8269071578979492,2.1586081981658936,-0.13223958015441895,-0.07407687604427338,0.9719259738922119,,,
,,,,,,,65535.0,7000.0,90.0
349.354,-1.3099448680877686,0.645448625087738,2.985581159591675,-0.12419603019952774,-0.0864071175456047,0.9736615419387817,,,
,,,,,,,65535.0,20000.0,90.0
349.364,0.27153927087783813,-0.5911712050437927,0.456393301486969,-0.117185078561306,-0.11943861097097397,1.0044119358062744,,,
,,,,,,,65535.0,20000.0,90.0
349.374,2.1957223415374756,-0.842893660068512,-1.1534433364868164,-0.11721019446849823,-0.11303192377090454,1.0028959512710571,,,
,,,,,,,65535.0,20000.0,90.0
349.384,0.09590952098369598,0.760220468044281,-1.7171378135681152,-0.12899565696716309,-0.08420707285404205,0.9834851026535034,,,
,,,,,,,65535.0,20000.0,90.0
349.394,-0.4350999891757965,2.0629966259002686,-1.3575292825698853,-0.13084080815315247,-0.08161938935518265,0.9774246215820312,,,
,,,,,,,65535.0,20000.0,90.0
349.404,2.5258610248565674,0.9799047708511353,-2.2575185298919678,-0.12870971858501434,-0.09748370200395584,1.0041821002960205,,,
,,,,,,,65535.0,20000.0,90.0
349.414,2.956970691680908,1.4832130670547485,-0.9197816252708435,-0.13010582327842712,-0.08517931401729584,1.0041022300720215,,,
,,,,,,,65535.0,20000.0,90.0
349.424,-3.335580825805664,1.6964315176010132,0.8214523792266846,-0.12906596064567566,-0.06175554171204567,0.984025776386261,,,
,,,,,,,65535.0,20000.0,90.0
349.434,-4.895753860473633,2.6560745239257812,1.8084183931350708,-0.1326749473810196,-0.07898084074258804,0.9715597033500671,,,
,,,,,,,65535.0,32767.0,90.0
349.444,0.39299705624580383,2.2059085369110107,-0.6021950244903564,-0.12772506475448608,-0.12416928261518478,1.002140760421753,,,
,,,,,,,65535.0,32767.0,90.0
349.454,2.926973819732666,0.292540580034256,-3.7700421810150146,-0.12345361709594727,-0.1246296837925911,1.0163853168487549,,,
,,,,,,,65535.0,32767.0,90.0
349.464,-0.9778907299041748,0.7803637385368347,-3.6021933555603027,-0.14530102908611298,-0.09229176491498947,0.9865446090698242,,,
,,,,,,,65535.0,32767.0,90.0
349.474,-2.000264883041382,1.2717299461364746,-2.817262887954712,-0.1422167867422104,-0.08675961941480637,0.9729942679405212,,,
,,,,,,,65535.0,32767.0,90.0
349.484,3.5256433486938477,0.945885956287384,-1.9869822263717651,-0.1452614814043045,-0.11306460946798325,0.9879181385040283,,,
,,,,,,,65535.0,32767.0,90.0
349.494,3.0136783123016357,0.8616173267364502,-1.4410063028335571,-0.14011767506599426,-0.10787514597177505,1.0016355514526367,,,
,,,,,,,65535.0,32767.0,90.0
349.504,-5.026632785797119,-0.3767724335193634,0.8692839741706848,-0.14018167555332184,-0.0804426297545433,0.9911205768585205,,,
,,,,,,,65535.0,32767.0,90.0
349.514,-3.2943952083587646,1.6038316488265991,2.639472723007202,-0.14361710846424103,-0.10041497647762299,0.9599782228469849,,,
,,,,,,,65535.0,32767.0,90.0
349.524,1.0403400659561157,1.2046928405761719,-0.11348220705986023,-0.13834166526794434,-0.1568564623594284,0.9939765930175781,,,
,,,,,,,65535.0,37000.0,90.0
349.534,4.415712833404541,-1.9386855363845825,-2.492403030395508,-0.14475084841251373,-0.14356796443462372,1.0193688869476318,,,
,,,,,,,65535.0,37000.0,90.0
349.544,2.5812740325927734,-1.4874581098556519,0.03470916673541069,-0.1496647447347641,-0.07872312515974045,0.9914281964302063,,,
,,,,,,,65535.0,37000.0,90.0
349.554,-2.7564690113067627,0.6721694469451904,2.7734017372131348,-0.14364977180957794,-0.07421202212572098,0.9467698931694031,,,
,,,,,,,65535.0,37000.0,90.0
349.564,-5.228453159332275,2.481149435043335,1.9979535341262817,-0.13997499644756317,-0.1302710920572281,0.9624545574188232,,,
,,,,,,,65535.0,37000.0,90.0
349.574,0.8882572650909424,-1.6597747802734375,-1.4701181650161743,-0.14310136437416077,-0.1608889102935791,1.0350687503814697,,,
,,,,,,,65535.0,37000.0,90.0
349.584,11.322040557861328,-0.10495798289775848,-0.9043879508972168,-0.15016110241413116,-0.12163448333740234,1.0103435516357422,,,
,,,,,,,65535.0,37000.0,90.0
349.594,0.5151239037513733,-0.25945666432380676,1.5661767721176147,-0.14263169467449188,-0.07479611784219742,0.9722818732261658,,,
,,,,,,,65535.0,37000.0,90.0
349.604,-6.880959510803223,1.4141379594802856,4.478361129760742,-0.15706110000610352,-0.07264015823602676,0.9349346160888672,,,
,,,,,,,65535.0,40000.0,90.0
349.614,-0.9069772362709045,3.651247024536133,4.766801834106445,-0.15001413226127625,-0.1315513700246811,0.9651025533676147,,,
,,,,,,,65535.0,40000.0,90.0
349.624,1.1890826225280762,-0.21790435910224915,0.2195599377155304,-0.14209583401679993,-0.1741838902235031,1.0364351272583008,,,
,,,,,,,65535.0,40000.0,90.0
349.634,6.4158124923706055,-0.7128962278366089,-1.0174524784088135,-0.13919630646705627,-0.12175159156322479,1.0144180059432983,,,
,,,,,,,65535.0,40000.0,90.0
349.644,2.8205792903900146,0.33901944756507874,0.9484009742736816,-0.14146457612514496,-0.0731097161769867,0.9677358865737915,,,
,,,,,,,65535.0,40000.0,90.0
349.654,-1.6038256883621216,0.30115804076194763,2.4733333587646484,-0.1458180546760559,-0.0762116014957428,0.9629018902778625,,,
,,,,,,,65535.0,40000.0,90.0
349.664,1.7914067506790161,2.870790958404541,3.765960931777954,-0.1416560560464859,-0.09145849943161011,0.9716587066650391,,,
,,,,,,,65535.0,40000.0,90.0
349.674,-1.6991592645645142,-0.16577282547950745,2.0809268951416016,-0.13567964732646942,-0.09844784438610077,1.016037940979004,,,
,,,,,,,65535.0,40000.0,90.0
349.684,0.20151430368423462,-1.0198256969451904,2.4886863231658936,-0.14653834700584412,-0.07634881138801575,0.9924584627151489,,,
,,,,,,,65535.0,44000.0,90.0
349.694,2.468202829360962,0.30887463688850403,3.6644086837768555,-0.13678772747516632,-0.07399533689022064,0.9742542505264282,,,
,,,,,,,65535.0,44000.0,90.0
349.704,-0.3366363048553467,-0.7391282916069031,2.3401219844818115,-0.13371425867080688,-0.08969704061746597,0.9859874844551086,,,
,,,,,,,65535.0,44000.0,90.0
349.714,0.19117365777492523,0.3415358066558838,2.815539598464966,-0.13186626136302948,-0.07718711346387863,0.981948971748352,,,
,,,,,,,65535.0,44000.0,90.0
349.724,-2.485909938812256,0.52220618724823,2.434096097946167,-0.13261432945728302,-0.07350826263427734,0.9696671366691589,,,
,,,,,,,65535.0,44000.0,90.0
349.734,-2.2070555686950684,-1.5722495317459106,0.9829521179199219,-0.1347665786743164,-0.0847044438123703,0.9869607090950012,,,
,,,,,,,65535.0,44000.0,90.0
349.744,4.632201194763184,-0.5451815724372864,0.5629670023918152,-0.14309464395046234,-0.08560865372419357,0.9878396391868591,,,
,,,,,,,65535.0,44000.0,90.0
349.754,2.8813133239746094,1.0223956108093262,0.7720064520835876,-0.12918637692928314,-0.06686171889305115,0.979702889919281,,,
,,,,,,,65535.0,44000.0,90.0
349.764,-7.872547626495361,-0.21673372387886047,2.0541298389434814,-0.13149510324001312,-0.046071890741586685,0.9745169878005981,,,
,,,,,,,65535.0,44000.0,90.0
349.774,-5.63305139541626,1.3224250078201294,3.0736029148101807,-0.13914872705936432,-0.06617582589387894,0.9692596197128296,,,
,,,,,,,65535.0,53000.0,90.0
349.784,0.9947067499160767,1.6311935186386108,0.13099007308483124,-0.12579721212387085,-0.12184862047433853,0.998751699924469,,,
,,,,,,,65535.0,53000.0,90.0
349.794,0.8640240430831909,-1.1933542490005493,-4.088206768035889,-0.12315663695335388,-0.11968915909528732,1.0215346813201904,,,
,,,,,,,65535.0,53000.0,90.0
349.804,-0.9239512085914612,0.7677454948425293,-3.890618324279785,-0.13850025832653046,-0.06875193119049072,0.9725883603096008,,,
,,,,,,,65535.0,53000.0,90.0
349.814,-4.681634426116943,-0.08883921802043915,-3.39709210395813,-0.1361444741487503,-0.07390132546424866,0.9732705950737,,,
,,,,,,,65535.0,53000.0,90.0
349.824,0.042793307453393936,-2.460556983947754,-5.297715663909912,-0.1469394415616989,-0.1088743805885315,1.013912558555603,,,
,,,,,,,65535.0,53000.0,90.0
349.834,6.818209648132324,-1.973097562789917,-4.6243743896484375,-0.13454970717430115,-0.09676778316497803,1.0172815322875977,,,
,,,,,,,65535.0,53000.0,90.0
349.844,-1.379831075668335,-1.608464241027832,-1.4710816144943237,-0.12803275883197784,-0.0436442568898201,0.9755295515060425,,,
,,,,,,,65535.0,53000.0,90.0
349.854,-9.02553939819336,1.3795900344848633,3.952396869659424,-0.13839329779148102,-0.03149619698524475,0.9432268738746643,,,
,,,,,,,65535.0,53000.0,90.0
349.864,-6.848365783691406,3.6088504791259766,5.275491237640381,-0.1366165429353714,-0.10090441256761551,0.9673832654953003,,,
,,,,,,,65535.0,57000.0,90.0
349.874,-3.1492795944213867,1.8312064409255981,0.9801771640777588,-0.12833558022975922,-0.16488105058670044,1.0257980823516846,,,
,,,,,,,65535.0,57000.0,90.0
349.884,-1.3468655347824097,-0.22024750709533691,-1.9629877805709839,-0.12827900052070618,-0.14718982577323914,1.0271097421646118,,,
,,,,,,,65535.0,57000.0,90.0
349.894,-1.594873309135437,0.24134930968284607,-2.7430522441864014,-0.13533064723014832,-0.11623887717723846,0.9845834970474243,,,
,,,,,,,65535.0,57000.0,90.0
349.904,-1.0672084093093872,1.3346083164215088,-3.7743330001831055,-0.13929440081119537,-0.13109585642814636,0.9634712934494019,,,
,,,,,,,65535.0,57000.0,90.0
349.914,1.7918071746826172,1.1083518266677856,-5.333188056945801,-0.13820397853851318,-0.13612496852874756,0.9900025725364685,,,
,,,,,,,65535.0,57000.0,90.0
349.924,1.8141897916793823,-0.12627363204956055,-4.286205291748047,-0.1390949934720993,-0.10164855420589447,1.0128735303878784,,,
,,,,,,,65535.0,57000.0,90.0
349.934,-1.0428190231323242,0.11933162063360214,-1.434792160987854,-0.1418173909187317,-0.0733361542224884,0.9846756458282471,,,
,,,,,,,65535.0,57000.0,90.0
349.944,-2.818685293197632,1.9228788614273071,0.776123046875,-0.14030194282531738,-0.0902034267783165,0.9576545357704163,,,
,,,,,,,65535.0,58000.0,90.0
349.954,-2.8179023265838623,2.4986557960510254,1.3586734533309937,-0.14357990026474,-0.11726227402687073,0.9795479774475098,,,
,,,,,,,65535.0,58000.0,90.0
349.964,-2.3899335861206055,0.3486100137233734,1.5434216260910034,-0.14776116609573364,-0.11918394267559052,1.0104659795761108,,,
,,,,,,,65535.0,58000.0,90.0
349.974,-2.802034854888916,-0.6025136113166809,1.22474205493927,-0.1496197134256363,-0.11979623883962631,1.0038063526153564,,,
,,,,,,,65535.0,58000.0,90.0
349.984,-1.8895639181137085,-0.1646871566772461,0.8511030673980713,-0.1464775949716568,-0.13019348680973053,0.9805029034614563,,,
,,,,,,,65535.0,58000.0,90.0
349.994,-0.058392200618982315,-0.6457760334014893,-0.889784574508667,-0.14746016263961792,-0.1412082314491272,0.9810245633125305,,,
,,,,,,,65535.0,58000.0,90.0
350.004,1.8047891855239868,-1.4004015922546387,-1.818942904472351,-0.15511690080165863,-0.13244685530662537,1.0003024339675903,,,
,,,,,,,65535.0,58000.0,90.0
350.014,1.9437634944915771,-2.0798580646514893,-0.6913087964057922,-0.15339747071266174,-0.10868499428033829,0.9915651082992554,,,
,,,,,,,65535.0,58000.0,90.0
350.024,0.2872069776058197,-0.9129692912101746,0.44977524876594543,-0.14603149890899658,-0.0946444422006607,0.9619378447532654,,,
,,,,,,,65535.0,59000.0,90.0
350.034,-0.8391664624214172,0.832432746887207,1.6125291585922241,-0.14253702759742737,-0.09376655519008636,0.9624283909797668,,,
,,,,,,,65535.0,59000.0,90.0
350.044,-1.3371968269348145,1.2432143688201904,2.45348858833313,-0.14451956748962402,-0.09184832125902176,0.9807989001274109,,,
,,,,,,,65535.0,59000.0,90.0
350.054,-2.058767080307007,0.6176613569259644,2.851881504058838,-0.14414796233177185,-0.09064743667840958,0.9856462478637695,,,
,,,,,,,65535.0,59000.0,90.0
350.064,-3.3582730293273926,1.2721786499023438,3.323807954788208,-0.14328423142433167,-0.10014159232378006,0.9767066240310669,,,
,,,,,,,65535.0,59000.0,90.0
350.074,-3.2323973178863525,1.681287407875061,2.586991786956787,-0.1412079781293869,-0.11370982974767685,0.9831891059875488,,,
,,,,,,,65535.0,59000.0,90.0
350.084,-1.9520878791809082,0.8690556883811951,1.4682813882827759,-0.1427653282880783,-0.11960460990667343,0.9966475963592529,,,
,,,,,,,65535.0,59000.0,90.0
350.094,0.49600517749786377,0.6703191995620728,0.15376509726047516,-0.13950924575328827,-0.12315350770950317,1.000455617904663,,,
,,,,,,,65535.0,59000.0,90.0
350.104,0.8785886764526367,0.4195420444011688,-0.623749315738678,-0.13542094826698303,-0.1151917353272438,0.9922902584075928,,,
,,,,,,,65535.0,59000.0,90.0
350.114,0.04811122640967369,0.5437794327735901,-0.07639865577220917,-0.13254894316196442,-0.09946820884943008,0.9897726774215698,,,
,,,,,,,65535.0,61000.0,90.0
350.124,0.06504923850297928,0.9621698260307312,0.3129238188266754,-0.13335223495960236,-0.09516488015651703,0.9916532039642334,,,
,,,,,,,65535.0,61000.0,90.0
350.134,-0.5001667737960815,0.4557415246963501,-0.13018456101417542,-0.12655408680438995,-0.09977047145366669,0.9953052997589111,,,
,,,,,,,65535.0,61000.0,90.0
350.144,-0.4140460193157196,1.1124519109725952,-0.17508739233016968,-0.12627306580543518,-0.09779832512140274,0.9904108643531799,,,
,,,,,,,65535.0,61000.0,90.0
350.154,-0.8138008713722229,0.22108635306358337,-0.33917540311813354,-0.1313687562942505,-0.09371291100978851,0.9946934580802917,,,
,,,,,,,65535.0,61000.0,90.0
350.164,-1.4089545011520386,0.17248573899269104,-0.8917850255966187,-0.13630272448062897,-0.09562550485134125,0.9882714152336121,,,
,,,,,,,65535.0,61000.0,90.0
350.174,-1.0828254222869873,0.7921890020370483,-1.370226263999939,-0.13235421478748322,-0.10116175562143326,0.9775903820991516,,,
,,,,,,,65535.0,61000.0,90.0
350.184,-1.4904109239578247,1.2551418542861938,-2.030397653579712,-0.13628093898296356,-0.1071668341755867,0.970306396484375,,,
,,,,,,,65535.0,61000.0,90.0
350.194,-1.6837056875228882,1.7786229848861694,-2.596062421798706,-0.13864542543888092,-0.1055871993303299,0.968326210975647,,,
,,,,,,,65535.0,61000.0,90.0
350.204,-1.80110764503479,1.7923811674118042,-2.0938398838043213,-0.1448264867067337,-0.09532089531421661,0.9770456552505493,,,
,,,,,,,65535.0,61000.0,90.0
350.214,-2.294123649597168,2.095287799835205,-1.7994707822799683,-0.14564763009548187,-0.09903033822774887,0.9798142910003662,,,
,,,,,,,65535.0,61000.0,90.0
350.224,-2.455036163330078,2.0861363410949707,-1.473061203956604,-0.14472860097885132,-0.10432112216949463,0.9815444946289062,,,
,,,,,,,65535.0,61000.0,90.0
350.234,-2.217866897583008,2.0930025577545166,-1.2421233654022217,-0.14746440947055817,-0.10502789169549942,0.9868929982185364,,,
,,,,,,,65535.0,61000.0,90.0
350.244,-2.3444604873657227,1.7595858573913574,-0.598651111125946,-0.1484145075082779,-0.10593317449092865,0.9886468648910522,,,
,,,,,,,65535.0,61000.0,90.0
350.254,-2.4501736164093018,1.2340773344039917,-0.3338775634765625,-0.15300168097019196,-0.10962043702602386,0.9922507405281067,,,
,,,,,,,65535.0,61000.0,90.0
350.264,-1.2701094150543213,0.0923159047961235,-0.4815867245197296,-0.15609242022037506,-0.1142965629696846,0.9928885102272034,,,
,,,,,,,65535.0,61000.0,90.0
350.274,-0.98172527551651,-0.11279261857271194,-0.8904125690460205,-0.15566867589950562,-0.11878181993961334,0.9871981739997864,,,
,,,,,,,65535.0,61000.0,90.0
350.284,-1.0967605113983154,-0.6895928978919983,-0.9864197969436646,-0.15917932987213135,-0.11791010946035385,0.9776508808135986,,,
,,,,,,,65535.0,59000.0,90.0
350.294,-1.3182464838027954,-0.39930498600006104,-0.6318749785423279,-0.16196438670158386,-0.11702951043844223,0.9727986454963684,,,
,,,,,,,65535.0,59000.0,90.0
350.304,-1.3923063278198242,-0.8581742644309998,-0.6942967772483826,-0.15626618266105652,-0.11645470559597015,0.9774399399757385,,,
,,,,,,,65535.0,59000.0,90.0
350.314,-1.609816551208496,-0.9100916981697083,-0.6881901621818542,-0.1513015478849411,-0.11929679661989212,0.9833806753158569,,,
,,,,,,,65535.0,59000.0,90.0
350.324,-0.9944772124290466,-1.1593326330184937,-0.7999725341796875,-0.14827960729599,-0.1227492019534111,0.9849703907966614,,,
,,,,,,,65535.0,59000.0,90.0
350.334,-0.9836328029632568,-1.1235198974609375,-0.3720121681690216,-0.14451776444911957,-0.11738289892673492,0.9897745847702026,,,
,,,,,,,65535.0,59000.0,90.0
350.344,-1.6605030298233032,-0.8763234615325928,0.23237740993499756,-0.1460259109735489,-0.11613038927316666,0.9862918257713318,,,
,,,,,,,65535.0,59000.0,90.0
350.354,-1.7979758977890015,0.013781641609966755,0.40671658515930176,-0.14552117884159088,-0.12428885698318481,0.9791421890258789,,,
,,,,,,,65535.0,59000.0,90.0
350.364,-1.897722601890564,0.46910908818244934,0.6344183683395386,-0.1446923315525055,-0.12669363617897034,0.983985424041748,,,
,,,,,,,65535.0,59000.0,90.0
350.374,-1.9739100933074951,-0.36656075716018677,0.7871039509773254,-0.1466558426618576,-0.1246650293469429,0.9965229630470276,,,
,,,,,,,65535.0,55000.0,90.0
350.384,1.0125153064727783,0.033444277942180634,0.6244212985038757,-0.14407306909561157,-0.13034485280513763,0.998357355594635,,,
,,,,,,,65535.0,55000.0,90.0
350.394,1.4480828046798706,-0.1789858192205429,-0.1005418598651886,-0.1347963511943817,-0.1325000822544098,0.9987381100654602,,,
,,,,,,,65535.0,55000.0,90.0
350.404,1.666926383972168,-1.3685492277145386,0.07852700352668762,-0.1372157335281372,-0.12065194547176361,1.0067737102508545,,,
,,,,,,,65535.0,55000.0,90.0
350.414,2.7089414596557617,-0.6907750964164734,1.278017282485962,-0.1488288938999176,-0.10645177215337753,0.9921126365661621,,,
,,,,,,,65535.0,55000.0,90.0
350.424,1.1384481191635132,1.0394514799118042,2.140446186065674,-0.14047624170780182,-0.11362932622432709,0.9715021848678589,,,
,,,,,,,65535.0,55000.0,90.0
350.434,-0.8532229065895081,1.4862558841705322,2.2293548583984375,-0.13507823646068573,-0.11900702118873596,0.978569507598877,,,
,,,,,,,65535.0,55000.0,90.0
350.444,-0.4331034719944,0.44167184829711914,1.4906327724456787,-0.1416603922843933,-0.12260328978300095,1.0006438493728638,,,
,,,,,,,65535.0,55000.0,90.0
350.454,1.7480791807174683,-0.5801055431365967,0.14837214350700378,-0.14027337729930878,-0.13068316876888275,1.0042484998703003,,,
,,,,,,,65535.0,52000.0,90.0
350.464,2.9817538261413574,-0.039742935448884964,-0.7683748006820679,-0.13382673263549805,-0.12987561523914337,0.9887568354606628,,,
,,,,,,,65535.0,52000.0,90.0
350.474,2.6839535236358643,-0.38964277505874634,-1.294838786125183,-0.13708876073360443,-0.11182574182748795,0.9858778119087219,,,
,,,,,,,65535.0,52000.0,90.0
350.484,1.9924372434616089,-1.2244411706924438,-0.15439827740192413,-0.14337152242660522,-0.09203211963176727,0.997621476650238,,,
,,,,,,,65535.0,52000.0,90.0
350.494,2.2592151165008545,0.045064520090818405,0.8745267987251282,-0.14329299330711365,-0.08708933740854263,0.9716282486915588,,,
,,,,,,,65535.0,52000.0,90.0
350.504,0.5258275270462036,3.3161725997924805,1.7250937223434448,-0.12621323764324188,-0.09789886325597763,0.9478533864021301,,,
,,,,,,,65535.0,52000.0,90.0
350.514,-3.206954002380371,2.718691349029541,1.3447471857070923,-0.13557930290699005,-0.10468294471502304,0.9784677624702454,,,
,,,,,,,65535.0,52000.0,90.0
350.524,-1.5588880777359009,1.1001873016357422,1.1234182119369507,-0.15043781697750092,-0.11984125524759293,1.01012122631073,,,
,,,,,,,65535.0,52000.0,90.0
350.534,2.497138500213623,0.3089069426059723,-1.2998297214508057,-0.1436949223279953,-0.1379396915435791,1.0042389631271362,,,
,,,,,,,65535.0,52000.0,90.0
350.544,4.390044212341309,-0.17185328900814056,-3.162818431854248,-0.1395115852355957,-0.1326151192188263,0.9839802980422974,,,
,,,,,,,65535.0,44000.0,90.0
350.554,3.5778911113739014,0.45705029368400574,-2.3413941860198975,-0.15061812102794647,-0.09585962444543839,0.9754796028137207,,,
,,,,,,,65535.0,44000.0,90.0
350.564,2.3800978660583496,-3.447932243347168,0.4671420753002167,-0.17166373133659363,-0.06989242136478424,1.0098439455032349,,,
,,,,,,,65535.0,44000.0,90.0
350.574,3.8617608547210693,-0.6442005634307861,3.1468706130981445,-0.17668770253658295,-0.07899113744497299,0.9548588991165161,,,
,,,,,,,65535.0,44000.0,90.0
350.584,1.2349728345870972,10.821260452270508,5.532195091247559,-0.12280843406915665,-0.09483691304922104,0.8725379705429077,,,
,,,,,,,65535.0,44000.0,90.0
350.594,-16.5469970703125,3.5900301933288574,3.4467499256134033,-0.12929271161556244,-0.10348988324403763,0.9948597550392151,,,
,,,,,,,65535.0,44000.0,90.0
350.604,-8.183257102966309,-2.634220600128174,-1.1389381885528564,-0.17258530855178833,-0.14799617230892181,1.0792232751846313,,,
,,,,,,,65535.0,44000.0,90.0
350.614,17.272472381591797,-3.876668930053711,-7.024044513702393,-0.13946117460727692,-0.19166794419288635,1.0404784679412842,,,
,,,,,,,65535.0,44000.0,90.0
350.624,14.61140251159668,-3.6491992473602295,-9.392356872558594,-0.12939003109931946,-0.1044887900352478,0.9808604121208191,,,
,,,,,,,65535.0,41000.0,90.0
350.634,-1.8114262819290161,-2.509037733078003,-0.992175817489624,-0.1569974273443222,0.04497670754790306,0.9328269362449646,,,
,,,,,,,65535.0,41000.0,90.0
350.644,-11.967569351196289,0.8857485055923462,8.082613945007324,-0.17662413418293,0.02656017802655697,0.9082183241844177,,,
,,,,,,,65535.0,41000.0,90.0
350.654,-7.269068241119385,4.055272579193115,7.361610412597656,-0.14946621656417847,-0.12710687518119812,0.9502180218696594,,,
,,,,,,,65535.0,41000.0,90.0
350.664,0.2794274687767029,-1.1296064853668213,-0.4074324667453766,-0.13011902570724487,-0.19353190064430237,1.051645040512085,,,
,,,,,,,65535.0,41000.0,90.0
350.674,5.897167682647705,-6.939070224761963,-3.458798408508301,-0.14464902877807617,-0.11843632906675339,1.0597134828567505,,,
,,,,,,,65535.0,41000.0,90.0
350.684,5.258862495422363,-1.8390355110168457,-0.08069901913404465,-0.15022984147071838,-0.04772912710905075,0.9383811950683594,,,
,,,,,,,65535.0,41000.0,90.0
350.694,-6.828965663909912,1.3156465291976929,2.752470016479492,-0.13521701097488403,-0.062261488288640976,0.9103944897651672,,,
,,,,,,,65535.0,41000.0,90.0
350.704,-8.1167573928833,0.8531244397163391,1.1768345832824707,-0.14423634111881256,-0.11637270450592041,0.9847654104232788,,,
,,,,,,,65535.0,41000.0,90.0
350.714,0.6813739538192749,0.03945034742355347,-1.2971609830856323,-0.13320645689964294,-0.1403023600578308,1.0260282754898071,,,
,,,,,,,65535.0,32767.0,90.0
350.724,-0.44203275442123413,-2.424628734588623,-4.242912769317627,-0.12998469173908234,-0.12626437842845917,1.0220922231674194,,,
,,,,,,,65535.0,32767.0,90.0
350.734,1.9613804817199707,-0.7039546966552734,-3.241297483444214,-0.1417989581823349,-0.0977451503276825,0.9811064004898071,,,
,,,,,,,65535.0,32767.0,90.0
350.744,1.511177897453308,-1.842223882675171,-1.4610031843185425,-0.15659847855567932,-0.08990366756916046,0.9904099702835083,,,
,,,,,,,65535.0,32767.0,90.0
350.754,-0.6000471711158752,6.583903789520264,1.8699963092803955,-0.14085806906223297,-0.08883104473352432,0.9326797723770142,,,
,,,,,,,65535.0,32767.0,90.0
350.764,-19.082725524902344,-0.4822269380092621,-0.7088624238967896,-0.13493019342422485,-0.11983756721019745,1.0022270679473877,,,
,,,,,,,65535.0,32767.0,90.0
350.774,0.02415892668068409,-0.28454628586769104,-4.127390384674072,-0.15434493124485016,-0.15958259999752045,1.0084370374679565,,,
,,,,,,,65535.0,32767.0,90.0
350.784,17.068279266357422,1.7065234184265137,-7.182139873504639,-0.12183669954538345,-0.16760945320129395,1.016679286956787,,,
,,,,,,,65535.0,32767.0,90.0
350.794,-3.0256900787353516,-5.681166648864746,-8.88456916809082,-0.13983631134033203,-0.08551186323165894,1.0230112075805664,,,
,,,,,,,65535.0,31000.0,90.0
350.804,-2.5637173652648926,2.0347042083740234,1.2005640268325806,-0.16134968400001526,0.010151252150535583,0.9066433906555176,,,
,,,,,,,65535.0,31000.0,90.0
350.814,-11.354754447937012,3.2306060791015625,4.005947589874268,-0.1518673300743103,-0.08208784461021423,0.9431623816490173,,,
,,,,,,,65535.0,31000.0,90.0
350.824,-4.889595985412598,0.9119159579277039,-0.6249778866767883,-0.14813582599163055,-0.18279540538787842,1.0045396089553833,,,
,,,,,,,65535.0,31000.0,90.0
350.834,5.339812278747559,-1.1439403295516968,-3.62776517868042,-0.14789068698883057,-0.15937109291553497,1.0383756160736084,,,
,,,,,,,65535.0,31000.0,90.0
350.844,0.66987144947052,-1.650351643562317,-2.226658344268799,-0.15203681588172913,-0.09080040454864502,0.9904889464378357,,,
,,,,,,,65535.0,31000.0,90.0
350.854,-4.058977127075195,1.317294955253601,2.18962025642395,-0.15554635226726532,-0.06823050230741501,0.9310213923454285,,,
,,,,,,,65535.0,31000.0,90.0
350.864,-6.155849456787109,2.6283223628997803,2.9519896507263184,-0.15406718850135803,-0.12175004929304123,0.9590600728988647,,,
,,,,,,,65535.0,31000.0,90.0
350.874,-5.150597095489502,0.1734786480665207,1.0111749172210693,-0.1486055850982666,-0.1561616212129593,1.0182185173034668,,,
,,,,,,,65535.0,31000.0,90.0
350.884,-0.8265122771263123,-0.02166651003062725,0.16454853117465973,-0.14398865401744843,-0.1346990168094635,1.0147987604141235,,,
,,,,,,,65535.0,26000.0,90.0
350.894,0.24687445163726807,-0.2587089538574219,0.2679377496242523,-0.13927550613880157,-0.11649393290281296,0.9870214462280273,,,
,,,,,,,65535.0,26000.0,90.0
350.904,-2.035097360610962,0.549816370010376,0.44415438175201416,-0.14472168684005737,-0.12035643309354782,0.9732390642166138,,,
,,,,,,,65535.0,26000.0,90.0
350.914,-3.351698160171509,0.8741922974586487,1.312530517578125,-0.16253748536109924,-0.12187565863132477,0.9853878617286682,,,
,,,,,,,65535.0,26000.0,90.0
350.924,-1.673716425895691,0.46853500604629517,2.907984733581543,-0.16258098185062408,-0.12160946428775787,0.9951859712600708,,,
,,,,,,,65535.0,26000.0,90.0
350.934,-4.288601875305176,1.0662550926208496,2.692086935043335,-0.1440168172121048,-0.1380998194217682,0.9840530753135681,,,
,,,,,,,65535.0,26000.0,90.0
350.944,-6.180191993713379,-0.39214447140693665,-0.09455443918704987,-0.14690624177455902,-0.15582101047039032,0.9964562654495239,,,
,,,,,,,65535.0,26000.0,90.0
350.954,4.161838531494141,1.4312379360198975,-0.7604385614395142,-0.14572452008724213,-0.14421774446964264,0.9939984679222107,,,
,,,,,,,65535.0,26000.0,90.0
350.964,3.4989254474639893,-0.43237435817718506,-1.591307520866394,-0.14895838499069214,-0.12863041460514069,1.00942063331604,,,
,,,,,,,65535.0,23000.0,90.0
350.974,-1.0701268911361694,-0.8771247863769531,-0.15522271394729614,-0.15103991329669952,-0.0917583703994751,0.9722987413406372,,,
,,,,,,,65535.0,23000.0,90.0
350.984,-3.0968525409698486,1.7944567203521729,2.7678308486938477,-0.15059444308280945,-0.07838153094053268,0.9416220784187317,,,
,,,,,,,65535.0,23000.0,90.0
350.994,-3.5460636615753174,1.9139324426651,2.4573216438293457,-0.14834679663181305,-0.1172897219657898,0.9730653166770935,,,
,,,,,,,65535.0,23000.0,90.0
351.004,-0.16544029116630554,0.358694851398468,1.2024399042129517,-0.1416866034269333,-0.13768699765205383,1.001386046409607,,,
,,,,,,,65535.0,23000.0,90.0
351.014,0.20172631740570068,0.4849756062030792,1.4553718566894531,-0.14260461926460266,-0.1165270209312439,0.9959374070167542,,,
,,,,,,,65535.0,23000.0,90.0
351.024,-3.190462350845337,0.7003851532936096,1.7282698154449463,-0.1450989842414856,-0.10672523081302643,0.9713162183761597,,,
,,,,,,,65535.0,23000.0,90.0
351.034,-1.2949955463409424,1.4235848188400269,1.470139980316162,-0.1433781534433365,-0.12290630489587784,0.9715958833694458,,,
,,,,,,,65535.0,23000.0,90.0
351.044,1.2235934734344482,1.1701852083206177,0.5891544222831726,-0.14392022788524628,-0.14700916409492493,1.0018417835235596,,,
,,,,,,,65535.0,23000.0,90.0
351.054,1.6261744499206543,-1.0464926958084106,-1.0868473052978516,-0.14632834494113922,-0.1387479156255722,1.0186604261398315,,,
,,,,,,,65535.0,23000.0,90.0
351.064,0.8503961563110352,-0.6072251796722412,-0.361855149269104,-0.1465263068675995,-0.11228270083665848,0.9877490401268005,,,
,,,,,,,62000.0,23000.0,90.0
351.074,-0.5840822458267212,0.3072505295276642,0.2342223823070526,-0.14433662593364716,-0.11698616296052933,0.9740281105041504,,,
,,,,,,,62000.0,23000.0,90.0
351.084,-0.7142640948295593,0.0019588281866163015,-0.8263940215110779,-0.1456507444381714,-0.1342339664697647,0.9866065979003906,,,
,,,,,,,62000.0,23000.0,90.0
351.094,0.9198909401893616,-0.9923806190490723,-1.6107224225997925,-0.14718307554721832,-0.1315995752811432,1.0032576322555542,,,
,,,,,,,62000.0,23000.0,90.0
351.104,1.4148379564285278,-1.0430659055709839,-1.369858980178833,-0.15148766338825226,-0.11557246744632721,0.9896446466445923,,,
,,,,,,,62000.0,23000.0,90.0
351.114,0.9183267951011658,0.7743169069290161,-0.5776129364967346,-0.14636556804180145,-0.10548479855060577,0.9687923192977905,,,
,,,,,,,62000.0,23000.0,90.0
351.124,0.16831010580062866,0.4960152804851532,-0.4731398820877075,-0.15348395705223083,-0.11118797957897186,0.9795605540275574,,,
,,,,,,,62000.0,23000.0,90.0
351.134,1.5513243675231934,-0.224197655916214,-0.35305729508399963,-0.1496201604604721,-0.11309400200843811,0.9910858869552612,,,
,,,,,,,62000.0,23000.0,90.0
351.144,1.7942328453063965,0.12776534259319305,-0.5480970740318298,-0.14081457257270813,-0.11328540742397308,0.9806278347969055,,,
,,,,,,,62000.0,26000.0,90.0
351.154,1.8637794256210327,1.0169918537139893,-0.3058421313762665,-0.13751274347305298,-0.11067010462284088,0.9736881852149963,,,
,,,,,,,45000.0,26000.0,90.0
351.164,-0.412443608045578,1.2892118692398071,-0.1435023993253708,-0.13950975239276886,-0.10673505812883377,0.9735678434371948,,,
,,,,,,,45000.0,26000.0,90.0
351.174,-0.8082306385040283,2.4073474407196045,-0.3553166389465332,-0.1380038559436798,-0.1143496036529541,0.9835771918296814,,,
,,,,,,,45000.0,26000.0,90.0
351.184,0.41446787118911743,0.8451703786849976,-1.042925477027893,-0.14540846645832062,-0.12406494468450546,0.9963823556900024,,,
,,,,,,,45000.0,26000.0,90.0
351.194,3.4984395503997803,3.4233896732330322,-0.24562497437000275,-0.1473255455493927,-0.12343619018793106,0.9874032139778137,,,
,,,,,,,45000.0,26000.0,90.0
351.204,-2.4316351413726807,1.8281255960464478,-0.5044955015182495,-0.15637262165546417,-0.12000682204961777,1.0045253038406372,,,
,,,,,,,45000.0,26000.0,90.0
351.214,-0.9450698494911194,0.9629023671150208,0.3089737296104431,-0.15593759715557098,-0.11852870136499405,1.0084962844848633,,,
,,,,,,,45000.0,26000.0,90.0
351.224,2.0747628211975098,-0.3580423593521118,-0.3749060034751892,-0.16529788076877594,-0.1382794827222824,1.0178210735321045,,,
,,,,,,,45000.0,28000.0,90.0
351.234,4.203136444091797,-2.370828866958618,-2.4558217525482178,-0.1546483337879181,-0.14907582104206085,0.9942713379859924,,,
,,,,,,,32767.0,28000.0,90.0
351.244,3.603803873062134,-0.9104359149932861,-1.9406530857086182,-0.16177426278591156,-0.11587314307689667,0.9604537487030029,,,
,,,,,,,32767.0,28000.0,90.0
351.254,0.7278727293014526,-0.5493180751800537,-0.4025757312774658,-0.16828471422195435,-0.09177437424659729,0.953845202922821,,,
,,,,,,,32767.0,28000.0,90.0
351.264,-0.4150281250476837,2.606221914291382,0.5769743919372559,-0.1696130335330963,-0.10539986193180084,0.9406372904777527,,,
,,,,,,,32767.0,28000.0,90.0
351.274,1.4555916786193848,3.994021415710449,-0.9223761558532715,-0.15245914459228516,-0.13284114003181458,0.9566197991371155,,,
,,,,,,,32767.0,28000.0,90.0
351.284,3.5513064861297607,1.9256216287612915,-1.6170567274093628,-0.15890610218048096,-0.11239404231309891,1.0002795457839966,,,
,,,,,,,32767.0,28000.0,90.0
351.294,1.2207221984863281,-2.695270299911499,-0.5748722553253174,-0.1796228587627411,-0.08293281495571136,1.022018551826477,,,
,,,,,,,32767.0,28000.0,90.0
351.304,1.4873453378677368,-1.3703136444091797,1.5924360752105713,-0.16606301069259644,-0.08311202377080917,0.95744389295578,,,
,,,,,,,32767.0,28000.0,90.0
351.314,-1.2997545003890991,1.3134300708770752,1.4840927124023438,-0.13951510190963745,-0.10730165243148804,0.9339490532875061,,,
,,,,,,,32767.0,29000.0,90.0
351.324,-1.5359876155853271,-0.3591610789299011,0.3917621076107025,-0.1474914699792862,-0.10950587689876556,0.9856805205345154,,,
,,,,,,,32767.0,29000.0,90.0
351.334,1.1425660848617554,-1.7402303218841553,0.8281545042991638,-0.15906187891960144,-0.10772933810949326,1.0145013332366943,,,
,,,,,,,32767.0,29000.0,90.0
351.344,-0.11588598042726517,-1.3539557456970215,0.7612931132316589,-0.14536559581756592,-0.11716175824403763,0.98713219165802,,,
,,,,,,,32767.0,29000.0,90.0
351.354,-0.7841254472732544,-0.5500258803367615,0.9907578229904175,-0.14023862779140472,-0.11471293121576309,0.9726095795631409,,,
,,,,,,,32767.0,29000.0,90.0
351.364,-0.18284060060977936,-0.2315482497215271,0.7992854118347168,-0.1369505524635315,-0.11688098311424255,0.9853330254554749,,,
,,,,,,,32767.0,29000.0,90.0
351.374,-0.7027427554130554,-1.194885015487671,-0.21257725358009338,-0.1398124098777771,-0.11840968579053879,0.9945258498191833,,,
,,,,,,,32767.0,29000.0,90.0
351.384,0.8794765472412109,-0.6706048250198364,-0.3497059941291809,-0.1371106058359146,-0.11303834617137909,0.9861339330673218,,,
,,,,,,,32767.0,29000.0,90.0
351.394,0.5172697901725769,-0.08514807373285294,-1.0204929113388062,-0.13245852291584015,-0.10809500515460968,0.9737789034843445,,,
,,,,,,,32767.0,27000.0,90.0
351.404,-0.22072917222976685,0.011088547296822071,-1.3630965948104858,-0.13423402607440948,-0.10208357870578766,0.9784632325172424,,,
,,,,,,,32767.0,27000.0,90.0
351.414,-0.32238534092903137,0.6915404796600342,-1.421713948249817,-0.13921532034873962,-0.09986844658851624,0.9824663996696472,,,
,,,,,,,32767.0,27000.0,90.0
351.424,-1.1588624715805054,0.4802718162536621,-1.8174705505371094,-0.13836656510829926,-0.10434876382350922,0.9857364892959595,,,
,,,,,,,32767.0,27000.0,90.0
351.434,-1.494993805885315,-0.40342745184898376,-2.1986265182495117,-0.14142917096614838,-0.10583862662315369,0.9803141951560974,,,
,,,,,,,32767.0,27000.0,90.0
351.444,-0.4057747423648834,2.1687347888946533,-1.1014139652252197,-0.14546135067939758,-0.10303149372339249,0.9699870944023132,,,
,,,,,,,32767.0,27000.0,90.0
351.454,-4.279808521270752,-0.024606920778751373,-2.252662420272827,-0.1423790603876114,-0.10855390876531601,0.993613600730896,,,
,,,,,,,32767.0,27000.0,90.0
351.464,-0.16650055348873138,1.7177780866622925,-1.7584463357925415,-0.14193810522556305,-0.10514660179615021,0.9870375394821167,,,
,,,,,,,32767.0,27000.0,90.0
351.474,-0.9679247736930847,0.1327892541885376,-2.0915727615356445,-0.1429716795682907,-0.10578784346580505,1.0019030570983887,,,
,,,,,,,32767.0,27000.0,90.0
351.484,-1.3208051919937134,0.5863445997238159,-1.5975275039672852,-0.15034735202789307,-0.10390027612447739,0.989470899105072,,,
,,,,,,,32767.0,27000.0,90.0
351.494,-1.7963732481002808,0.519418478012085,-0.7122175693511963,-0.15552525222301483,-0.10940606147050858,0.9789791703224182,,,
,,,,,,,32767.0,27000.0,90.0
351.504,-1.4683690071105957,0.3239687383174896,-1.0729753971099854,-0.15318389236927032,-0.12309783697128296,0.9844793081283569,,,
,,,,,,,32767.0,27000.0,90.0
351.514,-0.9163137078285217,0.14704130589962006,-1.4953707456588745,-0.15592467784881592,-0.12658962607383728,0.9880393743515015,,,
,,,,,,,32767.0,27000.0,90.0
351.524,0.29971450567245483,0.23317135870456696,-1.819912075996399,-0.158126562833786,-0.12367967516183853,0.9876677989959717,,,
,,,,,,,32767.0,27000.0,90.0
351.534,-0.33524030447006226,0.604607880115509,-1.9184565544128418,-0.16098123788833618,-0.12064152210950851,0.9792394638061523,,,
,,,,,,,32767.0,27000.0,90.0
351.544,-1.1622798442840576,-0.01788066327571869,-1.7699060440063477,-0.16224434971809387,-0.11898010224103928,0.9804239273071289,,,
,,,,,,,32767.0,27000.0,90.0
351.554,-0.569115936756134,0.12076293677091599,-1.1295278072357178,-0.16223275661468506,-0.11980801820755005,0.9799038767814636,,,
,,,,,,,32767.0,27000.0,90.0
351.564,-0.7608036994934082,-0.41029611229896545,-1.8931701183319092,-0.15972056984901428,-0.11931309849023819,0.9819737672805786,,,
,,,,,,,32767.0,27000.0,90.0
351.574,-0.1996268630027771,-0.2111077606678009,-1.76891028881073,-0.15759949386119843,-0.11278507858514786,0.9810137748718262,,,
,,,,,,,32767.0,29000.0,90.0
351.584,-0.851966917514801,-0.5068886280059814,-1.2977086305618286,-0.15685400366783142,-0.10841432958841324,0.9812776446342468,,,
,,,,,,,32767.0,29000.0,90.0
351.594,-1.1163874864578247,-0.7574332356452942,-1.018623948097229,-0.15672004222869873,-0.11082569509744644,0.9812062382698059,,,
,,,,,,,32767.0,29000.0,90.0
351.604,-1.281746506690979,-0.06918008625507355,-0.8151922225952148,-0.1568748950958252,-0.11788994818925858,0.9797980785369873,,,
,,,,,,,32767.0,29000.0,90.0
351.614,-1.169952392578125,0.4480743706226349,-0.7387799620628357,-0.15326906740665436,-0.1268182098865509,0.9882073402404785,,,
,,,,,,,32767.0,29000.0,90.0
351.624,-0.22657303512096405,-1.072026014328003,-1.2002437114715576,-0.15278862416744232,-0.12522247433662415,0.9954261779785156,,,
,,,,,,,32767.0,29000.0,90.0
351.634,1.9169588088989258,-0.13374796509742737,-0.3270934224128723,-0.15774784982204437,-0.11947531253099442,0.9771048426628113,,,
,,,,,,,32767.0,29000.0,90.0
351.644,-3.0510449409484863,-0.48566409945487976,-0.14547112584114075,-0.15383493900299072,-0.11545718461275101,0.9722248315811157,,,
,,,,,,,32767.0,29000.0,90.0
351.654,-2.0962233543395996,0.6910527348518372,0.46442458033561707,-0.14975301921367645,-0.11090607196092606,0.9615210294723511,,,
,,,,,,,32767.0,29000.0,90.0
351.664,-2.135213613510132,1.0721403360366821,-0.18780842423439026,-0.1497855931520462,-0.12515534460544586,0.9868020415306091,,,
,,,,,,,32767.0,29000.0,90.0
351.674,-0.9472575187683105,-0.5735114216804504,-1.3778326511383057,-0.14874663949012756,-0.12619908154010773,0.9987399578094482,,,
,,,,,,,32767.0,29000.0,90.0
351.684,-0.673189640045166,0.19119063019752502,-0.6741902828216553,-0.15362924337387085,-0.11922076344490051,0.9832155704498291,,,
,,,,,,,32767.0,29000.0,90.0
351.694,-1.8728758096694946,0.22789084911346436,-0.27586737275123596,-0.15402930974960327,-0.12246274948120117,0.9748461246490479,,,
,,,,,,,32767.0,29000.0,90.0
351.704,-2.2866101264953613,0.9883539080619812,0.024845046922564507,-0.15344871580600739,-0.12856487929821014,0.9797461628913879,,,
,,,,,,,32767.0,29000.0,90.0
351.714,-0.7689580917358398,0.09020885825157166,-0.687554657459259,-0.15407879650592804,-0.13877557218074799,0.9962388277053833,,,
,,,,,,,32767.0,29000.0,90.0
351.724,0.5313703417778015,-0.02597717195749283,-1.4489831924438477,-0.15286070108413696,-0.1344171017408371,0.9925101399421692,,,
,,,,,,,32767.0,29000.0,90.0
351.734,0.5087239742279053,-0.6105512380599976,-1.2595278024673462,-0.14766167104244232,-0.12721043825149536,0.9836698770523071,,,
,,,,,,,32767.0,29000.0,90.0
351.744,-0.4618433713912964,-0.29812371730804443,-1.078020691871643,-0.1458515077829361,-0.12565390765666962,0.9772902131080627,,,
,,,,,,,32767.0,29000.0,90.0
351.754,-1.4391186237335205,0.09187427908182144,-0.9318090677261353,-0.14766743779182434,-0.1294683814048767,0.9904870986938477,,,
,,,,,,,31000.0,29000.0,90.0
351.764,-0.4621456563472748,-0.6900315284729004,-0.9512600898742676,-0.1528615951538086,-0.1322566270828247,0.9986440539360046,,,
,,,,,,,31000.0,29000.0,90.0
351.774,-0.13125382363796234,-0.5686066150665283,-0.6693943738937378,-0.15200605988502502,-0.13388361036777496,0.9913476705551147,,,
,,,,,,,31000.0,29000.0,90.0
351.784,0.5352059602737427,0.4612530767917633,-0.2486596405506134,-0.14620067179203033,-0.1324581503868103,0.9780062437057495,,,
,,,,,,,31000.0,29000.0,90.0
351.794,-0.02214932255446911,0.79548180103302,-0.5105370283126831,-0.14811721444129944,-0.1335349828004837,0.979701042175293,,,
,,,,,,,31000.0,29000.0,90.0
351.804,-0.0851249024271965,-0.05244964733719826,0.06996003538370132,-0.16252362728118896,-0.12767207622528076,0.9921387434005737,,,
,,,,,,,31000.0,29000.0,90.0
351.814,0.4822789132595062,-0.02446221560239792,0.8107331395149231,-0.16789066791534424,-0.12317892909049988,0.9815386533737183,,,
,,,,,,,31000.0,29000.0,90.0
351.824,0.8773082494735718,0.92885822057724,0.8634657859802246,-0.15675660967826843,-0.13058039546012878,0.96180659532547,,,
,,,,,,,31000.0,29000.0,90.0
351.834,0.4196949601173401,1.2929352521896362,0.7570315003395081,-0.1578873097896576,-0.12117811292409897,0.967818021774292,,,
,,,,,,,31000.0,27000.0,90.0
351.844,0.3922027349472046,1.3412582874298096,1.418485164642334,-0.16542445123195648,-0.11498550325632095,0.9780476093292236,,,
,,,,,,,30000.0,27000.0,90.0
351.854,-0.26911360025405884,1.1386960744857788,1.5433443784713745,-0.16415245831012726,-0.12068919092416763,0.9762521386146545,,,
,,,,,,,30000.0,27000.0,90.0
351.864,0.1324286311864853,0.7168360352516174,1.068077802658081,-0.16089960932731628,-0.12608356773853302,0.9774239659309387,,,
,,,,,,,30000.0,27000.0,90.0
351.874,0.9386546611785889,0.1180349662899971,1.1502553224563599,-0.1589048206806183,-0.11833483725786209,0.9794187545776367,,,
,,,,,,,30000.0,27000.0,90.0
351.884,0.3063603341579437,1.5162370204925537,1.303558588027954,-0.1566096395254135,-0.11553402990102768,0.969149649143219,,,
,,,,,,,30000.0,27000.0,90.0
351.894,-2.9254300594329834,0.007193867117166519,0.1411907821893692,-0.1526050865650177,-0.12331335991621017,0.9841891527175903,,,
,,,,,,,30000.0,27000.0,90.0
351.904,2.3465797901153564,-0.6022627949714661,0.6308096647262573,-0.1585913449525833,-0.11724527180194855,0.9907452464103699,,,
,,,,,,,30000.0,27000.0,90.0
351.914,0.8829413056373596,-2.147839069366455,0.33587223291397095,-0.15555179119110107,-0.11621052771806717,1.0028886795043945,,,
,,,,,,,30000.0,27000.0,90.0
351.924,1.1288381814956665,-1.4995169639587402,0.05781462788581848,-0.14371709525585175,-0.10454989224672318,0.9805253148078918,,,
,,,,,,,30000.0,27000.0,90.0
351.934,-0.6095010638237,-0.7369179725646973,0.9206100702285767,-0.1448727697134018,-0.099154531955719,0.9750988483428955,,,
,,,,,,,30000.0,27000.0,90.0
351.944,-0.6558887958526611,-1.863386869430542,0.7506077885627747,-0.1478150486946106,-0.1137005165219307,0.9919852018356323,,,
,,,,,,,30000.0,27000.0,90.0
351.954,0.7029226422309875,-0.7147495150566101,-0.013028733432292938,-0.1456189900636673,-0.12368457019329071,0.9858676195144653,,,
,,,,,,,30000.0,27000.0,90.0
351.964,1.25675630569458,-1.3421038389205933,-0.3339724540710449,-0.14627523720264435,-0.11803887784481049,0.9836629033088684,,,
,,,,,,,30000.0,27000.0,90.0
351.974,-0.14500084519386292,-0.5629091858863831,0.24299077689647675,-0.15045496821403503,-0.10225962847471237,0.96805739402771,,,
,,,,,,,30000.0,27000.0,90.0
351.984,-1.127830982208252,0.04398973286151886,0.7381760478019714,-0.1516450047492981,-0.10713066160678864,0.9655076861381531,,,
,,,,,,,30000.0,27000.0,90.0
351.994,-0.7835243940353394,0.844806969165802,0.41249164938926697,-0.1467403918504715,-0.11867783218622208,0.9783545136451721,,,
,,,,,,,30000.0,27000.0,90.0
352.004,-0.11988916993141174,0.08416423201560974,-0.4712789058685303,-0.142423614859581,-0.11560352891683578,0.9911349415779114,,,
,,,,,,,30000.0,27000.0,90.0
352.014,0.410180926322937,0.558921217918396,-0.2716156244277954,-0.13629573583602905,-0.1023554876446724,0.9919840693473816,,,
,,,,,,,29000.0,27000.0,90.0
352.024,-0.1580812931060791,1.040650725364685,0.16423356533050537,-0.13049152493476868,-0.10107992589473724,0.9924342036247253,,,
,,,,,,,29000.0,27000.0,90.0
352.034,-1.6231184005737305,0.5500525832176208,-0.1349862813949585,-0.13441285490989685,-0.10926226526498795,0.9937641620635986,,,
,,,,,,,29000.0,27000.0,90.0
352.044,-0.8422785401344299,1.0177823305130005,-0.66920006275177,-0.13697369396686554,-0.11394114792346954,0.9895291328430176,,,
,,,,,,,29000.0,27000.0,90.0
352.054,-1.3755383491516113,1.470791220664978,-1.486925482749939,-0.1333775520324707,-0.12255730479955673,0.9882837533950806,,,
,,,,,,,29000.0,27000.0,90.0
352.064,-0.7221434116363525,0.8114663362503052,-2.3437771797180176,-0.14702099561691284,-0.12597957253456116,0.9923182129859924,,,
,,,,,,,29000.0,27000.0,90.0
352.074,-0.6081300973892212,0.8866837620735168,-2.6986076831817627,-0.15510551631450653,-0.13019803166389465,0.9847562313079834,,,
,,,,,,,29000.0,27000.0,90.0
352.084,-0.4221239984035492,1.1588166952133179,-3.0740628242492676,-0.15142260491847992,-0.13245150446891785,0.9691316485404968,,,
,,,,,,,29000.0,27000.0,90.0
352.094,-1.3313593864440918,1.3352025747299194,-3.793896436691284,-0.14503569900989532,-0.12644346058368683,0.9783405661582947,,,
,,,,,,,26000.0,27000.0,90.0
352.104,-0.5764106512069702,0.7510993480682373,-3.9515769481658936,-0.14195342361927032,-0.11874371021986008,0.9906347393989563,,,
,,,,,,,26000.0,27000.0,90.0
352.114,-0.5513108968734741,0.9156195521354675,-3.5967838764190674,-0.14048242568969727,-0.11814303696155548,0.9888014793395996,,,
,,,,,,,26000.0,27000.0,90.0
352.124,-0.3042849898338318,1.5473579168319702,-3.6640782356262207,-0.1447993516921997,-0.10935330390930176,0.98056960105896,,,
,,,,,,,26000.0,27000.0,90.0
352.134,-1.3530274629592896,2.5921428203582764,-2.8946845531463623,-0.1392187923192978,-0.1134461835026741,0.9796475172042847,,,
,,,,,,,26000.0,27000.0,90.0
352.144,-1.7445120811462402,1.5229114294052124,-2.8124656677246094,-0.15089081227779388,-0.12545494735240936,1.0053728818893433,,,
,,,,,,,26000.0,27000.0,90.0
352.154,-0.7199104428291321,-1.0004421472549438,-1.9033458232879639,-0.17056196928024292,-0.12846991419792175,1.0144000053405762,,,
,,,,,,,26000.0,27000.0,90.0
352.164,0.8358652591705322,0.18732306361198425,-1.6160039901733398,-0.16147926449775696,-0.14503134787082672,0.9743070006370544,,,
,,,,,,,26000.0,27000.0,90.0
352.174,-0.13038526475429535,1.768393635749817,-2.158780574798584,-0.15059241652488708,-0.1458297073841095,0.9562987089157104,,,
,,,,,,,26000.0,27000.0,90.0
352.184,0.25778812170028687,1.574882984161377,-1.684777855873108,-0.162888303399086,-0.1336456835269928,0.9920317530632019,,,
,,,,,,,14000.0,27000.0,90.0
352.194,0.8830790519714355,-0.22579626739025116,-0.5853852033615112,-0.16627763211727142,-0.13340380787849426,1.004689335823059,,,
,,,,,,,14000.0,27000.0,90.0
352.204,1.4265819787979126,2.3038458824157715,-0.20619428157806396,-0.15759360790252686,-0.14370959997177124,0.9647296667098999,,,
,,,,,,,14000.0,27000.0,90.0
352.214,0.5391895771026611,4.960330963134766,-0.6449280381202698,-0.14237669110298157,-0.14389321208000183,0.9494485259056091,,,
,,,,,,,14000.0,27000.0,90.0
352.224,0.15063031017780304,4.269372463226318,-0.9982823133468628,-0.15321871638298035,-0.14018693566322327,1.0012699365615845,,,
,,,,,,,14000.0,27000.0,90.0
352.234,1.447990894317627,0.5156765580177307,-0.9245545864105225,-0.17665442824363708,-0.14237786829471588,1.0433837175369263,,,
,,,,,,,14000.0,27000.0,90.0
352.244,3.007131576538086,-1.5012816190719604,-0.8906429409980774,-0.18275906145572662,-0.15058937668800354,1.0112534761428833,,,
,,,,,,,14000.0,27000.0,90.0
352.254,3.375225305557251,-0.9086463451385498,-0.5510580539703369,-0.17254570126533508,-0.14815199375152588,0.9605309963226318,,,
,,,,,,,14000.0,27000.0,90.0
352.264,2.885258674621582,0.8264186382293701,-0.5401784777641296,-0.161873921751976,-0.1396043598651886,0.946503758430481,,,
,,,,,,,5000.0,27000.0,90.0
352.274,2.3912808895111084,1.741776943206787,0.004637956619262695,-0.1629352569580078,-0.13070125877857208,0.9679263830184937,,,
,,,,,,,5000.0,27000.0,90.0
352.284,2.083141803741455,1.807769536972046,0.13286347687244415,-0.16742902994155884,-0.12608559429645538,0.9857736825942993,,,
,,,,,,,5000.0,27000.0,90.0
352.294,2.1744961738586426,0.9022725820541382,1.2613933086395264,-0.16702157258987427,-0.12403746694326401,0.9848280549049377,,,
,,,,,,,5000.0,27000.0,90.0
352.304,3.3460676670074463,1.7232780456542969,1.4489665031433105,-0.16585446894168854,-0.1277119666337967,0.9714934229850769,,,
,,,,,,,5000.0,27000.0,90.0
352.314,2.7720837593078613,2.2179996967315674,1.1381913423538208,-0.15496282279491425,-0.1310863196849823,0.9681713581085205,,,
,,,,,,,5000.0,27000.0,90.0
352.324,2.225072145462036,2.1677632331848145,0.8980080485343933,-0.16519267857074738,-0.12340623885393143,0.9807038307189941,,,
,,,,,,,5000.0,27000.0,90.0
352.334,3.445843458175659,1.321790337562561,2.0908868312835693,-0.16656924784183502,-0.11221274733543396,0.9931995868682861,,,
,,,,,,,5000.0,25000.0,90.0
352.344,1.487358570098877,0.5268579125404358,2.1694371700286865,-0.15712101757526398,-0.11692006140947342,0.9770355224609375,,,
,,,,,,,0.0,25000.0,90.0
352.354,0.9746087789535522,1.3429204225540161,2.154144287109375,-0.16063864529132843,-0.11635462194681168,0.9675771594047546,,,
,,,,,,,0.0,25000.0,90.0
352.364,3.2944414615631104,0.4181385934352875,2.517026424407959,-0.15083986520767212,-0.11036090552806854,0.9936385154724121,,,
,,,,,,,0.0,25000.0,90.0
352.374,1.4350197315216064,-0.3994121849536896,1.9114896059036255,-0.1551855057477951,-0.11205309629440308,0.9943544864654541,,,
,,,,,,,0.0,25000.0,90.0
352.384,1.0525068044662476,0.9088220000267029,1.8024660348892212,-0.16074161231517792,-0.10619532316923141,0.9816225171089172,,,
,,,,,,,0.0,25000.0,90.0
352.394,3.3596081733703613,0.964756965637207,1.7705165147781372,-0.1549602746963501,-0.10628318786621094,0.9848074913024902,,,
,,,,,,,0.0,25000.0,90.0
352.404,1.915425181388855,0.18458552658557892,0.9802800416946411,-0.15821385383605957,-0.11998722702264786,0.9805453419685364,,,
,,,,,,,0.0,25000.0,90.0
352.414,1.2703046798706055,0.16308270394802094,0.09718772768974304,-0.17305713891983032,-0.10928963124752045,0.9647606015205383,,,
,,,,,,,0.0,24000.0,90.0
352.424,0.958796501159668,1.412864327430725,1.1105810403823853,-0.18243171274662018,-0.08340039849281311,0.9641797542572021,,,
,,,,,,,0.0,24000.0,90.0
352.434,0.848046600818634,-0.012064206413924694,1.155220627784729,-0.17967753112316132,-0.09792964160442352,0.974825382232666,,,
,,,,,,,0.0,24000.0,90.0
352.444,2.549294948577881,0.5175060033798218,0.44849908351898193,-0.1726575493812561,-0.11519496142864227,0.9647125601768494,,,
,,,,,,,0.0,24000.0,90.0
352.454,1.515651822090149,0.4753655195236206,0.1482771784067154,-0.1647179126739502,-0.1008850559592247,0.9686560034751892,,,
,,,,,,,0.0,24000.0,90.0
352.464,0.47339534759521484,-0.030634230002760887,0.33425313234329224,-0.16558685898780823,-0.08125855028629303,0.9710017442703247,,,
,,,,,,,0.0,24000.0,90.0
352.474,1.0859653949737549,-0.6485130786895752,0.10382329672574997,-0.16272486746311188,-0.0865887925028801,0.9764215350151062,,,
,,,,,,,0.0,24000.0,90.0
352.484,0.9559088945388794,-0.7103018760681152,-0.25019600987434387,-0.15385909378528595,-0.10268812626600266,0.9779596924781799,,,
,,,,,,,0.0,24000.0,90.0
352.494,0.6236209869384766,-1.0993008613586426,-1.0362918376922607,-0.15065307915210724,-0.10446780920028687,0.9871802926063538,,,
,,,,,,,0.0,24000.0,90.0
352.504,-0.3857042193412781,-1.3691304922103882,-0.6885952949523926,-0.1510515809059143,-0.10124898701906204,0.9881898760795593,,,
,,,,,,,0.0,22000.0,90.0
352.514,-0.3706399202346802,-1.3732526302337646,-0.7446042895317078,-0.15484364330768585,-0.11514971405267715,0.9887970089912415,,,
,,,,,,,0.0,22000.0,90.0
352.524,-0.3948739171028137,-1.0627704858779907,-1.7872653007507324,-0.15499667823314667,-0.1231345534324646,0.9889127016067505,,,
,,,,,,,0.0,22000.0,90.0
352.534,0.5816241502761841,-1.1993718147277832,-1.8521620035171509,-0.15863630175590515,-0.12231706827878952,0.9839504361152649,,,
,,,,,,,0.0,22000.0,90.0
352.544,1.5385041236877441,-1.057582139968872,-1.2414473295211792,-0.1570463627576828,-0.11337576806545258,0.9792930483818054,,,
,,,,,,,0.0,22000.0,90.0
352.554,-1.4449524879455566,-0.3819250762462616,-1.36540687084198,-0.1579071283340454,-0.10424516350030899,0.9742288589477539,,,
,,,,,,,0.0,22000.0,90.0
352.564,-1.9588373899459839,0.7156137824058533,-0.9793001413345337,-0.15553265810012817,-0.10150396823883057,0.9739084839820862,,,
,,,,,,,0.0,22000.0,90.0
352.574,0.6144002676010132,0.27561303973197937,-1.1617995500564575,-0.1520320624113083,-0.10242065042257309,0.9837877750396729,,,
,,,,,,,0.0,22000.0,90.0
352.584,1.0390174388885498,0.4679962396621704,-1.3286744356155396,-0.15293148159980774,-0.09477470815181732,0.9847005009651184,,,
,,,,,,,0.0,24000.0,90.0
352.594,-0.042144179344177246,0.7298874855041504,-0.9935405850410461,-0.15476422011852264,-0.0772164985537529,0.9737024307250977,,,
,,,,,,,0.0,24000.0,90.0
352.604,-2.45408296585083,1.3967268466949463,0.5763134360313416,-0.16238783299922943,-0.07230451703071594,0.9565895199775696,,,
,,,,,,,0.0,24000.0,90.0
352.614,-3.4757649898529053,1.814426302909851,0.5816502571105957,-0.16653534770011902,-0.09067173302173615,0.9608294367790222,,,
,,,,,,,0.0,24000.0,90.0
352.624,-2.9668593406677246,0.8333780169487,-0.5763254165649414,-0.17129504680633545,-0.11118053644895554,0.9732418656349182,,,
,,,,,,,0.0,24000.0,90.0
352.634,-1.4889466762542725,0.6575014591217041,-1.5981266498565674,-0.1669483780860901,-0.10952266305685043,0.9702657461166382,,,
,,,,,,,0.0,24000.0,90.0
352.644,-3.125985860824585,-1.237895131111145,-1.7194831371307373,-0.1669851690530777,-0.10122203081846237,0.9812489748001099,,,
,,,,,,,0.0,24000.0,90.0
352.654,-1.216715931892395,0.08545953780412674,-0.8495781421661377,-0.1650468409061432,-0.09024651348590851,0.975635826587677,,,
,,,,,,,0.0,24000.0,90.0
352.664,-3.8423821926116943,-1.6545108556747437,-1.063584804534912,-0.15966494381427765,-0.10130506753921509,0.9943574070930481,,,
,,,,,,,0.0,25000.0,90.0
352.674,-4.031221389770508,-2.051835060119629,-1.4429948329925537,-0.15489952266216278,-0.1147422194480896,0.9983815550804138,,,
,,,,,,,6000.0,25000.0,90.0
352.684,-1.0981143712997437,-2.3879194259643555,-2.306190013885498,-0.14976631104946136,-0.12510009109973907,1.0053514242172241,,,
,,,,,,,6000.0,25000.0,90.0
352.694,0.1756960153579712,-3.4058024883270264,-2.9353833198547363,-0.14939889311790466,-0.12750960886478424,1.0100542306900024,,,
,,,,,,,6000.0,25000.0,90.0
352.704,-0.551617443561554,-4.866339206695557,-2.70070219039917,-0.15026402473449707,-0.12280277162790298,1.0022603273391724,,,
,,,,,,,6000.0,25000.0,90.0
352.714,-0.7803810238838196,-3.287597417831421,-3.23410701751709,-0.14540547132492065,-0.11746447533369064,0.9869601130485535,,,
,,,,,,,6000.0,25000.0,90.0
352.724,-1.3161102533340454,-1.8691147565841675,-2.486372947692871,-0.14893676340579987,-0.12161652743816376,0.973059356212616,,,
,,,,,,,6000.0,25000.0,90.0
352.734,-1.5793648958206177,-1.4866780042648315,-2.046231269836426,-0.15231288969516754,-0.12554822862148285,0.9786543846130371,,,
,,,,,,,6000.0,25000.0,90.0
352.744,-0.9861557483673096,-1.3488317728042603,-1.8667839765548706,-0.15663816034793854,-0.12490127235651016,0.9832329154014587,,,
,,,,,,,6000.0,25000.0,90.0
352.754,-1.0417064428329468,-0.44672825932502747,-1.2296874523162842,-0.15047965943813324,-0.12360166758298874,0.9789270162582397,,,
,,,,,,,6000.0,26000.0,90.0
352.764,-1.0832523107528687,0.44967156648635864,-1.1342341899871826,-0.14916320145130157,-0.12318772822618484,0.9804615378379822,,,
,,,,,,,16000.0,26000.0,90.0
352.774,-1.2758722305297852,0.5942296385765076,-0.3148798644542694,-0.14993904531002045,-0.12391015142202377,0.9788693785667419,,,
,,,,,,,16000.0,26000.0,90.0
352.784,-1.3391199111938477,1.2414419651031494,-0.30560046434402466,-0.15275272727012634,-0.12256335467100143,0.9765402674674988,,,
,,,,,,,16000.0,26000.0,90.0
352.794,-0.3789796531200409,1.474491000175476,-0.14994315803050995,-0.15659686923027039,-0.125307098031044,0.9792807102203369,,,
,,,,,,,16000.0,26000.0,90.0
352.804,-0.08979292213916779,0.7713454961776733,0.06769721210002899,-0.15382985770702362,-0.1351870447397232,0.9870182871818542,,,
,,,,,,,16000.0,26000.0,90.0
352.814,-0.6641897559165955,-0.7857933640480042,-0.34255659580230713,-0.16179688274860382,-0.13793884217739105,0.9837692975997925,,,
,,,,,,,16000.0,26000.0,90.0
352.824,-1.8134920597076416,-0.0038308340590447187,0.29364264011383057,-0.16406942903995514,-0.12447405606508255,0.9757575988769531,,,
,,,,,,,16000.0,26000.0,90.0
352.834,-1.7519915103912354,0.27126434445381165,1.1512268781661987,-0.16430118680000305,-0.1275005042552948,0.9706884622573853,,,
,,,,,,,16000.0,27000.0,90.0
352.844,-0.9802908301353455,-0.17938989400863647,-0.03598786145448685,-0.15932321548461914,-0.14475896954536438,0.9803966283798218,,,
,,,,,,,26000.0,27000.0,90.0
352.854,1.2010318040847778,-0.3009275794029236,-1.130964756011963,-0.1569235473871231,-0.1456887125968933,0.9954574108123779,,,
,,,,,,,26000.0,27000.0,90.0
352.864,0.627785861492157,-1.863996982574463,-1.6014074087142944,-0.1663874089717865,-0.12795333564281464,1.0000947713851929,,,
,,,,,,,26000.0,27000.0,90.0
352.874,0.7141827940940857,-2.3946282863616943,-0.4045190215110779,-0.1791318655014038,-0.11803222447633743,0.9842634797096252,,,
,,,,,,,26000.0,27000.0,90.0
352.884,0.1383325755596161,-4.248263835906982,-0.3133584260940552,-0.1822766363620758,-0.13322272896766663,0.987316370010376,,,
,,,,,,,26000.0,27000.0,90.0
352.894,0.5941197276115417,-5.473939418792725,-1.0603200197219849,-0.17073960602283478,-0.14484389126300812,0.9951686263084412,,,
,,,,,,,26000.0,27000.0,90.0
352.904,1.8549009561538696,-4.9832658767700195,0.09204161912202835,-0.17462505400180817,-0.1116853803396225,0.9782256484031677,,,
,,,,,,,26000.0,27000.0,90.0
352.914,3.0496628284454346,-3.3012781143188477,1.97810959815979,-0.17157119512557983,-0.0981070026755333,0.9574400782585144,,,
,,,,,,,26000.0,27000.0,90.0
352.924,1.1825364828109741,-1.0477771759033203,0.9996979832649231,-0.15070398151874542,-0.1304420381784439,0.9391696453094482,,,
,,,,,,,26000.0,30000.0,90.0
352.934,0.8713917136192322,1.7348148822784424,-0.048293597996234894,-0.1416018158197403,-0.12720128893852234,0.9574915170669556,,,
,,,,,,,31000.0,30000.0,90.0
352.944,-0.08597373962402344,-1.3838372230529785,0.9339693784713745,-0.16559046506881714,-0.09496244043111801,1.0122034549713135,,,
,,,,,,,31000.0,30000.0,90.0
352.954,0.421071857213974,-3.9300575256347656,1.8522732257843018,-0.1730111986398697,-0.10385395586490631,1.010317325592041,,,
,,,,,,,31000.0,30000.0,90.0
352.964,2.5866169929504395,-3.6911213397979736,-0.054115232080221176,-0.15325573086738586,-0.15824906527996063,0.9903216361999512,,,
,,,,,,,31000.0,30000.0,90.0
352.974,5.6713032722473145,-4.47542142868042,-2.2122554779052734,-0.15103264153003693,-0.14174285531044006,0.9850953221321106,,,
,,,,,,,31000.0,30000.0,90.0
352.984,5.804988384246826,-1.78294837474823,-1.4974021911621094,-0.1468767672777176,-0.1107306107878685,0.9613625407218933,,,
,,,,,,,31000.0,30000.0,90.0
352.994,-0.4323437511920929,-0.37256544828414917,-2.2718849182128906,-0.14152580499649048,-0.11759815365076065,0.9687514901161194,,,
,,,,,,,31000.0,30000.0,90.0
353.004,-0.06147594377398491,-2.0231709480285645,-1.6708954572677612,-0.1647905558347702,-0.11625909060239792,1.0006616115570068,,,
,,,,,,,31000.0,30000.0,90.0
353.014,3.6776692867279053,-3.803530693054199,-1.9600368738174438,-0.1677350401878357,-0.14003627002239227,1.0156017541885376,,,
,,,,,,,31000.0,30000.0,90.0
353.024,6.260066986083984,-3.5657739639282227,-5.053903102874756,-0.14147965610027313,-0.1615256369113922,0.9879117012023926,,,
,,,,,,,32767.0,30000.0,90.0
353.034,7.2583208084106445,-3.5187649726867676,-6.090229034423828,-0.14560028910636902,-0.1265026479959488,0.9951254725456238,,,
,,,,,,,32767.0,30000.0,90.0
353.044,5.994860649108887,-5.693320274353027,-4.676940441131592,-0.15705670416355133,-0.09936267882585526,1.0068233013153076,,,
,,,,,,,32767.0,30000.0,90.0
353.054,5.858746528625488,-5.751058101654053,-3.6197400093078613,-0.16148655116558075,-0.11192921549081802,0.986481249332428,,,
,,,,,,,32767.0,30000.0,90.0
353.064,8.459823608398438,-5.172041416168213,-4.233388900756836,-0.14691773056983948,-0.14000646770000458,0.9854859709739685,,,
,,,,,,,32767.0,30000.0,90.0
353.074,8.756977081298828,-5.532938003540039,-5.475102424621582,-0.14395396411418915,-0.1315765678882599,0.9997860789299011,,,
,,,,,,,32767.0,30000.0,90.0
353.084,9.522212028503418,-7.041468620300293,-4.4791364669799805,-0.1449444442987442,-0.10760220140218735,1.004218578338623,,,
,,,,,,,32767.0,30000.0,90.0
353.094,9.459809303283691,-6.228438377380371,-3.9215376377105713,-0.14283886551856995,-0.11368821561336517,0.9885881543159485,,,
,,,,,,,32767.0,32767.0,90.0
353.104,8.283782005310059,-6.422842502593994,-3.7885329723358154,-0.13598327338695526,-0.12097214162349701,0.9858357906341553,,,
,,,,,,,32767.0,32767.0,90.0
353.114,8.559486389160156,-6.37757682800293,-3.5366554260253906,-0.13896635174751282,-0.11825505644083023,0.9898744225502014,,,
,,,,,,,32767.0,32767.0,90.0
353.124,9.656529426574707,-6.377106666564941,-3.8993611335754395,-0.1385786235332489,-0.12519562244415283,0.9960637092590332,,,
,,,,,,,32767.0,32767.0,90.0
353.134,13.177696228027344,-8.30351734161377,-5.037879467010498,-0.134211465716362,-0.12989939749240875,1.0119702816009521,,,
,,,,,,,32767.0,32767.0,90.0
353.144,16.59255027770996,-6.376240253448486,-4.150101661682129,-0.13215719163417816,-0.11343168467283249,0.99628746509552,,,
,,,,,,,32767.0,32767.0,90.0
353.154,9.097861289978027,-8.382855415344238,-3.6016805171966553,-0.137981578707695,-0.09292855858802795,0.9886429309844971,,,
,,,,,,,32767.0,32767.0,90.0
353.164,7.3360514640808105,-6.15900993347168,-1.5775212049484253,-0.1399320513010025,-0.06583556532859802,0.9525339007377625,,,
,,,,,,,32767.0,32767.0,90.0
353.174,5.568110942840576,-6.128017902374268,-0.8653305768966675,-0.13077029585838318,-0.09136839210987091,0.9752238988876343,,,
,,,,,,,32767.0,32767.0,90.0
353.184,7.020108222961426,-6.529359340667725,-1.5853468179702759,-0.12379422783851624,-0.11217840760946274,0.9939202070236206,,,
,,,,,,,32767.0,32767.0,90.0
353.194,5.942524433135986,-6.850583553314209,-1.3510544300079346,-0.12729687988758087,-0.09063601493835449,1.001741647720337,,,
,,,,,,,32767.0,32767.0,90.0
353.204,6.796921730041504,-5.188174247741699,0.34420496225357056,-0.13516101241111755,-0.06883592903614044,0.9816912412643433,,,
,,,,,,,32767.0,32767.0,90.0
353.214,6.011661052703857,-5.36085844039917,0.9572314023971558,-0.1405518800020218,-0.08849438279867172,0.9791193604469299,,,
,,,,,,,32767.0,32767.0,90.0
353.224,6.692092418670654,-4.897034168243408,0.41656965017318726,-0.1457480639219284,-0.10591541975736618,0.9717383980751038,,,
,,,,,,,32767.0,32767.0,90.0
353.234,7.479250431060791,-4.6652326583862305,0.4111681580543518,-0.14695940911769867,-0.09690213203430176,0.9728075861930847,,,
,,,,,,,32767.0,32767.0,90.0
353.244,7.292739391326904,-4.24193000793457,0.8356223106384277,-0.1458350270986557,-0.08776924014091492,0.975121796131134,,,
,,,,,,,32767.0,32767.0,90.0
353.254,5.185070037841797,-4.661406993865967,0.7699428796768188,-0.13550609350204468,-0.08417335897684097,0.9740220308303833,,,
,,,,,,,32767.0,32767.0,90.0
353.264,3.8027899265289307,-3.895582914352417,0.2515691816806793,-0.12319951504468918,-0.07086506485939026,0.9704579710960388,,,
,,,,,,,32767.0,32767.0,90.0
353.274,2.039841651916504,-3.4805405139923096,0.9923491477966309,-0.12220926582813263,-0.05456943437457085,0.9764783978462219,,,
,,,,,,,35000.0,32767.0,90.0
353.284,0.8003033995628357,-4.0949530601501465,1.874997615814209,-0.12712343037128448,-0.048096880316734314,0.985538899898529,,,
,,,,,,,35000.0,32767.0,90.0
353.294,1.2629327774047852,-4.646682262420654,2.2082362174987793,-0.12139349430799484,-0.06126224622130394,0.9921193718910217,,,
,,,,,,,35000.0,32767.0,90.0
353.304,1.892244577407837,-5.1320576667785645,1.541440486907959,-0.12163698673248291,-0.0728350356221199,1.0019760131835938,,,
,,,,,,,35000.0,32767.0,90.0
353.314,1.8281581401824951,-5.820869445800781,2.3245656490325928,-0.13115791976451874,-0.056466277688741684,0.9937630295753479,,,
,,,,,,,35000.0,32767.0,90.0
353.324,3.076756477355957,-3.2045912742614746,2.594921350479126,-0.11982183903455734,-0.07344551384449005,0.9714729189872742,,,
,,,,,,,35000.0,32767.0,90.0
353.334,2.2602388858795166,-3.455186605453491,2.148383855819702,-0.12292543053627014,-0.09045109897851944,0.9893333911895752,,,
,,,,,,,35000.0,32767.0,90.0
353.344,3.7098941802978516,-5.704115867614746,2.392435073852539,-0.12609709799289703,-0.08095505088567734,1.0134104490280151,,,
,,,,,,,35000.0,32767.0,90.0
353.354,4.140128135681152,-4.841388702392578,2.0245532989501953,-0.11438507586717606,-0.0824664905667305,0.9967878460884094,,,
,,,,,,,35000.0,32767.0,90.0
353.364,4.924193382263184,-4.0475006103515625,1.1123554706573486,-0.10216721147298813,-0.07693000137805939,0.9970974326133728,,,
,,,,,,,35000.0,32767.0,90.0
353.374,4.527029037475586,-5.2554707527160645,0.46289271116256714,-0.10303930193185806,-0.07078591734170914,1.0026086568832397,,,
,,,,,,,35000.0,32767.0,90.0
353.384,4.422911643981934,-5.142430305480957,0.10556836426258087,-0.10784459114074707,-0.06271602213382721,0.9983089566230774,,,
,,,,,,,35000.0,32767.0,90.0
353.394,2.7394580841064453,-4.811061382293701,0.6557986736297607,-0.10423238575458527,-0.05542951822280884,0.9858840703964233,,,
,,,,,,,35000.0,32767.0,90.0
353.404,0.3577228784561157,-4.067876815795898,0.4735105335712433,-0.09354394674301147,-0.056534409523010254,0.9801172018051147,,,
,,,,,,,35000.0,32767.0,90.0
353.414,0.6929957866668701,-4.214977741241455,0.04221456125378609,-0.1000833809375763,-0.0661562979221344,0.9978471994400024,,,
,,,,,,,35000.0,32767.0,90.0
353.424,1.513684630393982,-4.4439239501953125,-0.034524042159318924,-0.1027606651186943,-0.08047296851873398,1.008416771888733,,,
,,,,,,,35000.0,32767.0,90.0
353.434,2.1434242725372314,-4.210836410522461,-0.3391321003437042,-0.09946567565202713,-0.08060556650161743,0.9992495179176331,,,
,,,,,,,35000.0,32767.0,90.0
353.444,1.5915405750274658,-3.3938663005828857,0.19293318688869476,-0.10006929188966751,-0.07419759780168533,0.9905001521110535,,,
,,,,,,,35000.0,32767.0,90.0
353.454,1.3479868173599243,-1.7139346599578857,0.4001266360282898,-0.09738348424434662,-0.0780179426074028,0.9945500493049622,,,
,,,,,,,35000.0,32767.0,90.0
353.464,1.179432988166809,-1.798667073249817,0.3525684177875519,-0.09907499700784683,-0.08225899934768677,1.00791335105896,,,
,,,,,,,35000.0,32767.0,90.0
353.474,2.763485908508301,-1.5580289363861084,0.6342085599899292,-0.1024671196937561,-0.08729968219995499,1.0083768367767334,,,
,,,,,,,35000.0,32767.0,90.0
353.484,3.175126314163208,-1.1816211938858032,0.6885366439819336,-0.10109667479991913,-0.08404895663261414,0.9963616132736206,,,
,,,,,,,35000.0,32767.0,90.0
353.494,2.3548691272735596,0.04705321043729782,1.3257758617401123,-0.10560984164476395,-0.07329858094453812,0.9853767156600952,,,
,,,,,,,35000.0,32767.0,90.0
353.504,-0.025139447301626205,0.31730592250823975,2.6137514114379883,-0.10832115262746811,-0.059269979596138,0.9829254746437073,,,
,,,,,,,35000.0,32767.0,90.0
353.514,-1.0210129022598267,1.0306928157806396,3.4371283054351807,-0.10734550654888153,-0.06629633158445358,0.9866062998771667,,,
,,,,,,,35000.0,32767.0,90.0
353.524,0.2521026134490967,1.4035918712615967,2.963304281234741,-0.10077790170907974,-0.08276905119419098,1.0017374753952026,,,
,,,,,,,35000.0,32767.0,90.0
353.534,0.8592015504837036,0.9929015636444092,1.9502980709075928,-0.10622984170913696,-0.08334871381521225,1.0035284757614136,,,
,,,,,,,35000.0,32767.0,90.0
353.544,1.6145758628845215,0.3516240417957306,2.3450088500976562,-0.11378154903650284,-0.0708198994398117,0.991928219795227,,,
,,,,,,,35000.0,32767.0,90.0
353.554,0.5306745171546936,0.8887746334075928,2.2947189807891846,-0.1095203161239624,-0.0665607899427414,0.9775615930557251,,,
,,,,,,,35000.0,32767.0,90.0
353.564,-1.8739217519760132,1.3894015550613403,2.107619047164917,-0.10817912220954895,-0.06942854821681976,0.9737321734428406,,,
,,,,,,,35000.0,32767.0,90.0
353.574,-1.9023666381835938,1.0955384969711304,1.7159806489944458,-0.11026819050312042,-0.07482949644327164,0.9895667433738708,,,
,,,,,,,35000.0,32767.0,90.0
353.584,-0.7897727489471436,-0.09596240520477295,0.5428481101989746,-0.10893869400024414,-0.08004343509674072,1.0021342039108276,,,
,,,,,,,35000.0,32767.0,90.0
353.594,-0.05212895944714546,-0.9065290689468384,-0.5410094261169434,-0.10742016136646271,-0.08147021383047104,0.998121440410614,,,
,,,,,,,35000.0,32767.0,90.0
353.604,0.9014497995376587,-1.2773185968399048,-1.0435620546340942,-0.11046935617923737,-0.07842634618282318,0.9951784014701843,,,
,,,,,,,35000.0,32767.0,90.0
353.614,-0.4805804193019867,-2.579287052154541,-1.4933505058288574,-0.1159873977303505,-0.07294785976409912,0.993973970413208,,,
,,,,,,,35000.0,32767.0,90.0
353.624,-1.4294298887252808,-2.3419783115386963,-1.0627259016036987,-0.1171770691871643,-0.0666932612657547,0.9891914129257202,,,
,,,,,,,35000.0,32767.0,90.0
353.634,-0.32420608401298523,-2.481557846069336,-0.470556378364563,-0.11302051693201065,-0.0737731084227562,0.9971961975097656,,,
,,,,,,,35000.0,32767.0,90.0
353.644,0.5637022852897644,-3.0477960109710693,-0.9206364154815674,-0.10554372519254684,-0.08030713349580765,1.009587287902832,,,
,,,,,,,35000.0,32767.0,90.0
353.654,1.1484586000442505,-4.1410417556762695,-1.2185747623443604,-0.10130282491445541,-0.06895513087511063,1.0088069438934326,,,
,,,,,,,35000.0,32767.0,90.0
353.664,0.8025044798851013,-3.527056932449341,-0.12282243371009827,-0.10478098690509796,-0.05160143971443176,0.9922379851341248,,,
,,,,,,,35000.0,32767.0,90.0
353.674,-0.5112841129302979,-2.5826973915100098,0.7933289408683777,-0.10416488349437714,-0.05087439343333244,0.9839053750038147,,,
,,,,,,,35000.0,32767.0,90.0
353.684,-2.4112794399261475,-2.00201416015625,1.237056851387024,-0.10163664817810059,-0.06272047758102417,0.9835613369941711,,,
,,,,,,,35000.0,32767.0,90.0
353.694,-2.006767749786377,-1.0112773180007935,1.1527950763702393,-0.10209566354751587,-0.0719452053308487,0.9837055206298828,,,
,,,,,,,35000.0,32767.0,90.0
353.704,-1.9127308130264282,-0.05020839720964432,0.615451991558075,-0.101124607026577,-0.07606680691242218,0.9881930351257324,,,
,,,,,,,35000.0,32767.0,90.0
353.714,-1.0979998111724854,0.8172516822814941,0.5911562442779541,-0.10211656242609024,-0.08186662197113037,0.9913459420204163,,,
,,,,,,,35000.0,32767.0,90.0
353.724,-0.6727598905563354,1.33346688747406,0.32530102133750916,-0.10625609010457993,-0.0904211476445198,0.9940034747123718,,,
,,,,,,,35000.0,32767.0,90.0
353.734,-1.289583683013916,2.0059828758239746,-0.13224653899669647,-0.10735508054494858,-0.08826325833797455,0.988052248954773,,,
,,,,,,,35000.0,32767.0,90.0
353.744,-1.415658950805664,2.726956367492676,0.12058943510055542,-0.10527508705854416,-0.07672830671072006,0.9880768656730652,,,
,,,,,,,35000.0,32767.0,90.0
353.754,-1.3518415689468384,2.5582940578460693,0.2809050679206848,-0.10357031226158142,-0.0783027708530426,1.0009325742721558,,,
,,,,,,,35000.0,32767.0,90.0
353.764,-0.6448546648025513,1.8513896465301514,-0.4341983497142792,-0.10409678518772125,-0.08912549167871475,1.0102061033248901,,,
,,,,,,,35000.0,32767.0,90.0
353.774,0.32043319940567017,0.8376756906509399,-0.5583617091178894,-0.10830771923065186,-0.09014064818620682,1.0102053880691528,,,
,,,,,,,35000.0,32767.0,90.0
353.784,0.14358055591583252,-0.22661660611629486,-0.41375216841697693,-0.11139124631881714,-0.08396687358617783,1.004177451133728,,,
,,,,,,,38000.0,32767.0,90.0
353.794,-0.4247477948665619,-0.5711044073104858,-0.24048036336898804,-0.11379420012235641,-0.07834112644195557,0.9959473013877869,,,
,,,,,,,38000.0,32767.0,90.0
353.804,-0.5556361079216003,-0.5869109630584717,0.020111514255404472,-0.11474438011646271,-0.07989563792943954,0.9945225119590759,,,
,,,,,,,38000.0,32767.0,90.0
353.814,-0.40261176228523254,-1.7941203117370605,-0.13919319212436676,-0.11753692477941513,-0.08401275426149368,1.0006012916564941,,,
,,,,,,,38000.0,32767.0,90.0
353.824,0.08245179802179337,-2.4732306003570557,-0.5319699645042419,-0.11852135509252548,-0.08693546801805496,1.0020456314086914,,,
,,,,,,,38000.0,32767.0,90.0
353.834,0.18067368865013123,-3.4582083225250244,0.9367148280143738,-0.12362100929021835,-0.07253455370664597,0.9872050285339355,,,
,,,,,,,38000.0,32767.0,90.0
353.844,-0.0675460547208786,-0.17890626192092896,0.548020601272583,-0.1037486270070076,-0.08446486294269562,0.9580257534980774,,,
,,,,,,,38000.0,32767.0,90.0
353.854,-1.6631559133529663,0.05452393367886543,1.144816517829895,-0.10314454883337021,-0.07604103535413742,0.9842191338539124,,,
,,,,,,,38000.0,32767.0,90.0
353.864,-1.6119509935379028,-0.6423873901367188,1.427138090133667,-0.10907004028558731,-0.07931513339281082,1.0149016380310059,,,
,,,,,,,38000.0,32767.0,90.0
353.874,0.9705585241317749,-0.00594406807795167,0.9899142980575562,-0.10451365262269974,-0.0973430648446083,1.0071985721588135,,,
,,,,,,,42000.0,32767.0,90.0
353.884,0.8620352745056152,-0.06792756170034409,0.49626314640045166,-0.10916316509246826,-0.09366001933813095,0.9935407638549805,,,
,,,,,,,42000.0,32767.0,90.0
353.894,1.5055062770843506,1.0430009365081787,0.7710051536560059,-0.11070331931114197,-0.08903779834508896,0.9835544228553772,,,
,,,,,,,42000.0,32767.0,90.0
353.904,0.27088508009910583,0.35972392559051514,0.8882027864456177,-0.11527111381292343,-0.08043958991765976,1.0093674659729004,,,
,,,,,,,42000.0,32767.0,90.0
353.914,0.3237197697162628,-1.1868828535079956,1.3427011966705322,-0.11678378283977509,-0.07904703915119171,1.0043216943740845,,,
,,,,,,,42000.0,32767.0,90.0
353.924,0.7280024886131287,1.998551607131958,0.7952566742897034,-0.09628860652446747,-0.09579742699861526,0.9660009741783142,,,
,,,,,,,42000.0,32767.0,90.0
353.934,-0.1572743058204651,2.2282235622406006,0.3924858272075653,-0.10195614397525787,-0.08165065944194794,0.985373318195343,,,
,,,,,,,42000.0,32767.0,90.0
353.944,0.8209096789360046,1.301985740661621,0.4464435875415802,-0.10874436050653458,-0.07776018232107162,1.0126327276229858,,,
,,,,,,,42000.0,30000.0,90.0
353.954,1.3965309858322144,-0.5488482117652893,1.286205768585205,-0.11244172602891922,-0.07871941477060318,1.012058138847351,,,
,,,,,,,45000.0,30000.0,90.0
353.964,0.10235511511564255,0.9236941933631897,1.5596274137496948,-0.1037365272641182,-0.08015334606170654,0.9903947710990906,,,
,,,,,,,45000.0,30000.0,90.0
353.974,-0.7325623035430908,1.3813196420669556,1.811903476715088,-0.0968349277973175,-0.07160569727420807,0.9923595190048218,,,
,,,,,,,45000.0,30000.0,90.0
353.984,0.2786078155040741,-0.7069348096847534,2.018744945526123,-0.10681434720754623,-0.07373421639204025,1.0295212268829346,,,
,,,,,,,45000.0,30000.0,90.0
353.994,2.496263265609741,-2.138348340988159,2.879114866256714,-0.11221665143966675,-0.06449034810066223,1.0120857954025269,,,
,,,,,,,45000.0,30000.0,90.0
354.004,0.9070977568626404,2.5054190158843994,3.746588945388794,-0.0921662375330925,-0.06356976181268692,0.9617384076118469,,,
,,,,,,,45000.0,30000.0,90.0
354.014,-4.450336456298828,0.05900346487760544,2.081012010574341,-0.10608921945095062,-0.0690062940120697,0.9932206273078918,,,
,,,,,,,45000.0,30000.0,90.0
354.024,4.318930149078369,2.146272659301758,3.4711785316467285,-0.11325088143348694,-0.07011624425649643,0.9905986785888672,,,
,,,,,,,45000.0,30000.0,90.0
354.034,0.3723236918449402,-0.2897959351539612,1.6234984397888184,-0.10842490941286087,-0.07729973644018173,1.0129233598709106,,,
,,,,,,,45000.0,30000.0,90.0
354.044,0.664822518825531,1.8653039932250977,1.9772210121154785,-0.09892933070659637,-0.05296265333890915,0.971228837966919,,,
,,,,,,,45000.0,30000.0,90.0
354.054,-1.746430516242981,2.5831546783447266,2.3650641441345215,-0.10261337459087372,-0.0549788773059845,0.9729512333869934,,,
,,,,,,,45000.0,30000.0,90.0
354.064,-0.3315572142601013,2.6984872817993164,0.6915584206581116,-0.10007383674383163,-0.07890532165765762,0.9906845688819885,,,
,,,,,,,45000.0,30000.0,90.0
354.074,0.7661117315292358,1.8804125785827637,-0.9010624885559082,-0.1044837012887001,-0.08754885196685791,1.0090126991271973,,,
,,,,,,,45000.0,30000.0,90.0
354.084,3.015719175338745,1.4417182207107544,-1.359114646911621,-0.10813286155462265,-0.06990311294794083,0.9956170916557312,,,
,,,,,,,45000.0,30000.0,90.0
354.094,-0.7971113920211792,1.0573762655258179,-1.3469171524047852,-0.10650160163640976,-0.05531150847673416,0.9808123707771301,,,
,,,,,,,45000.0,30000.0,90.0
354.104,-1.5104880332946777,1.8268953561782837,-0.8238542079925537,-0.10434749722480774,-0.05725853517651558,0.9801080822944641,,,
,,,,,,,45000.0,30000.0,90.0
354.114,-1.4806054830551147,1.1468018293380737,-1.6284680366516113,-0.10809425264596939,-0.07486360520124435,1.002533197402954,,,
,,,,,,,45000.0,30000.0,90.0
354.124,-0.3465767800807953,-0.24683600664138794,-2.5786590576171875,-0.10743249952793121,-0.07952383160591125,1.013069748878479,,,
,,,,,,,45000.0,30000.0,90.0
354.134,0.9978893995285034,-0.34835296869277954,-2.4481375217437744,-0.11408638954162598,-0.06692530959844589,1.000046730041504,,,
,,,,,,,45000.0,30000.0,90.0
354.144,-0.0074228853918612,-0.5661090612411499,-1.6866772174835205,-0.11665070056915283,-0.06168384104967117,0.9904391169548035,,,
,,,,,,,45000.0,30000.0,90.0
354.154,-0.7225593328475952,-0.8952984809875488,-0.840174674987793,-0.12031134963035583,-0.06443546712398529,0.9864122867584229,,,
,,,,,,,45000.0,30000.0,90.0
354.164,-0.22523778676986694,-0.6482431292533875,-0.3834921717643738,-0.11980156600475311,-0.07123120129108429,0.9915940761566162,,,
,,,,,,,45000.0,30000.0,90.0
354.174,0.09290456026792526,-0.23908044397830963,-0.40926048159599304,-0.11775869131088257,-0.07501128315925598,0.9959505796432495,,,
,,,,,,,45000.0,30000.0,90.0
354.184,1.1333318948745728,-0.39002642035484314,-0.14421392977237701,-0.11812113225460052,-0.0691618025302887,0.995832622051239,,,
,,,,,,,45000.0,30000.0,90.0
354.194,0.4403707981109619,-0.06952114403247833,0.5730124115943909,-0.11343666166067123,-0.06265842169523239,0.9867361783981323,,,
,,,,,,,45000.0,30000.0,90.0
354.204,-0.6466816067695618,0.656642735004425,1.022088646888733,-0.10626846551895142,-0.06119036674499512,0.9837753176689148,,,
,,,,,,,45000.0,30000.0,90.0
354.214,-1.1020258665084839,1.0631251335144043,1.139359474182129,-0.10163082927465439,-0.06240466982126236,0.9901252388954163,,,
,,,,,,,45000.0,30000.0,90.0
354.224,-1.6397461891174316,1.2730308771133423,0.8329797983169556,-0.09874410182237625,-0.06423073261976242,1.0022956132888794,,,
,,,,,,,45000.0,30000.0,90.0
354.234,-1.1721853017807007,1.6780893802642822,0.6593665480613708,-0.10154827684164047,-0.06863725930452347,0.9962180852890015,,,
,,,,,,,45000.0,30000.0,90.0
354.244,-1.9029335975646973,1.640722393989563,0.291252464056015,-0.10240288823843002,-0.07175172865390778,0.9879770874977112,,,
,,,,,,,45000.0,30000.0,90.0
354.254,-2.8798186779022217,2.5834901332855225,0.1727839559316635,-0.10504522919654846,-0.07885561138391495,0.9924424886703491,,,
,,,,,,,45000.0,30000.0,90.0
354.264,-2.5587961673736572,2.5868587493896484,0.3511480689048767,-0.11039545387029648,-0.08140062540769577,1.0019029378890991,,,
,,,,,,,45000.0,30000.0,90.0
354.274,-2.299501419067383,2.289766311645508,-0.47275570034980774,-0.11352507025003433,-0.08113375306129456,1.00043785572052,,,
,,,,,,,45000.0,30000.0,90.0
354.284,-1.181571364402771,2.452390193939209,-0.8712342977523804,-0.11174414306879044,-0.08236733824014664,0.9949105978012085,,,
,,,,,,,45000.0,30000.0,90.0
354.294,-0.7520443797111511,2.379391670227051,-1.2373056411743164,-0.11545173078775406,-0.08207625895738602,0.9951835870742798,,,
,,,,,,,45000.0,30000.0,90.0
354.304,-0.8528677225112915,1.6732012033462524,-1.1815310716629028,-0.12100274860858917,-0.07423757761716843,0.9938353896141052,,,
,,,,,,,45000.0,30000.0,90.0
354.314,-0.9192677736282349,1.9997894763946533,-0.39329794049263,-0.11801866441965103,-0.0682583749294281,0.9915405511856079,,,
,,,,,,,45000.0,30000.0,90.0
354.324,-1.8369992971420288,1.4162192344665527,-0.7094002366065979,-0.11471737176179886,-0.07173936069011688,0.9865896701812744,,,
,,,,,,,45000.0,30000.0,90.0
354.334,-1.1710454225540161,1.6983832120895386,-0.9356710314750671,-0.11860714852809906,-0.07485842704772949,0.9888674020767212,,,
,,,,,,,45000.0,30000.0,90.0
354.344,-1.9452722072601318,1.3736724853515625,-0.7666969299316406,-0.12226071208715439,-0.07245099544525146,0.991554856300354,,,
,,,,,,,45000.0,30000.0,90.0
354.354,-2.5515193939208984,1.6836693286895752,-0.5983276963233948,-0.12358719110488892,-0.07331205904483795,0.986217200756073,,,
,,,,,,,45000.0,30000.0,90.0
354.364,-2.6813530921936035,1.6082388162612915,-0.5299018025398254,-0.1287129819393158,-0.07865782082080841,0.9846968054771423,,,
,,,,,,,45000.0,30000.0,90.0
354.374,-2.4909024238586426,1.3473516702651978,0.023285167291760445,-0.13350553810596466,-0.09143494069576263,0.985998809337616,,,
,,,,,,,45000.0,30000.0,90.0
354.384,-1.6752078533172607,1.3555375337600708,-0.14298874139785767,-0.1353566199541092,-0.09580975025892258,0.9898648262023926,,,
,,,,,,,45000.0,30000.0,90.0
354.394,-1.1774405241012573,0.5772626996040344,-0.44400128722190857,-0.13327865302562714,-0.08849585056304932,0.9889070987701416,,,
,,,,,,,45000.0,30000.0,90.0
354.404,-1.4821670055389404,0.9248598217964172,0.6918520331382751,-0.1253923922777176,-0.07610305398702621,0.9893890023231506,,,
,,,,,,,45000.0,30000.0,90.0
354.414,-1.819992184638977,0.507831871509552,1.3151825666427612,-0.12150093913078308,-0.06910418719053268,0.990951418876648,,,
,,,,,,,45000.0,30000.0,90.0
354.424,-2.170031785964966,0.4539874494075775,1.5441619157791138,-0.11798562854528427,-0.06888241320848465,0.9940674304962158,,,
,,,,,,,45000.0,30000.0,90.0
354.434,-2.1274144649505615,-0.16033673286437988,1.9590821266174316,-0.11598168313503265,-0.06662941724061966,0.9945717453956604,,,
,,,,,,,45000.0,30000.0,90.0
354.444,-2.216003894805908,-0.010019674897193909,2.1290156841278076,-0.11052889376878738,-0.06912646442651749,0.9923862218856812,,,
,,,,,,,45000.0,30000.0,90.0
354.454,-2.020622968673706,0.17453207075595856,2.097311019897461,-0.10842682421207428,-0.07555267959833145,0.9934354424476624,,,
,,,,,,,45000.0,30000.0,90.0
354.464,-2.5247013568878174,-0.2496476173400879,1.5621592998504639,-0.10742606222629547,-0.08202929049730301,0.995372474193573,,,
,,,,,,,45000.0,30000.0,90.0
354.474,-2.831570863723755,0.7606537938117981,1.1786997318267822,-0.11027613282203674,-0.08559489250183105,0.9952811002731323,,,
,,,,,,,45000.0,30000.0,90.0
354.484,-2.882046937942505,0.7106987237930298,0.8429408073425293,-0.11064501851797104,-0.09480566531419754,0.992309033870697,,,
,,,,,,,45000.0,30000.0,90.0
354.494,-1.8694568872451782,1.374474287033081,-0.07683511823415756,-0.10835083574056625,-0.10783060640096664,0.9982215166091919,,,
,,,,,,,45000.0,30000.0,90.0
354.504,-1.4237617254257202,1.517364740371704,-1.7256159782409668,-0.10722697526216507,-0.10189703106880188,0.9988046884536743,,,
,,,,,,,45000.0,30000.0,90.0
354.514,-0.6883144378662109,2.125214099884033,-1.9498783349990845,-0.11115720123052597,-0.08783130347728729,0.993045449256897,,,
,,,,,,,45000.0,30000.0,90.0
354.524,-0.858785092830658,2.4371771812438965,-2.133596420288086,-0.11417946219444275,-0.08455885201692581,0.9891648888587952,,,
,,,,,,,45000.0,30000.0,90.0
354.534,-1.884488821029663,2.8117852210998535,-1.8339581489562988,-0.11538451910018921,-0.07890717685222626,0.9894423484802246,,,
,,,,,,,45000.0,30000.0,90.0
354.544,-2.163442850112915,3.240060329437256,-1.506119966506958,-0.11682503670454025,-0.07389931380748749,0.9911701083183289,,,
,,,,,,,45000.0,30000.0,90.0
354.554,-1.9674334526062012,3.3741414546966553,-1.1116329431533813,-0.11919086426496506,-0.07815942913293839,0.9958705902099609,,,
,,,,,,,45000.0,30000.0,90.0
354.564,-1.7870428562164307,1.9192736148834229,-0.5508084297180176,-0.12767912447452545,-0.07502732425928116,0.9955435395240784,,,
,,,,,,,45000.0,30000.0,90.0
354.574,-2.049504041671753,2.303415298461914,-0.07832073420286179,-0.12844786047935486,-0.07103041559457779,0.9853658676147461,,,
,,,,,,,45000.0,30000.0,90.0
354.584,-3.216076612472534,2.3228750228881836,0.9041298031806946,-0.1295212209224701,-0.0721854567527771,0.9781882166862488,,,
,,,,,,,45000.0,30000.0,90.0
354.594,-2.3264193534851074,2.1458444595336914,1.2198607921600342,-0.1343906670808792,-0.08541945368051529,0.9868082404136658,,,
,,,,,,,45000.0,30000.0,90.0
354.604,-1.54595148563385,0.9278995990753174,0.6532614231109619,-0.13859274983406067,-0.09549147635698318,0.9936832189559937,,,
,,,,,,,45000.0,30000.0,90.0
354.614,-0.7148949503898621,0.5489429831504822,0.6141383051872253,-0.13327454030513763,-0.08825576305389404,0.9881429672241211,,,
,,,,,,,45000.0,30000.0,90.0
354.624,-1.1573495864868164,0.516338050365448,0.5592797994613647,-0.1252344846725464,-0.08164308965206146,0.982588529586792,,,
,,,,,,,45000.0,29000.0,90.0
354.634,-1.8500326871871948,0.609459638595581,0.3490355908870697,-0.12026404589414597,-0.08134017139673233,0.985994815826416,,,
,,,,,,,44000.0,29000.0,90.0
354.644,-2.398030996322632,0.06239064782857895,0.10225579887628555,-0.12064583599567413,-0.08683983981609344,0.9935707449913025,,,
,,,,,,,44000.0,29000.0,90.0
354.654,-2.5916388034820557,0.13593491911888123,0.14949926733970642,-0.11967673152685165,-0.0900813564658165,0.9936984777450562,,,
,,,,,,,44000.0,29000.0,90.0
354.664,-2.7638096809387207,-0.26262167096138,-0.11158811300992966,-0.11841585487127304,-0.09702058136463165,0.9944174885749817,,,
,,,,,,,44000.0,29000.0,90.0
354.674,-1.806391716003418,0.17414136230945587,-0.631120502948761,-0.11897438019514084,-0.09873566776514053,0.9991987943649292,,,
,,,,,,,44000.0,29000.0,90.0
354.684,-1.8101216554641724,0.18349739909172058,-1.121530294418335,-0.11564159393310547,-0.10238944739103317,1.0087734460830688,,,
,,,,,,,44000.0,29000.0,90.0
354.694,-1.3773733377456665,-0.22647462785243988,-1.0934864282608032,-0.12155630439519882,-0.09630817174911499,1.005478024482727,,,
,,,,,,,44000.0,29000.0,90.0
354.704,0.00036078449920751154,0.4678751230239868,-0.608717679977417,-0.12387081980705261,-0.09794315695762634,0.9933543801307678,,,
,,,,,,,44000.0,29000.0,90.0
354.714,0.018396252766251564,0.3408811092376709,-0.5923258066177368,-0.121965192258358,-0.09862176328897476,0.9910295605659485,,,
,,,,,,,43000.0,29000.0,90.0
354.724,0.40919554233551025,0.47067785263061523,-0.33747783303260803,-0.1200324222445488,-0.08947111666202545,0.9849377870559692,,,
,,,,,,,43000.0,29000.0,90.0
354.734,-0.17173641920089722,0.7995003461837769,0.16133764386177063,-0.1184125691652298,-0.0828690230846405,0.9863657355308533,,,
,,,,,,,43000.0,29000.0,90.0
354.744,-1.3319060802459717,1.154820203781128,0.33374840021133423,-0.12146002799272537,-0.08048969507217407,0.9854878187179565,,,
,,,,,,,43000.0,29000.0,90.0
354.754,-1.9281030893325806,1.3905911445617676,0.830379843711853,-0.11924759298563004,-0.08388154953718185,0.9921425580978394,,,
,,,,,,,43000.0,29000.0,90.0
354.764,-1.7532472610473633,1.2667853832244873,0.6960347294807434,-0.122658871114254,-0.09219606965780258,1.0005446672439575,,,
,,,,,,,43000.0,29000.0,90.0
354.774,-2.211334466934204,0.7320125102996826,0.47947442531585693,-0.12385178357362747,-0.09924348443746567,0.9919859766960144,,,
,,,,,,,43000.0,29000.0,90.0
354.784,-2.0980348587036133,1.297322392463684,0.74909907579422,-0.12952809035778046,-0.08890543133020401,0.9812273979187012,,,
,,,,,,,43000.0,29000.0,90.0
354.794,-1.524111270904541,1.5997347831726074,0.9212993383407593,-0.126134991645813,-0.09425630420446396,0.9854647517204285,,,
,,,,,,,41000.0,29000.0,90.0
354.804,-1.0023890733718872,1.2890666723251343,0.2892014682292938,-0.1273287832736969,-0.10573816299438477,0.9953524470329285,,,
,,,,,,,41000.0,29000.0,90.0
354.814,0.4132334887981415,1.01557195186615,-0.1826169788837433,-0.12786908447742462,-0.1034037321805954,0.9913159608840942,,,
,,,,,,,41000.0,29000.0,90.0
354.824,0.22945357859134674,1.1454490423202515,-0.23027144372463226,-0.1268729716539383,-0.09122934192419052,0.9781323671340942,,,
,,,,,,,41000.0,29000.0,90.0
354.834,-0.7351534366607666,1.6926183700561523,0.11274345964193344,-0.1256331205368042,-0.09263404458761215,0.9813540577888489,,,
,,,,,,,41000.0,29000.0,90.0
354.844,-1.116599440574646,-0.298789381980896,0.3558363616466522,-0.1347552388906479,-0.09778226166963577,1.005966305732727,,,
,,,,,,,41000.0,29000.0,90.0
354.854,-0.006372739095240831,-0.8901770114898682,-0.44269558787345886,-0.12767480313777924,-0.11416250467300415,1.008841633796692,,,
,,,,,,,41000.0,29000.0,90.0
354.864,0.11646687984466553,-1.2309433221817017,-0.4491432309150696,-0.12949250638484955,-0.10719047486782074,1.0020833015441895,,,
,,,,,,,41000.0,30000.0,90.0
354.874,1.0371966361999512,-1.0349493026733398,-0.18380765616893768,-0.1327591985464096,-0.1001313179731369,0.9968810677528381,,,
,,,,,,,40000.0,30000.0,90.0
354.884,0.8370824456214905,-2.0709598064422607,0.26845765113830566,-0.13339883089065552,-0.10108021646738052,0.9995660781860352,,,
,,,,,,,40000.0,30000.0,90.0
354.894,0.934916615486145,-2.2725563049316406,0.09826073795557022,-0.12929068505764008,-0.09589627385139465,0.9907134771347046,,,
,,,,,,,40000.0,30000.0,90.0
354.904,1.411643624305725,-1.96352219581604,0.7189778089523315,-0.12327085435390472,-0.08410665392875671,0.9836463332176208,,,
,,,,,,,40000.0,30000.0,90.0
354.914,0.1603901982307434,-1.1893755197525024,0.3086927533149719,-0.1264728307723999,-0.08042968809604645,0.9794588088989258,,,
,,,,,,,40000.0,30000.0,90.0
354.924,0.17638738453388214,-2.0006916522979736,1.1586374044418335,-0.13065992295742035,-0.08183396607637405,0.9902805089950562,,,
,,,,,,,40000.0,30000.0,90.0
354.934,0.06271248310804367,-0.9547503590583801,1.2514077425003052,-0.12499481439590454,-0.08745713531970978,0.9836210608482361,,,
,,,,,,,40000.0,30000.0,90.0
354.944,-1.4373421669006348,-0.0134782949462533,1.513664722442627,-0.11915338784456253,-0.08692114055156708,0.9780154824256897,,,
,,,,,,,40000.0,30000.0,90.0
354.954,-1.1091712713241577,0.932578444480896,1.0818809270858765,-0.12191563844680786,-0.09048797935247421,0.9846305251121521,,,
,,,,,,,40000.0,30000.0,90.0
354.964,-0.5807825326919556,1.6370842456817627,1.3082727193832397,-0.1256512999534607,-0.09846281260251999,0.9873383641242981,,,
,,,,,,,39000.0,30000.0,90.0
354.974,0.5914823412895203,1.5720362663269043,0.7905000448226929,-0.12688203155994415,-0.10274429619312286,0.992303729057312,,,
,,,,,,,39000.0,30000.0,90.0
354.984,-0.5636646151542664,2.474423408508301,0.7743050456047058,-0.12104599922895432,-0.09348062425851822,0.9850784540176392,,,
,,,,,,,39000.0,30000.0,90.0
354.994,-1.2368799448013306,2.51031494140625,0.8576295375823975,-0.11818639189004898,-0.09017109870910645,0.9856845736503601,,,
,,,,,,,39000.0,30000.0,90.0
355.004,-0.07785641402006149,1.420045256614685,0.8923981189727783,-0.12703900039196014,-0.09192576259374619,1.006822943687439,,,
,,,,,,,39000.0,30000.0,90.0
355.014,0.5399074554443359,1.0398658514022827,0.5111910700798035,-0.11712923645973206,-0.09225114434957504,1.0044729709625244,,,
,,,,,,,39000.0,30000.0,90.0
355.024,0.5589287877082825,1.1389002799987793,0.3926524817943573,-0.1139482632279396,-0.07889299094676971,0.996025562286377,,,
,,,,,,,39000.0,30000.0,90.0
355.034,0.46982911229133606,0.604769766330719,0.22889924049377441,-0.11983291804790497,-0.0745711401104927,0.9920160174369812,,,
,,,,,,,39000.0,30000.0,90.0
355.044,-0.07773596048355103,-0.19257131218910217,-0.010862003080546856,-0.12572650611400604,-0.08229231089353561,0.9913471937179565,,,
,,,,,,,39000.0,30000.0,90.0
355.054,0.4151466190814972,-0.3885849118232727,-0.4774596393108368,-0.12908250093460083,-0.08663320541381836,0.9876997470855713,,,
,,,,,,,39000.0,30000.0,90.0
355.064,-0.14237062633037567,-0.35969245433807373,-0.2739487290382385,-0.13378265500068665,-0.08956453949213028,0.9930144548416138,,,
,,,,,,,39000.0,30000.0,90.0
355.074,-0.372162789106369,-0.646206259727478,-0.7636498212814331,-0.13348843157291412,-0.09265939146280289,0.9871442914009094,,,
,,,,,,,39000.0,30000.0,90.0
355.084,0.17268556356430054,-0.8619450926780701,-1.3780866861343384,-0.1307823657989502,-0.09773914515972137,0.9838340282440186,,,
,,,,,,,39000.0,30000.0,90.0
355.094,0.08062521368265152,-0.7977898120880127,-1.6811516284942627,-0.13104496896266937,-0.0953230932354927,0.98543781042099,,,
,,,,,,,39000.0,30000.0,90.0
355.104,0.24102385342121124,-0.8662739396095276,-1.7020078897476196,-0.12707051634788513,-0.08434130251407623,0.9868302345275879,,,
,,,,,,,39000.0,30000.0,90.0
355.114,-0.021881628781557083,-0.4501241147518158,-1.4237605333328247,-0.12299612164497375,-0.08147132396697998,0.9841431975364685,,,
,,,,,,,39000.0,30000.0,90.0
355.124,-0.4502156972885132,0.4273677468299866,-0.9897945523262024,-0.12453342974185944,-0.08625933527946472,0.9841976761817932,,,
,,,,,,,39000.0,30000.0,90.0
355.134,-0.6881646513938904,1.086378574371338,-0.9047295451164246,-0.1290079802274704,-0.08934173732995987,0.9910043478012085,,,
,,,,,,,39000.0,30000.0,90.0
355.144,0.1162765771150589,-0.0422867126762867,-0.5030381679534912,-0.13354605436325073,-0.09067575633525848,0.9956405758857727,,,
,,,,,,,39000.0,30000.0,90.0
355.154,0.4888710677623749,0.27421486377716064,-0.361790269613266,-0.13020484149456024,-0.09488316625356674,0.9891809821128845,,,
,,,,,,,39000.0,30000.0,90.0
355.164,-0.0408330075442791,1.059319257736206,-0.021135687828063965,-0.1285073310136795,-0.09333425015211105,0.9876324534416199,,,
,,,,,,,39000.0,30000.0,90.0
355.174,-0.35816800594329834,0.6375240683555603,0.22030135989189148,-0.12586194276809692,-0.09081277251243591,0.9920647740364075,,,
,,,,,,,39000.0,30000.0,90.0
355.184,-0.08732811361551285,0.737675130367279,0.9362921118736267,-0.12564663589000702,-0.0896788015961647,0.9957740306854248,,,
,,,,,,,39000.0,30000.0,90.0
355.194,-0.0024541241582483053,0.5458738803863525,0.560731828212738,-0.11607818305492401,-0.09202542901039124,0.9975660443305969,,,
,,,,,,,39000.0,30000.0,90.0
355.204,0.043851837515830994,0.7058488130569458,0.4222903549671173,-0.11246707290410995,-0.09061755239963531,0.9979425668716431,,,
,,,,,,,39000.0,29000.0,90.0
355.214,-0.054415490478277206,0.4871075749397278,-0.059819530695676804,-0.12228242307901382,-0.0891343206167221,0.9936546683311462,,,
,,,,,,,39000.0,29000.0,90.0
355.224,-0.5417407155036926,0.3622831404209137,0.42919862270355225,-0.1310584992170334,-0.08446893841028214,0.988149881362915,,,
,,,,,,,39000.0,29000.0,90.0
355.234,-1.267394781112671,0.7013363838195801,0.8413726687431335,-0.12691384553909302,-0.09171903878450394,0.9847580194473267,,,
,,,,,,,39000.0,29000.0,90.0
355.244,-1.1510670185089111,0.2977774143218994,0.019483532756567,-0.1262197494506836,-0.1052670031785965,0.989887535572052,,,
,,,,,,,39000.0,29000.0,90.0
355.254,0.789939284324646,-0.39664027094841003,-0.6489594578742981,-0.12782736122608185,-0.10412439703941345,0.9965917468070984,,,
,,,,,,,39000.0,29000.0,90.0
355.264,0.7932263612747192,0.6756335496902466,-0.2597891092300415,-0.1290358603000641,-0.09294340014457703,0.9907254576683044,,,
,,,,,,,39000.0,29000.0,90.0
355.274,-0.7268133163452148,0.1406739503145218,-0.5163253545761108,-0.12903812527656555,-0.09652840346097946,0.9855421781539917,,,
,,,,,,,39000.0,29000.0,90.0
355.284,-0.018391570076346397,0.6654425263404846,-0.6007603406906128,-0.13160687685012817,-0.09730982035398483,0.9819768667221069,,,
,,,,,,,39000.0,29000.0,90.0
355.294,-0.36541327834129333,0.4901300072669983,-0.47158047556877136,-0.13525837659835815,-0.09645676612854004,0.9854369759559631,,,
,,,,,,,39000.0,29000.0,90.0
355.304,-0.10775990039110184,0.3509853482246399,-0.22402913868427277,-0.13191568851470947,-0.09512992948293686,0.987830400466919,,,
,,,,,,,39000.0,29000.0,90.0
355.314,0.882741391658783,0.40614771842956543,-0.5151160955429077,-0.13025182485580444,-0.09771635383367538,0.9910550713539124,,,
,,,,,,,39000.0,29000.0,90.0
355.324,0.840358316898346,0.11456651985645294,-0.2974581718444824,-0.1352154016494751,-0.09360910207033157,0.9978044033050537,,,
,,,,,,,39000.0,29000.0,90.0
355.334,0.9660160541534424,0.2991573214530945,0.18909624218940735,-0.13687674701213837,-0.08574631065130234,0.9872959852218628,,,
,,,,,,,39000.0,29000.0,90.0
355.344,0.820662260055542,0.29885172843933105,0.08413262665271759,-0.13093498349189758,-0.08932597935199738,0.9840021133422852,,,
,,,,,,,39000.0,29000.0,90.0
355.354,0.09953541308641434,0.4134516417980194,0.20292919874191284,-0.12735240161418915,-0.08915335685014725,0.9843918085098267,,,
,,,,,,,39000.0,29000.0,90.0
355.364,0.016566772013902664,-0.23172737658023834,0.24385607242584229,-0.1330067217350006,-0.08476892113685608,0.9852908849716187,,,
,,,,,,,39000.0,29000.0,90.0
355.374,-0.0066334339790046215,-0.46763643622398376,0.610821545124054,-0.13670584559440613,-0.0845859944820404,0.9811121225357056,,,
,,,,,,,39000.0,29000.0,90.0
355.384,-0.473501592874527,-0.2681678235530853,0.3675194978713989,-0.13193094730377197,-0.09101137518882751,0.9815260171890259,,,
,,,,,,,39000.0,29000.0,90.0
355.394,-0.41070637106895447,-0.37460556626319885,0.729943037033081,-0.13046349585056305,-0.08996856957674026,0.9859157204627991,,,
,,,,,,,39000.0,29000.0,90.0
355.404,-0.3499784767627716,-0.8179106116294861,0.416617751121521,-0.13365274667739868,-0.08535636216402054,0.9934595823287964,,,
,,,,,,,39000.0,29000.0,90.0
355.414,-0.5278185606002808,-1.3599591255187988,0.8414838314056396,-0.12795259058475494,-0.08636435866355896,0.9924083948135376,,,
,,,,,,,39000.0,29000.0,90.0
355.424,-0.5564631223678589,-0.9093123078346252,1.0437335968017578,-0.1223689392209053,-0.08880693465471268,0.9925767183303833,,,
,,,,,,,39000.0,29000.0,90.0
355.434,-0.11339272558689117,-1.2551872730255127,0.6755139827728271,-0.12095623463392258,-0.09181783348321915,1.0033403635025024,,,
,,,,,,,39000.0,29000.0,90.0
355.444,0.2759838104248047,-2.0471742153167725,0.641017496585846,-0.11901628226041794,-0.09188015758991241,1.00742769241333,,,
,,,,,,,39000.0,29000.0,90.0
355.454,1.0006117820739746,-1.676710844039917,0.689489483833313,-0.11804388463497162,-0.09299584478139877,1.0017999410629272,,,
,,,,,,,39000.0,29000.0,90.0
355.464,0.6095925569534302,-1.652296781539917,0.5662931203842163,-0.1148323118686676,-0.09537912905216217,0.9966466426849365,,,
,,,,,,,39000.0,29000.0,90.0
355.474,1.0759737491607666,-0.8700549602508545,0.2081693708896637,-0.11623062938451767,-0.09912270307540894,0.9975003004074097,,,
,,,,,,,39000.0,29000.0,90.0
355.484,0.646787703037262,-0.9519422054290771,-0.16285599768161774,-0.11736752092838287,-0.0971468985080719,0.992710292339325,,,
,,,,,,,39000.0,29000.0,90.0
355.494,0.01832248829305172,-0.05377655103802681,-0.4937956631183624,-0.11354663968086243,-0.0912858322262764,0.9797792434692383,,,
,,,,,,,39000.0,29000.0,90.0
355.504,0.09729321300983429,0.87786465883255,-0.6177389621734619,-0.11384617537260056,-0.09359638392925262,0.9784766435623169,,,
,,,,,,,39000.0,29000.0,90.0
355.514,-0.017169764265418053,1.5874724388122559,-1.6142606735229492,-0.11977981775999069,-0.09544534981250763,0.9861903190612793,,,
,,,,,,,39000.0,29000.0,90.0
355.524,0.542098879814148,1.5592771768569946,-1.3897122144699097,-0.1271311491727829,-0.09080710262060165,0.990419328212738,,,
,,,,,,,39000.0,29000.0,90.0
355.534,0.637121856212616,1.6114414930343628,-1.224079966545105,-0.12697261571884155,-0.08311772346496582,0.9851288199424744,,,
,,,,,,,39000.0,29000.0,90.0
355.544,-0.22437550127506256,1.4328681230545044,-1.2276546955108643,-0.12574607133865356,-0.08264521509408951,0.9829009175300598,,,
,,,,,,,39000.0,29000.0,90.0
355.554,0.33594968914985657,1.7323628664016724,-1.1234089136123657,-0.12810371816158295,-0.08823596686124802,0.9936978220939636,,,
,,,,,,,39000.0,29000.0,90.0
355.564,0.16643406450748444,1.1137655973434448,-0.5394279956817627,-0.13551780581474304,-0.09011240303516388,1.002480387687683,,,
,,,,,,,39000.0,29000.0,90.0
355.574,0.4670175611972809,0.16867966949939728,-0.009548535570502281,-0.1404094099998474,-0.0859953761100769,1.003366470336914,,,
,,,,,,,39000.0,29000.0,90.0
355.584,1.4557946920394897,0.0060951001942157745,0.4216330945491791,-0.13859067857265472,-0.09073437005281448,0.9940295815467834,,,
,,,,,,,39000.0,29000.0,90.0
355.594,1.23177969455719,-0.5445754528045654,0.630005955696106,-0.1356625258922577,-0.08915266394615173,0.9874522686004639,,,
,,,,,,,39000.0,29000.0,90.0
355.604,1.215341567993164,-0.6606321930885315,0.8572626113891602,-0.13710997998714447,-0.082493856549263,0.9835153818130493,,,
,,,,,,,39000.0,29000.0,90.0
355.614,0.5353927612304688,-1.1989200115203857,1.068849802017212,-0.13330160081386566,-0.08121509104967117,0.9795586466789246,,,
,,,,,,,39000.0,29000.0,90.0
355.624,-0.34040361642837524,-0.6995248794555664,1.0360658168792725,-0.1286243200302124,-0.08530029654502869,0.975835919380188,,,
,,,,,,,39000.0,29000.0,90.0
355.634,-0.43045175075531006,-0.823195219039917,0.5824844241142273,-0.13173852860927582,-0.09063249826431274,0.9812881946563721,,,
,,,,,,,39000.0,29000.0,90.0
355.644,-0.2502339482307434,-0.7554299235343933,0.11459694057703018,-0.1325708031654358,-0.0947742909193039,0.9847093224525452,,,
,,,,,,,39000.0,29000.0,90.0
355.654,0.12722475826740265,-0.3613748848438263,-0.42853599786758423,-0.12787173688411713,-0.10174768418073654,0.9872151017189026,,,
,,,,,,,39000.0,29000.0,90.0
355.664,0.17235201597213745,0.2932569980621338,-0.8147971034049988,-0.1250837743282318,-0.0993303656578064,0.9900168776512146,,,
,,,,,,,39000.0,29000.0,90.0
355.674,0.6520425081253052,0.6405511498451233,-0.9060091972351074,-0.12468677759170532,-0.099871426820755,0.9934552907943726,,,
,,,,,,,39000.0,29000.0,90.0
355.684,1.2170071601867676,-0.19134578108787537,-0.9420547485351562,-0.12875474989414215,-0.09776845574378967,0.9973798394203186,,,
,,,,,,,39000.0,29000.0,90.0
355.694,0.9133369326591492,-0.2049388289451599,-0.9194083213806152,-0.12614135444164276,-0.08272529393434525,0.9935408234596252,,,
,,,,,,,39000.0,29000.0,90.0
355.704,0.798133909702301,-0.22703148424625397,-0.4942210912704468,-0.12578745186328888,-0.07542460411787033,0.9906982779502869,,,
,,,,,,,39000.0,29000.0,90.0
355.714,0.005954010412096977,-0.43037235736846924,0.2229348123073578,-0.1231926828622818,-0.07625943422317505,0.9915505647659302,,,
,,,,,,,39000.0,29000.0,90.0
355.724,-0.5432171821594238,-0.38616010546684265,1.0333948135375977,-0.1218789592385292,-0.07615026086568832,0.9961685538291931,,,
,,,,,,,39000.0,29000.0,90.0
355.734,0.3381548523902893,-0.6487085819244385,1.3358314037322998,-0.12115132808685303,-0.07850173860788345,1.0031100511550903,,,
,,,,,,,39000.0,29000.0,90.0
355.744,0.39691802859306335,-0.8393145799636841,1.0187569856643677,-0.12293741106987,-0.0827716737985611,0.9966819882392883,,,
,,,,,,,39000.0,29000.0,90.0
355.754,0.03840027377009392,-0.684486448764801,1.4097975492477417,-0.12555468082427979,-0.08380570262670517,0.9864962100982666,,,
,,,,,,,39000.0,29000.0,90.0
355.764,0.09312955290079117,-0.339099645614624,1.5949153900146484,-0.12468726187944412,-0.08977165073156357,0.9860290884971619,,,
,,,,,,,39000.0,29000.0,90.0
355.774,-1.0553220510482788,-0.05486162379384041,1.1663439273834229,-0.12333302944898605,-0.09118374437093735,0.9861226677894592,,,
,,,,,,,39000.0,29000.0,90.0
355.784,-0.7296934127807617,0.054349496960639954,0.9338713884353638,-0.12079355120658875,-0.09565235674381256,0.9890007972717285,,,
,,,,,,,39000.0,29000.0,90.0
355.794,-0.42608678340911865,0.27579933404922485,0.30088236927986145,-0.11899710446596146,-0.10185006260871887,0.9922415614128113,,,
,,,,,,,39000.0,29000.0,90.0
355.804,0.12808379530906677,0.24076232314109802,-0.5940575003623962,-0.12047775089740753,-0.09637022018432617,0.9942418336868286,,,
,,,,,,,39000.0,29000.0,90.0
355.814,0.1216922253370285,0.6009848117828369,-0.6777075529098511,-0.12108468264341354,-0.08904390782117844,0.9903222322463989,,,
,,,,,,,39000.0,29000.0,90.0
355.824,0.07149984687566757,0.5779456496238708,-0.5217238664627075,-0.12109310925006866,-0.08460580557584763,0.9900124073028564,,,
,,,,,,,39000.0,29000.0,90.0
355.834,-0.035142283886671066,0.9221546649932861,-0.1577688604593277,-0.12205570936203003,-0.08781041949987411,0.9937823414802551,,,
,,,,,,,39000.0,29000.0,90.0
355.844,0.4073032736778259,0.506596565246582,-0.7917933464050293,-0.12662255764007568,-0.09654852002859116,0.9998224377632141,,,
,,,,,,,39000.0,29000.0,90.0
355.854,0.7028238773345947,-0.3212793171405792,-0.4222385287284851,-0.13404299318790436,-0.09360835701227188,0.9986487627029419,,,
,,,,,,,39000.0,29000.0,90.0
355.864,1.268918752670288,-0.2072020024061203,0.2808885872364044,-0.13683196902275085,-0.09158933162689209,0.9930951595306396,,,
,,,,,,,39000.0,29000.0,90.0
355.874,0.7156487107276917,-0.31785890460014343,0.39902162551879883,-0.13269726932048798,-0.08931174129247665,0.9895937442779541,,,
,,,,,,,39000.0,29000.0,90.0
355.884,0.4002543091773987,-0.10465104132890701,0.6539556384086609,-0.13279950618743896,-0.09042807668447495,0.9877058267593384,,,
,,,,,,,39000.0,29000.0,90.0
355.894,0.6787952184677124,-0.24662406742572784,0.9572689533233643,-0.13701041042804718,-0.08878909796476364,0.9889684915542603,,,
,,,,,,,39000.0,29000.0,90.0
355.904,0.7522634267807007,-0.5034106373786926,0.7644023299217224,-0.13368505239486694,-0.09013156592845917,0.9861096143722534,,,
,,,,,,,39000.0,29000.0,90.0
355.914,0.7368136048316956,-0.2613331973552704,0.7827504873275757,-0.1328546106815338,-0.08892986178398132,0.9809063076972961,,,
,,,,,,,39000.0,29000.0,90.0
355.924,0.5894059538841248,0.10267703235149384,0.8335748910903931,-0.13326652348041534,-0.09101054072380066,0.9795263409614563,,,
,,,,,,,39000.0,29000.0,90.0
355.934,0.23259148001670837,0.2287488430738449,0.6327859163284302,-0.1313217580318451,-0.09796931594610214,0.9854683876037598,,,
,,,,,,,39000.0,29000.0,90.0
355.944,0.3438347280025482,0.32028478384017944,0.25436845421791077,-0.1258748471736908,-0.0958397388458252,0.9908556342124939,,,
,,,,,,,39000.0,29000.0,90.0
355.954,0.37194228172302246,0.7327982187271118,0.3744215965270996,-0.12349840998649597,-0.0888420045375824,0.9913468956947327,,,
,,,,,,,39000.0,29000.0,90.0
355.964,0.12741035223007202,0.8533764481544495,0.17208504676818848,-0.12480882555246353,-0.0862528532743454,0.991057813167572,,,
,,,,,,,39000.0,29000.0,90.0
355.974,0.5399230122566223,0.6868045926094055,0.06436944007873535,-0.12455544620752335,-0.08490884304046631,0.9952713251113892,,,
,,,,,,,39000.0,29000.0,90.0
355.984,0.4889460504055023,0.7290481925010681,0.08184999972581863,-0.11992377787828445,-0.0801762118935585,0.9975705742835999,,,
,,,,,,,39000.0,29000.0,90.0
355.994,0.7080723643302917,0.42980360984802246,0.13607257604599,-0.12099069356918335,-0.08270136266946793,0.9941058158874512,,,
,,,,,,,39000.0,29000.0,90.0
356.004,0.5383880138397217,0.4839531481266022,0.15997636318206787,-0.1247040331363678,-0.08893553167581558,0.991818368434906,,,
,,,,,,,39000.0,29000.0,90.0
356.014,1.1066902875900269,0.36558836698532104,0.048577699810266495,-0.12768413126468658,-0.0892266109585762,0.9944047927856445,,,
,,,,,,,39000.0,29000.0,90.0
356.024,1.1428800821304321,0.04332609474658966,-0.2687914967536926,-0.12819577753543854,-0.08390433341264725,0.9919711947441101,,,
,,,,,,,39000.0,29000.0,90.0
356.034,1.1777194738388062,0.29496556520462036,-0.3795378804206848,-0.1303284615278244,-0.08485227823257446,0.990033745765686,,,
,,,,,,,39000.0,29000.0,90.0
356.044,0.8458611369132996,0.05761362239718437,-0.24818387627601624,-0.13130182027816772,-0.08323800563812256,0.9818868041038513,,,
,,,,,,,39000.0,29000.0,90.0
356.054,0.533943235874176,0.5318211317062378,-0.45843786001205444,-0.12963753938674927,-0.08170945197343826,0.9781033992767334,,,
,,,,,,,39000.0,29000.0,90.0
356.064,0.4802019000053406,0.3726358711719513,-0.5962214469909668,-0.12999217212200165,-0.0864010900259018,0.9838641285896301,,,
,,,,,,,39000.0,29000.0,90.0
356.074,0.05727126821875572,0.24076250195503235,-0.4873811900615692,-0.12809133529663086,-0.08053632080554962,0.9870132207870483,,,
,,,,,,,39000.0,29000.0,90.0
356.084,0.6759646534919739,0.09251108765602112,-0.457425981760025,-0.1273740530014038,-0.07521511614322662,0.9862152934074402,,,
,,,,,,,39000.0,29000.0,90.0
356.094,0.6969513297080994,-0.0689755529165268,-0.03207732364535332,-0.12988980114459991,-0.07742249965667725,0.9872816205024719,,,
,,,,,,,39000.0,29000.0,90.0
356.104,0.5437243580818176,-0.37902793288230896,0.06924501806497574,-0.1275288313627243,-0.08071545511484146,0.9867603778839111,,,
,,,,,,,39000.0,29000.0,90.0
356.114,0.421785831451416,-0.08870121091604233,0.33528533577919006,-0.13057363033294678,-0.07771561294794083,0.986862063407898,,,
,,,,,,,39000.0,29000.0,90.0
356.124,-0.011054271832108498,-0.9334228038787842,0.48156601190567017,-0.13370779156684875,-0.07535618543624878,0.9869158267974854,,,
,,,,,,,39000.0,29000.0,90.0
356.134,-0.2386338859796524,-0.33177274465560913,0.8278877139091492,-0.13660115003585815,-0.08124435693025589,0.9872885942459106,,,
,,,,,,,39000.0,29000.0,90.0
356.144,0.09675215184688568,-0.6417431235313416,0.8517649173736572,-0.13068944215774536,-0.08263670653104782,0.9885355830192566,,,
,,,,,,,39000.0,29000.0,90.0
356.154,-0.2003467082977295,-0.6567252278327942,0.8627967238426208,-0.12694552540779114,-0.08210649341344833,0.9863988161087036,,,
,,,,,,,39000.0,29000.0,90.0
356.164,0.2460877150297165,-0.11584628373384476,0.6726043224334717,-0.12622445821762085,-0.08015666902065277,0.9845468997955322,,,
,,,,,,,39000.0,29000.0,90.0
356.174,0.3061721622943878,0.11496615409851074,0.20765699446201324,-0.12802810966968536,-0.08217636495828629,0.9839582443237305,,,
,,,,,,,39000.0,29000.0,90.0
356.184,0.7454779148101807,0.05501215159893036,-0.23885907232761383,-0.12967397272586823,-0.08434110134840012,0.9876149892807007,,,
,,,,,,,39000.0,29000.0,90.0
356.194,0.7156545519828796,0.192665234208107,-0.1908702403306961,-0.12774622440338135,-0.08088618516921997,0.9871445894241333,,,
,,,,,,,39000.0,29000.0,90.0
356.204,0.34907445311546326,0.4161916971206665,-0.8544499278068542,-0.12464987486600876,-0.08387616276741028,0.9868782758712769,,,
,,,,,,,39000.0,29000.0,90.0
356.214,-0.1670684665441513,0.5419520139694214,-1.1660000085830688,-0.12472878396511078,-0.09052807092666626,0.9893234372138977,,,
,,,,,,,44000.0,29000.0,90.0
356.224,0.12474508583545685,-0.4928368330001831,-1.7352255582809448,-0.13250647485256195,-0.09888274222612381,1.003635048866272,,,
,,,,,,,44000.0,29000.0,90.0
356.234,-0.051401033997535706,-1.1653739213943481,-1.5453802347183228,-0.13359689712524414,-0.10021938383579254,1.005797028541565,,,
,,,,,,,44000.0,29000.0,90.0
356.244,0.4133681058883667,-1.8912273645401,-1.9179219007492065,-0.1302933394908905,-0.09595157951116562,1.0118249654769897,,,
,,,,,,,44000.0,29000.0,90.0
356.254,0.9354959726333618,-4.100566864013672,-0.9934527277946472,-0.13776393234729767,-0.08797779679298401,1.0100346803665161,,,
,,,,,,,44000.0,29000.0,90.0
356.264,1.2122458219528198,-0.3438936471939087,-1.4598153829574585,-0.11722798645496368,-0.10439170897006989,0.9769015908241272,,,
,,,,,,,44000.0,29000.0,90.0
356.274,1.4059560298919678,-1.195583462715149,-1.1267558336257935,-0.12441018223762512,-0.08947346359491348,1.000304102897644,,,
,,,,,,,44000.0,29000.0,90.0
356.284,1.1325966119766235,-1.485494613647461,-0.9390292167663574,-0.13371950387954712,-0.08185788989067078,1.0108126401901245,,,
,,,,,,,44000.0,28000.0,90.0
356.294,2.108168840408325,-1.955007791519165,0.3864230811595917,-0.12870241701602936,-0.0780835971236229,0.9921473860740662,,,
,,,,,,,50000.0,28000.0,90.0
356.304,0.04268566519021988,-0.36519959568977356,0.27815303206443787,-0.1225060373544693,-0.09053527563810349,0.9656789898872375,,,
,,,,,,,50000.0,28000.0,90.0
356.314,-0.03431982919573784,0.4189181327819824,0.4111998677253723,-0.1255285143852234,-0.0858175978064537,0.9738160371780396,,,
,,,,,,,50000.0,28000.0,90.0
356.324,-0.03235575929284096,1.0067428350448608,0.1572905331850052,-0.13274231553077698,-0.08146931231021881,1.0068190097808838,,,
,,,,,,,50000.0,28000.0,90.0
356.334,0.7125862240791321,-0.4465523958206177,1.5248395204544067,-0.129227414727211,-0.0770174115896225,0.9854572415351868,,,
,,,,,,,50000.0,28000.0,90.0
356.344,-1.0900895595550537,3.087959051132202,0.8949922919273376,-0.1066165417432785,-0.09426656365394592,0.9484907984733582,,,
,,,,,,,50000.0,28000.0,90.0
356.354,-1.5334125757217407,3.7947957515716553,0.5482739806175232,-0.1194755956530571,-0.09154853224754333,0.980972409248352,,,
,,,,,,,50000.0,28000.0,90.0
356.364,0.3556593656539917,2.698716640472412,0.657250165939331,-0.1261681467294693,-0.09363371878862381,1.018531322479248,,,
,,,,,,,50000.0,27000.0,90.0
356.374,0.08450665324926376,2.0312304496765137,-0.05677198991179466,-0.1225048378109932,-0.09563107043504715,1.0142419338226318,,,
,,,,,,,52000.0,27000.0,90.0
356.384,1.091516375541687,2.0502891540527344,-0.3154175281524658,-0.11756139993667603,-0.09104084968566895,0.9901838302612305,,,
,,,,,,,52000.0,27000.0,90.0
356.394,0.4821690618991852,1.9779510498046875,-0.8526836037635803,-0.12553493678569794,-0.0935983955860138,0.989798367023468,,,
,,,,,,,52000.0,27000.0,90.0
356.404,1.4852372407913208,0.7258605360984802,-0.8531287312507629,-0.13506980240345,-0.0919274389743805,1.0045453310012817,,,
,,,,,,,52000.0,27000.0,90.0
356.414,0.31596052646636963,-0.5939144492149353,-0.7688724994659424,-0.1417361944913864,-0.08691233396530151,1.0004295110702515,,,
,,,,,,,52000.0,27000.0,90.0
356.424,-0.20631933212280273,-0.15133872628211975,-0.5941785573959351,-0.13806244730949402,-0.0869564637541771,0.9750024676322937,,,
,,,,,,,52000.0,27000.0,90.0
356.434,0.007895971648395061,0.5101479887962341,-0.818402886390686,-0.14175963401794434,-0.09343275427818298,0.9797168970108032,,,
,,,,,,,52000.0,27000.0,90.0
356.444,1.3552231788635254,-1.1731473207473755,-1.0449193716049194,-0.14616383612155914,-0.09227046370506287,1.0019521713256836,,,
,,,,,,,52000.0,27000.0,90.0
356.454,1.440447211265564,-2.148731231689453,-0.7419721484184265,-0.1494012326002121,-0.08174219727516174,0.9969815611839294,,,
,,,,,,,52000.0,27000.0,90.0
356.464,1.6499359607696533,-1.562922477722168,0.7473883032798767,-0.1526482105255127,-0.07333751767873764,0.9706021547317505,,,
,,,,,,,52000.0,27000.0,90.0
356.474,0.4312348961830139,-1.2703255414962769,1.153566837310791,-0.1453118473291397,-0.0728822648525238,0.976057767868042,,,
,,,,,,,52000.0,27000.0,90.0
356.484,1.75924813747406,-1.4424442052841187,1.401963233947754,-0.1396293044090271,-0.0753713846206665,0.9930837154388428,,,
,,,,,,,52000.0,27000.0,90.0
356.494,1.7954941987991333,-2.2327218055725098,1.2604832649230957,-0.13051928579807281,-0.07484500110149384,0.9931986331939697,,,
,,,,,,,52000.0,27000.0,90.0
356.504,1.5123462677001953,-1.4745063781738281,2.2143208980560303,-0.12495633214712143,-0.06936086714267731,0.9848049879074097,,,
,,,,,,,52000.0,27000.0,90.0
356.514,0.2529713809490204,-0.25317132472991943,1.94491446018219,-0.12288081645965576,-0.07036653906106949,0.9865889549255371,,,
,,,,,,,52000.0,27000.0,90.0
356.524,-0.08590574562549591,-0.9651843309402466,2.062763214111328,-0.1233186423778534,-0.07480039447546005,0.9914425611495972,,,
,,,,,,,52000.0,27000.0,90.0
356.534,-0.144256591796875,-0.16424213349819183,1.4878188371658325,-0.11839662492275238,-0.0847453773021698,0.9948466420173645,,,
,,,,,,,52000.0,28000.0,90.0
356.544,0.2514822781085968,0.2543044090270996,0.7164795994758606,-0.11318716406822205,-0.09283541142940521,0.9953279495239258,,,
,,,,,,,52000.0,28000.0,90.0
356.554,1.7820684909820557,0.35996013879776,0.002819152781739831,-0.11546769738197327,-0.08962402492761612,1.000914216041565,,,
,,,,,,,52000.0,28000.0,90.0
356.564,1.6461046934127808,-0.24438270926475525,-0.64667809009552,-0.11450301855802536,-0.08244629949331284,1.0015727281570435,,,
,,,,,,,52000.0,28000.0,90.0
356.574,1.3405125141143799,0.4484943747520447,-0.6344587802886963,-0.11117338389158249,-0.07300566136837006,0.9913398623466492,,,
,,,,,,,52000.0,28000.0,90.0
356.584,0.6610850095748901,0.7179351449012756,-0.9740442633628845,-0.11139221489429474,-0.06901168823242188,0.9938353300094604,,,
,,,,,,,52000.0,28000.0,90.0
356.594,-0.35623812675476074,1.0886331796646118,-1.2547311782836914,-0.11163504421710968,-0.064556784927845,0.9931646585464478,,,
,,,,,,,52000.0,28000.0,90.0
356.604,0.17083747684955597,0.7707230448722839,-1.7859241962432861,-0.11675214022397995,-0.06839535385370255,0.9999167323112488,,,
,,,,,,,52000.0,28000.0,90.0
356.614,1.2346750497817993,0.7850924730300903,-1.8308361768722534,-0.12369585782289505,-0.07099644839763641,0.9882652163505554,,,
,,,,,,,52000.0,28000.0,90.0
356.624,-0.4221438765525818,0.5815467834472656,-1.606449007987976,-0.13205084204673767,-0.06937828660011292,0.9804669618606567,,,
,,,,,,,52000.0,28000.0,90.0
356.634,0.10884883254766464,1.5314894914627075,-0.9306508302688599,-0.13582856953144073,-0.0729917362332344,0.977327823638916,,,
,,,,,,,52000.0,28000.0,90.0
356.644,-0.6311797499656677,1.0746210813522339,-1.3071337938308716,-0.13709601759910583,-0.08086012303829193,0.985638439655304,,,
,,,,,,,52000.0,28000.0,90.0
356.654,0.6462097764015198,0.759586751461029,-1.6723746061325073,-0.1371011883020401,-0.08334212005138397,0.9895868897438049,,,
,,,,,,,52000.0,28000.0,90.0
356.664,1.2732276916503906,1.1540895700454712,-1.0356639623641968,-0.1398736983537674,-0.08019303530454636,0.9880502820014954,,,
,,,,,,,52000.0,28000.0,90.0
356.674,0.4461521804332733,0.4654920697212219,-1.1902780532836914,-0.1378287523984909,-0.07650398463010788,0.989566445350647,,,
,,,,,,,52000.0,28000.0,90.0
356.684,-0.07531411945819855,1.049697995185852,-0.6439056992530823,-0.13278114795684814,-0.07170642167329788,0.988903284072876,,,
,,,,,,,52000.0,28000.0,90.0
356.694,-0.3075445890426636,0.36123865842819214,-0.4079492390155792,-0.13434667885303497,-0.07546582072973251,0.9923166036605835,,,
,,,,,,,52000.0,28000.0,90.0
356.704,-0.12485601752996445,-0.19873285293579102,-0.3689517676830292,-0.13802896440029144,-0.08427449315786362,0.991430401802063,,,
,,,,,,,52000.0,29000.0,90.0
356.714,0.05380227416753769,-0.32055509090423584,-0.3670388162136078,-0.13284482061862946,-0.0854809433221817,0.9890425801277161,,,
,,,,,,,52000.0,29000.0,90.0
356.724,-0.7380208969116211,-0.3851427435874939,-0.12646932899951935,-0.13196462392807007,-0.07734650373458862,0.984295666217804,,,
,,,,,,,52000.0,29000.0,90.0
356.734,-1.2724249362945557,-0.5996972322463989,0.3854133188724518,-0.13562734425067902,-0.07584025710821152,0.9828967452049255,,,
,,,,,,,52000.0,29000.0,90.0
356.744,-1.5090655088424683,-0.5458596348762512,0.3570680320262909,-0.13424347341060638,-0.08790507167577744,0.9866901636123657,,,
,,,,,,,52000.0,29000.0,90.0
356.754,0.14440712332725525,-1.082260251045227,-0.29275473952293396,-0.12826062738895416,-0.09363739937543869,0.9970107078552246,,,
,,,,,,,52000.0,29000.0,90.0
356.764,0.6398941874504089,-0.460446298122406,-0.03938258811831474,-0.12902475893497467,-0.08609116077423096,0.9950703382492065,,,
,,,,,,,52000.0,29000.0,90.0
356.774,-0.4492104947566986,-0.49798959493637085,0.21940357983112335,-0.12905938923358917,-0.08339414745569229,0.9917872548103333,,,
,,,,,,,52000.0,29000.0,90.0
356.784,-0.8639683127403259,-0.7528235912322998,0.854992151260376,-0.13062874972820282,-0.08301641792058945,0.990360677242279,,,
,,,,,,,52000.0,29000.0,90.0
356.794,-0.9679972529411316,-0.17611218988895416,0.6781286001205444,-0.1289290487766266,-0.09216034412384033,0.9910719990730286,,,
,,,,,,,52000.0,29000.0,90.0
356.804,-0.13550148904323578,-0.355926513671875,0.505010724067688,-0.12708185613155365,-0.09573566168546677,0.99610435962677,,,
,,,,,,,52000.0,29000.0,90.0
356.814,1.0373549461364746,-0.0959635078907013,-0.12476667761802673,-0.12915979325771332,-0.08758262544870377,0.9963768720626831,,,
,,,,,,,52000.0,29000.0,90.0
356.824,0.507075309753418,0.2709049582481384,0.5468866229057312,-0.12750457227230072,-0.07835039496421814,0.9931063652038574,,,
,,,,,,,52000.0,29000.0,90.0
356.834,0.2071499079465866,0.1649954915046692,0.6515684723854065,-0.12781932950019836,-0.07710680365562439,0.9854943752288818,,,
,,,,,,,52000.0,29000.0,90.0
356.844,0.024572504684329033,0.8227322101593018,0.919648289680481,-0.1272660493850708,-0.08297407627105713,0.9862127900123596,,,
,,,,,,,52000.0,29000.0,90.0
356.854,0.6122921705245972,0.44177621603012085,0.9074742197990417,-0.12735024094581604,-0.08429805934429169,0.9949737191200256,,,
,,,,,,,52000.0,29000.0,90.0
356.864,-0.05882168561220169,0.0804227963089943,0.4057677090167999,-0.12884287536144257,-0.07748862355947495,0.9956464171409607,,,
,,,,,,,52000.0,29000.0,90.0
356.874,-0.02942228503525257,0.6339871883392334,0.6842278838157654,-0.1310286521911621,-0.07960835844278336,0.9855068922042847,,,
,,,,,,,52000.0,29000.0,90.0
356.884,-0.5905199646949768,0.9047445058822632,0.11496562510728836,-0.13122916221618652,-0.08663617074489594,0.9892361760139465,,,
,,,,,,,54000.0,29000.0,90.0
356.894,0.3188939392566681,0.19532163441181183,0.21526655554771423,-0.13392028212547302,-0.08483383804559708,0.9942662119865417,,,
,,,,,,,54000.0,29000.0,90.0
356.904,0.4928972125053406,0.22463077306747437,0.02161640301346779,-0.13855350017547607,-0.08668671548366547,0.9887271523475647,,,
,,,,,,,54000.0,29000.0,90.0
356.914,0.6671547293663025,-0.00020670951926149428,-0.08191657811403275,-0.1408466249704361,-0.09059936553239822,0.9861592054367065,,,
,,,,,,,54000.0,29000.0,90.0
356.924,0.6776703000068665,-0.6761954426765442,-0.26973944902420044,-0.1403144896030426,-0.08768636733293533,0.9950624704360962,,,
,,,,,,,54000.0,29000.0,90.0
356.934,1.167954444885254,-1.035857081413269,0.2958489656448364,-0.13822601735591888,-0.07389947026968002,0.989313542842865,,,
,,,,,,,54000.0,29000.0,90.0
356.944,0.7542601227760315,-0.5029789209365845,0.795150101184845,-0.1311953216791153,-0.06329900026321411,0.9789875745773315,,,
,,,,,,,54000.0,29000.0,90.0
356.954,-0.20501138269901276,-0.3147928714752197,0.4225987493991852,-0.12995634973049164,-0.05699723958969116,0.9796169400215149,,,
,,,,,,,54000.0,29000.0,90.0
356.964,-0.0049567013047635555,-0.7093002200126648,0.9663093686103821,-0.12994839251041412,-0.05257516726851463,0.9913192391395569,,,
,,,,,,,56000.0,29000.0,90.0
356.974,-0.7612228989601135,-0.5872064828872681,1.2151895761489868,-0.13013140857219696,-0.058513421565294266,0.9915387630462646,,,
,,,,,,,56000.0,29000.0,90.0
356.984,-1.5779224634170532,-0.6871629953384399,1.0202208757400513,-0.1329016536474228,-0.06725356727838516,0.9798862934112549,,,
,,,,,,,56000.0,29000.0,90.0
356.994,-1.1815474033355713,-0.2851034104824066,1.1763960123062134,-0.13548867404460907,-0.07324599474668503,0.9799731969833374,,,
,,,,,,,56000.0,29000.0,90.0
357.004,-1.1081465482711792,-0.4338451027870178,0.7493453025817871,-0.1331811249256134,-0.08076805621385574,0.9938511252403259,,,
,,,,,,,56000.0,29000.0,90.0
357.014,-1.1819852590560913,-0.6930413246154785,-0.12433773279190063,-0.13455942273139954,-0.08692171424627304,0.9847672581672668,,,
,,,,,,,56000.0,29000.0,90.0
357.024,-0.7605419158935547,-0.20610342919826508,-0.2634955644607544,-0.12890930473804474,-0.08194956928491592,0.9724350571632385,,,
,,,,,,,56000.0,29000.0,90.0
357.034,-0.9653306603431702,-0.3940054774284363,-0.796423077583313,-0.13464470207691193,-0.0815473347902298,0.9906288981437683,,,
,,,,,,,56000.0,29000.0,90.0
357.044,0.14795862138271332,-0.8025327920913696,-0.8660932183265686,-0.12472306936979294,-0.08052987605333328,1.0102885961532593,,,
,,,,,,,59000.0,29000.0,90.0
357.054,0.18171711266040802,-1.0689281225204468,-1.512260913848877,-0.10900630056858063,-0.07809309661388397,1.0079288482666016,,,
,,,,,,,59000.0,29000.0,90.0
357.064,-0.439267098903656,-1.1411209106445312,-2.212808609008789,-0.11548109352588654,-0.0683215782046318,0.9981718063354492,,,
,,,,,,,59000.0,29000.0,90.0
357.074,-0.4162396490573883,-0.6711658239364624,-1.528122067451477,-0.11742237210273743,-0.0661332905292511,1.0018192529678345,,,
,,,,,,,59000.0,29000.0,90.0
357.084,-0.8392124772071838,-1.73012113571167,-1.599050760269165,-0.12155438214540482,-0.07991624623537064,1.007946491241455,,,
,,,,,,,59000.0,29000.0,90.0
357.094,-1.5625230073928833,-0.9624478220939636,-2.034925937652588,-0.12864181399345398,-0.08504830300807953,0.9871527552604675,,,
,,,,,,,59000.0,29000.0,90.0
357.104,-0.8226366639137268,0.24432700872421265,-1.1412032842636108,-0.12449179589748383,-0.07580229640007019,0.9699080586433411,,,
,,,,,,,59000.0,29000.0,90.0
357.114,-2.0111753940582275,0.8974766731262207,-1.2475758790969849,-0.13067710399627686,-0.07827150821685791,0.9766060709953308,,,
,,,,,,,59000.0,29000.0,90.0
357.124,-1.2407042980194092,1.188699722290039,-0.991508424282074,-0.13334693014621735,-0.08308576792478561,0.9872016906738281,,,
,,,,,,,59000.0,29000.0,90.0
357.134,-0.7089172005653381,1.0559886693954468,-0.7819960713386536,-0.13202118873596191,-0.08683717995882034,0.9861496090888977,,,
,,,,,,,62000.0,29000.0,90.0
357.144,-1.1264878511428833,1.70960533618927,-0.5206286311149597,-0.13439345359802246,-0.08444041013717651,0.983690083026886,,,
,,,,,,,62000.0,29000.0,90.0
357.154,-0.886319100856781,1.9037389755249023,-0.4789733290672302,-0.13508149981498718,-0.08315232396125793,0.9912170171737671,,,
,,,,,,,62000.0,29000.0,90.0
357.164,-0.8174328804016113,0.6366088390350342,-0.6030093431472778,-0.1380467563867569,-0.08670204132795334,1.0054875612258911,,,
,,,,,,,62000.0,29000.0,90.0
357.174,-0.17381024360656738,-0.02880948968231678,-0.6601817607879639,-0.14353682100772858,-0.0867079570889473,0.9907441139221191,,,
,,,,,,,62000.0,29000.0,90.0
357.184,-1.0139875411987305,0.39318859577178955,0.08423417806625366,-0.1379762589931488,-0.08164381980895996,0.971670925617218,,,
,,,,,,,62000.0,29000.0,90.0
357.194,-2.7537460327148438,0.23763920366764069,0.2710007131099701,-0.14217232167720795,-0.08677006512880325,0.9807001352310181,,,
,,,,,,,62000.0,29000.0,90.0
357.204,-1.8716191053390503,-0.74114990234375,0.37518003582954407,-0.14343421161174774,-0.0908779576420784,0.9973711371421814,,,
,,,,,,,62000.0,29000.0,90.0
357.214,-1.6181095838546753,-1.5002180337905884,0.29101619124412537,-0.13951760530471802,-0.09687603265047073,1.0014234781265259,,,
,,,,,,,63000.0,29000.0,90.0
357.224,-1.0710514783859253,-2.020317554473877,0.1471252143383026,-0.1391686052083969,-0.09561674296855927,0.9934951663017273,,,
,,,,,,,63000.0,29000.0,90.0
357.234,0.12387744337320328,-2.157996654510498,0.49051815271377563,-0.13759109377861023,-0.09393099695444107,0.9918022751808167,,,
,,,,,,,63000.0,29000.0,90.0
357.244,0.7724595069885254,-2.8747718334198,0.5587377548217773,-0.13256040215492249,-0.09355118870735168,0.9976658225059509,,,
,,,,,,,63000.0,29000.0,90.0
357.254,-0.22030119597911835,-2.774991035461426,0.5110070705413818,-0.12896475195884705,-0.09094780683517456,0.9920631647109985,,,
,,,,,,,63000.0,29000.0,90.0
357.264,0.05993615463376045,-2.4436473846435547,0.8887078762054443,-0.1213507354259491,-0.08674752712249756,0.9881910085678101,,,
,,,,,,,63000.0,29000.0,90.0
357.274,0.12469497323036194,-1.9405953884124756,1.004463791847229,-0.12024731934070587,-0.08846042305231094,0.9958295822143555,,,
,,,,,,,63000.0,29000.0,90.0
357.284,0.20171895623207092,-2.367267370223999,0.6534532904624939,-0.11699116230010986,-0.0924864113330841,0.9977882504463196,,,
,,,,,,,63000.0,29000.0,90.0
357.294,0.17329104244709015,-1.8706225156784058,0.8522836565971375,-0.11740782856941223,-0.09121255576610565,0.9969357848167419,,,
,,,,,,,63000.0,29000.0,90.0
357.304,-0.28855636715888977,-1.1089993715286255,1.0683079957962036,-0.11511603742837906,-0.08408690989017487,0.9892488718032837,,,
,,,,,,,63000.0,29000.0,90.0
357.314,-0.17737628519535065,-0.5362675786018372,0.9977811574935913,-0.11545848101377487,-0.08311394602060318,0.9916194081306458,,,
,,,,,,,63000.0,29000.0,90.0
357.324,-0.3129879832267761,-0.45849162340164185,0.875012218952179,-0.12023451179265976,-0.08548608422279358,0.9942449927330017,,,
,,,,,,,63000.0,29000.0,90.0
357.334,-0.030654942616820335,0.2754286229610443,1.0749685764312744,-0.11456961184740067,-0.08032967150211334,0.9900305867195129,,,
,,,,,,,63000.0,29000.0,90.0
357.344,-0.08134493976831436,0.39563506841659546,0.5418941974639893,-0.11260338872671127,-0.07938360422849655,0.9918546080589294,,,
,,,,,,,63000.0,29000.0,90.0
357.354,0.012960132211446762,1.058302640914917,0.4547407925128937,-0.11236417293548584,-0.07978121936321259,0.9926626086235046,,,
,,,,,,,63000.0,29000.0,90.0
357.364,0.8326680064201355,0.7699621915817261,0.09558451175689697,-0.11504840850830078,-0.08918201178312302,0.999333381652832,,,
,,,,,,,63000.0,29000.0,90.0
357.374,0.260840505361557,0.6088781356811523,-0.2286454290151596,-0.12331877648830414,-0.0860837996006012,0.9951469898223877,,,
,,,,,,,63000.0,29000.0,90.0
357.384,0.41110581159591675,0.9963276386260986,-0.3024040758609772,-0.1209568902850151,-0.08451686799526215,0.9894054532051086,,,
,,,,,,,63000.0,29000.0,90.0
357.394,-0.194590225815773,1.6907137632369995,-0.7073952555656433,-0.11748682707548141,-0.08947360515594482,0.9899576902389526,,,
,,,,,,,63000.0,29000.0,90.0
357.404,-1.2667824029922485,1.1552592515945435,-1.0684072971343994,-0.1232292503118515,-0.08290787786245346,0.9890689849853516,,,
,,,,,,,63000.0,29000.0,90.0
357.414,-0.1613219529390335,0.8904785513877869,-1.1720784902572632,-0.12780418992042542,-0.07942822575569153,0.9898349046707153,,,
,,,,,,,63000.0,29000.0,90.0
357.424,-0.1908574402332306,1.1000384092330933,-1.1559945344924927,-0.12914079427719116,-0.0863863080739975,0.9914861917495728,,,
,,,,,,,63000.0,29000.0,90.0
357.434,0.12482026219367981,0.04585736244916916,-0.7558563947677612,-0.13751545548439026,-0.08668212592601776,0.9964930415153503,,,
,,,,,,,63000.0,29000.0,90.0
357.444,0.8607736825942993,0.1583249419927597,-0.05356081947684288,-0.13642452657222748,-0.08501412719488144,0.9981143474578857,,,
,,,,,,,63000.0,29000.0,90.0
357.454,0.6453267335891724,0.26390722393989563,0.20447418093681335,-0.13144588470458984,-0.08566837757825851,0.9957007765769958,,,
,,,,,,,63000.0,28000.0,90.0
357.464,0.6979827880859375,-0.11034450680017471,0.254351943731308,-0.13198529183864594,-0.0876275897026062,0.9897264242172241,,,
,,,,,,,63000.0,28000.0,90.0
357.474,1.5341356992721558,-0.34868186712265015,0.14679576456546783,-0.13477766513824463,-0.08527479320764542,0.9925989508628845,,,
,,,,,,,63000.0,28000.0,90.0
357.484,0.7242028117179871,-0.44536733627319336,0.7435930371284485,-0.13816261291503906,-0.08079276978969574,0.9895331263542175,,,
,,,,,,,63000.0,28000.0,90.0
357.494,-0.07654935866594315,-0.35831037163734436,1.0554344654083252,-0.13772709667682648,-0.08025413006544113,0.9778192639350891,,,
,,,,,,,63000.0,28000.0,90.0
357.504,-0.8319711089134216,-0.17215006053447723,1.1824029684066772,-0.1370176374912262,-0.07793757319450378,0.9714393615722656,,,
,,,,,,,63000.0,28000.0,90.0
357.514,-0.3038499653339386,0.6580746173858643,1.3363726139068604,-0.13685919344425201,-0.07410857081413269,0.9670816659927368,,,
,,,,,,,63000.0,28000.0,90.0
357.524,-2.3879833221435547,-0.2860826849937439,1.1821365356445312,-0.13875429332256317,-0.07591993361711502,0.9805266857147217,,,
,,,,,,,63000.0,28000.0,90.0
357.534,-1.2558250427246094,0.19063875079154968,1.1530506610870361,-0.13762204349040985,-0.08052961528301239,0.9832251667976379,,,
,,,,,,,63000.0,28000.0,90.0
357.544,0.13109174370765686,-0.4655910134315491,0.9271181225776672,-0.12797585129737854,-0.07962485402822495,0.9990824460983276,,,
,,,,,,,63000.0,28000.0,90.0
357.554,-0.8700194954872131,-1.022900938987732,0.8668678998947144,-0.1225876584649086,-0.07515636831521988,0.9973806738853455,,,
,,,,,,,63000.0,28000.0,90.0
357.564,-0.44442564249038696,-0.8016297817230225,0.9742289781570435,-0.11989502608776093,-0.07369840890169144,0.9974529147148132,,,
,,,,,,,63000.0,28000.0,90.0
357.574,-0.6330984830856323,-0.45663705468177795,0.7429602742195129,-0.1196889579296112,-0.07665344327688217,0.9981545805931091,,,
,,,,,,,63000.0,28000.0,90.0
357.584,-0.15766815841197968,-1.0889185667037964,0.4568396210670471,-0.11915771663188934,-0.07583596557378769,1.0008851289749146,,,
,,,,,,,63000.0,28000.0,90.0
357.594,0.26297229528427124,-1.0831252336502075,-0.02356700785458088,-0.11622879654169083,-0.07878168672323227,0.996170163154602,,,
,,,,,,,63000.0,28000.0,90.0
357.604,-0.3577689230442047,-0.45302146673202515,-0.8858789205551147,-0.11770492792129517,-0.07707107067108154,0.9866041541099548,,,
,,,,,,,63000.0,28000.0,90.0
357.614,-0.5488210320472717,-0.6629893183708191,-0.813759446144104,-0.12491606920957565,-0.07678146660327911,0.9854288101196289,,,
,,,,,,,63000.0,28000.0,90.0
357.624,-0.8952892422676086,0.5069430470466614,-1.0875811576843262,-0.12480787932872772,-0.08081942796707153,0.9874090552330017,,,
,,,,,,,63000.0,28000.0,90.0
357.634,-1.1537206172943115,0.05139736086130142,-1.8049631118774414,-0.12172938883304596,-0.08301235735416412,0.9892765283584595,,,
,,,,,,,63000.0,28000.0,90.0
357.644,-0.316435843706131,0.647597074508667,-1.8204232454299927,-0.12027021497488022,-0.08034873008728027,0.990178108215332,,,
,,,,,,,63000.0,28000.0,90.0
357.654,-0.44902345538139343,0.3984684944152832,-1.925905704498291,-0.12478486448526382,-0.08030977845191956,0.991686999797821,,,
,,,,,,,63000.0,28000.0,90.0
357.664,-0.39497795701026917,0.20119993388652802,-1.525729775428772,-0.12568582594394684,-0.07781974971294403,0.9902675747871399,,,
,,,,,,,63000.0,28000.0,90.0
357.674,-0.6968937516212463,0.19803012907505035,-0.8595196008682251,-0.12541422247886658,-0.07374338060617447,0.9881513714790344,,,
,,,,,,,63000.0,28000.0,90.0
357.684,-1.3290693759918213,0.5554481148719788,-0.4269331991672516,-0.12784907221794128,-0.07567989081144333,0.9898636937141418,,,
,,,,,,,63000.0,28000.0,90.0
357.694,-0.9474469423294067,0.15563641488552094,-0.051508329808712006,-0.13340815901756287,-0.08076702058315277,0.9924390316009521,,,
,,,,,,,63000.0,28000.0,90.0
357.704,-1.1333616971969604,-0.18213637173175812,0.1702149212360382,-0.13506224751472473,-0.08457545936107635,0.9936102628707886,,,
,,,,,,,63000.0,27000.0,90.0
357.714,-1.0172828435897827,-0.040994975715875626,0.20123814046382904,-0.13671812415122986,-0.08694545179605484,0.9887412786483765,,,
,,,,,,,63000.0,27000.0,90.0
357.724,-1.6479617357254028,0.23115238547325134,0.7312946319580078,-0.13058330118656158,-0.08614223450422287,0.9819654226303101,,,
,,,,,,,63000.0,27000.0,90.0
357.734,-1.3226304054260254,0.6014227271080017,0.8693171143531799,-0.13379797339439392,-0.09000267088413239,0.9914117455482483,,,
,,,,,,,63000.0,27000.0,90.0
357.744,0.030409663915634155,-0.7116268277168274,0.3531281054019928,-0.1275043934583664,-0.10169515013694763,1.000243902206421,,,
,,,,,,,63000.0,27000.0,90.0
357.754,-0.6628410220146179,-0.08988521248102188,-0.24024337530136108,-0.12433421611785889,-0.10087095201015472,0.9951954483985901,,,
,,,,,,,63000.0,27000.0,90.0
357.764,-0.24220968782901764,0.0639108195900917,-0.23928405344486237,-0.12310048192739487,-0.09992113709449768,0.9958128929138184,,,
,,,,,,,63000.0,27000.0,90.0
357.774,1.2253934144973755,0.040218647569417953,-0.14975468814373016,-0.12775593996047974,-0.09973639249801636,0.9993861317634583,,,
,,,,,,,63000.0,27000.0,90.0
357.784,0.7297244668006897,-1.143613576889038,-0.8236697912216187,-0.12878663837909698,-0.10089030861854553,1.0045077800750732,,,
,,,,,,,63000.0,27000.0,90.0
357.794,0.33419695496559143,-1.022241234779358,-0.2084149271249771,-0.12760929763317108,-0.08766428381204605,0.9944435358047485,,,
,,,,,,,63000.0,27000.0,90.0
357.804,-0.5910075902938843,-1.1833436489105225,0.7311553359031677,-0.12745031714439392,-0.07815219461917877,0.9864173531532288,,,
,,,,,,,63000.0,27000.0,90.0
357.814,-0.1285063922405243,-1.6556422710418701,0.8270829319953918,-0.12565208971500397,-0.08421073108911514,0.9923695921897888,,,
,,,,,,,63000.0,27000.0,90.0
357.824,0.667913019657135,-1.5331552028656006,0.35007143020629883,-0.12209884822368622,-0.08094064146280289,0.9928451776504517,,,
,,,,,,,63000.0,27000.0,90.0
357.834,0.6578682661056519,-1.2653887271881104,1.1126978397369385,-0.12410474568605423,-0.07514777779579163,0.9888739585876465,,,
,,,,,,,63000.0,27000.0,90.0
357.844,-0.040395062416791916,-1.0852817296981812,0.9256415963172913,-0.12504751980304718,-0.08345478773117065,0.9796903133392334,,,
,,,,,,,63000.0,27000.0,90.0
357.854,-0.4556494355201721,-0.05885385349392891,0.9416601657867432,-0.1271384209394455,-0.09073865413665771,0.98262619972229,,,
,,,,,,,63000.0,27000.0,90.0
357.864,-0.47976964712142944,-0.08898928761482239,0.630064070224762,-0.12987983226776123,-0.0945608988404274,0.9879832863807678,,,
,,,,,,,63000.0,27000.0,90.0
357.874,-0.303349107503891,-0.20465853810310364,0.4541313350200653,-0.12780682742595673,-0.09876281023025513,0.9896342754364014,,,
,,,,,,,63000.0,27000.0,90.0
357.884,0.2679654657840729,1.011581540107727,0.010029269382357597,-0.12309921532869339,-0.10390444099903107,0.98960280418396,,,
,,,,,,,63000.0,27000.0,90.0
357.894,0.17579367756843567,0.80515056848526,-0.43762508034706116,-0.12485888600349426,-0.09920402616262436,0.9936748743057251,,,
,,,,,,,63000.0,27000.0,90.0
357.904,0.3918713927268982,0.8034719228744507,-0.9094984531402588,-0.1264638602733612,-0.0912880226969719,0.996180534362793,,,
,,,,,,,63000.0,27000.0,90.0
357.914,0.434735506772995,0.9551346898078918,-0.8633274435997009,-0.12017610669136047,-0.08874817937612534,0.9920485019683838,,,
,,,,,,,63000.0,27000.0,90.0
357.924,0.2868815064430237,1.2370355129241943,-1.1820260286331177,-0.12454501539468765,-0.08439749479293823,0.9917192459106445,,,
,,,,,,,63000.0,27000.0,90.0
357.934,-0.11216560751199722,0.7219182848930359,-0.792216956615448,-0.12936106324195862,-0.07930048555135727,0.9886599183082581,,,
,,,,,,,63000.0,27000.0,90.0
357.944,-0.010730462148785591,0.4894588887691498,0.2873171269893646,-0.12854814529418945,-0.07622633129358292,0.9904831647872925,,,
,,,,,,,63000.0,27000.0,90.0
357.954,0.11065502464771271,0.40961652994155884,0.05321206524968147,-0.1275309920310974,-0.08088179677724838,0.9940913319587708,,,
,,,,,,,63000.0,27000.0,90.0
357.964,0.1207134798169136,0.3561694920063019,-0.11260700225830078,-0.13139942288398743,-0.08768761903047562,0.9953623414039612,,,
,,,,,,,63000.0,27000.0,90.0
357.974,1.0617252588272095,-0.6122748851776123,0.3492598831653595,-0.1395397037267685,-0.08842850476503372,0.9927225708961487,,,
,,,,,,,63000.0,27000.0,90.0
357.984,0.8839762806892395,-0.5969940423965454,0.6830450892448425,-0.1415913850069046,-0.09380318969488144,0.9873015880584717,,,
,,,,,,,63000.0,27000.0,90.0
357.994,0.917392909526825,-0.3022984266281128,0.5104790329933167,-0.13411681354045868,-0.09882942587137222,0.9858174324035645,,,
,,,,,,,63000.0,27000.0,90.0
358.004,1.1138497591018677,-0.26632753014564514,0.46908333897590637,-0.13219550251960754,-0.10088808834552765,0.9918838739395142,,,
,,,,,,,63000.0,27000.0,90.0
358.014,0.8303794264793396,-0.5919080376625061,0.391300767660141,-0.13193732500076294,-0.0931297317147255,0.9931930303573608,,,
,,,,,,,63000.0,27000.0,90.0
358.024,0.7488892078399658,-0.5267906188964844,0.8452038168907166,-0.1310044676065445,-0.08152712136507034,0.9900597333908081,,,
,,,,,,,63000.0,27000.0,90.0
358.034,1.094457745552063,-0.5360981822013855,0.9367144107818604,-0.13185341656208038,-0.08208400756120682,0.987873375415802,,,
,,,,,,,63000.0,27000.0,90.0
358.044,0.7874186635017395,-1.1239118576049805,1.2272807359695435,-0.1281791776418686,-0.08071964979171753,0.9907287955284119,,,
,,,,,,,63000.0,27000.0,90.0
358.054,0.4913973808288574,-0.866976261138916,1.3193775415420532,-0.12480628490447998,-0.07175631076097488,0.9900848865509033,,,
,,,,,,,63000.0,27000.0,90.0
358.064,0.8369444608688354,-0.6537761688232422,1.3845237493515015,-0.12564778327941895,-0.0750943049788475,0.9849641919136047,,,
,,,,,,,63000.0,27000.0,90.0
358.074,0.09617272764444351,-0.5506666302680969,0.7317718267440796,-0.12318409979343414,-0.080104760825634,0.9851547479629517,,,
,,,,,,,63000.0,27000.0,90.0
358.084,0.233118936419487,-0.3256889879703522,1.0620535612106323,-0.12224389612674713,-0.07450522482395172,0.9832697510719299,,,
,,,,,,,63000.0,27000.0,90.0
358.094,-0.28420618176460266,-0.23685745894908905,0.6211422681808472,-0.12352234870195389,-0.07389809936285019,0.9870861768722534,,,
,,,,,,,63000.0,27000.0,90.0
358.104,-0.9988595843315125,-0.6763441562652588,0.9930542707443237,-0.12687933444976807,-0.08116786181926727,0.9867197871208191,,,
,,,,,,,63000.0,27000.0,90.0
358.114,-0.5628074407577515,-0.6028656959533691,0.7499110102653503,-0.1269521266222,-0.08912038803100586,0.9888458847999573,,,
,,,,,,,63000.0,27000.0,90.0
358.124,0.14951029419898987,-0.47327831387519836,0.603297770023346,-0.1197364404797554,-0.08770334720611572,1.0008299350738525,,,
,,,,,,,63000.0,27000.0,90.0
358.134,-0.13089780509471893,-0.6379944086074829,0.3133014142513275,-0.11606165021657944,-0.07351002097129822,1.0054811239242554,,,
,,,,,,,63000.0,27000.0,90.0
358.144,-0.040635619312524796,-0.16668136417865753,0.5649625658988953,-0.11598875373601913,-0.07024505734443665,0.9971814751625061,,,
,,,,,,,63000.0,27000.0,90.0
358.154,-0.45461851358413696,-0.25228723883628845,0.26165348291397095,-0.11880621314048767,-0.07622265815734863,0.9888399839401245,,,
,,,,,,,63000.0,27000.0,90.0
358.164,-0.37000572681427,0.251535028219223,0.39518043398857117,-0.12374190986156464,-0.07495010644197464,0.9890477061271667,,,
,,,,,,,63000.0,27000.0,90.0
358.174,-0.05340929701924324,0.27446112036705017,0.5191816091537476,-0.12648023664951324,-0.07854679971933365,0.990342915058136,,,
,,,,,,,63000.0,27000.0,90.0
358.184,-0.17606236040592194,0.424664705991745,-0.2437731921672821,-0.12634089589118958,-0.08482791483402252,0.9901549816131592,,,
,,,,,,,63000.0,27000.0,90.0
358.194,-0.057452887296676636,0.660841166973114,-0.4452463388442993,-0.12806247174739838,-0.08260345458984375,0.9850514531135559,,,
,,,,,,,63000.0,27000.0,90.0
358.204,-0.11865579336881638,0.6929404735565186,-0.41835471987724304,-0.13289692997932434,-0.08112963289022446,0.9856795072555542,,,
,,,,,,,63000.0,27000.0,90.0
358.214,-0.09156420081853867,0.6226420402526855,-0.8251039981842041,-0.132920503616333,-0.08360947668552399,0.9904388785362244,,,
,,,,,,,63000.0,27000.0,90.0
358.224,-0.9231990575790405,0.1961352527141571,-0.5601505637168884,-0.13030044734477997,-0.08105593919754028,0.9895075559616089,,,
,,,,,,,63000.0,27000.0,90.0
358.234,-0.956287145614624,1.13431978225708,-0.4753795266151428,-0.125479057431221,-0.07633710652589798,0.9879076480865479,,,
,,,,,,,63000.0,27000.0,90.0
358.244,-0.613807201385498,0.4642755389213562,-0.41059309244155884,-0.125319242477417,-0.07788532227277756,0.9955176711082458,,,
,,,,,,,63000.0,27000.0,90.0
358.254,-0.17088016867637634,-0.3446669578552246,-0.5080224871635437,-0.12800109386444092,-0.08251842856407166,0.994663655757904,,,
,,,,,,,63000.0,27000.0,90.0
358.264,-0.05057850852608681,-0.389919251203537,-0.2490469217300415,-0.13120444118976593,-0.08222860842943192,0.9890134334564209,,,
,,,,,,,63000.0,27000.0,90.0
358.274,-0.41724205017089844,-0.5914757251739502,0.2076755166053772,-0.13125216960906982,-0.08064074069261551,0.9885076880455017,,,
,,,,,,,63000.0,27000.0,90.0
358.284,-0.8119289875030518,-0.7234303951263428,0.16433513164520264,-0.12852998077869415,-0.07782715559005737,0.9880273342132568,,,
,,,,,,,63000.0,27000.0,90.0
358.294,-0.8048741817474365,-0.30492886900901794,0.4249028265476227,-0.12352381646633148,-0.08067668974399567,0.992549479007721,,,
,,,,,,,63000.0,27000.0,90.0
358.304,-0.07987940311431885,-0.5185968279838562,-0.05024491995573044,-0.12265025079250336,-0.08761395514011383,0.9967814087867737,,,
,,,,,,,63000.0,27000.0,90.0
358.314,0.4160808324813843,-0.5351378917694092,-0.48311784863471985,-0.12633085250854492,-0.0873805582523346,0.993461012840271,,,
,,,,,,,63000.0,27000.0,90.0
358.324,0.005100593902170658,-0.05500242859125137,-0.14523737132549286,-0.1277218610048294,-0.08317200839519501,0.985490083694458,,,
,,,,,,,63000.0,27000.0,90.0
358.334,-0.052653566002845764,0.2726977467536926,-0.34484827518463135,-0.12462541460990906,-0.08749502152204514,0.9843942523002625,,,
,,,,,,,63000.0,27000.0,90.0
358.344,-0.143373504281044,0.2685580849647522,-0.6920506358146667,-0.12351396679878235,-0.09707698971033096,0.9921337366104126,,,
,,,,,,,63000.0,27000.0,90.0
358.354,-0.010794846341013908,-0.04521884769201279,-0.9414414763450623,-0.12846867740154266,-0.09526180475950241,0.9936917424201965,,,
,,,,,,,63000.0,27000.0,90.0
358.364,0.38698819279670715,-0.4949994683265686,-1.0576395988464355,-0.1308530569076538,-0.09264513105154037,0.9900023341178894,,,
,,,,,,,63000.0,27000.0,90.0
358.374,-0.0950663834810257,-0.22028160095214844,-0.6055600643157959,-0.1252775639295578,-0.08352731913328171,0.9876708984375,,,
,,,,,,,63000.0,27000.0,90.0
358.384,-0.4128708839416504,-0.4093905985355377,-0.24218003451824188,-0.126776784658432,-0.07519995421171188,0.9937219619750977,,,
,,,,,,,63000.0,27000.0,90.0
358.394,-0.37202659249305725,-0.6671146750450134,0.16839250922203064,-0.1243337020277977,-0.07607483118772507,0.9990857243537903,,,
,,,,,,,63000.0,27000.0,90.0
358.404,-0.4057525098323822,-0.9260126352310181,0.6122564673423767,-0.12174507975578308,-0.07876621186733246,0.9972324967384338,,,
,,,,,,,63000.0,27000.0,90.0
358.414,-0.05600644648075104,-1.3112472295761108,0.6194438338279724,-0.12055280804634094,-0.07877569645643234,0.9959626197814941,,,
,,,,,,,63000.0,27000.0,90.0
358.424,-0.19658851623535156,-0.6006324887275696,0.691533625125885,-0.12488561868667603,-0.07866564393043518,0.9915159940719604,,,
,,,,,,,63000.0,27000.0,90.0
358.434,-1.4910005331039429,-0.8479275703430176,1.0772087574005127,-0.13531313836574554,-0.08370743691921234,0.9807836413383484,,,
,,,,,,,63000.0,27000.0,90.0
358.444,-1.2545435428619385,-0.4644125699996948,1.3112581968307495,-0.1386769860982895,-0.0976276621222496,0.9778866171836853,,,
,,,,,,,63000.0,27000.0,90.0
358.454,-0.7581519484519958,-0.22798140347003937,0.5188074707984924,-0.13332420587539673,-0.11160314083099365,0.9845841526985168,,,
,,,,,,,63000.0,27000.0,90.0
358.464,0.6307957172393799,0.6799038052558899,-0.1421576738357544,-0.13313956558704376,-0.10923831164836884,0.9904499053955078,,,
,,,,,,,63000.0,27000.0,90.0
358.474,1.0832655429840088,0.7484197020530701,-0.7431632280349731,-0.1339026540517807,-0.1000378355383873,0.9893308281898499,,,
,,,,,,,63000.0,27000.0,90.0
358.484,0.6964792013168335,1.040483832359314,-0.565643846988678,-0.1284274309873581,-0.08284971117973328,0.9858562350273132,,,
,,,,,,,63000.0,27000.0,90.0
358.494,-0.3719399571418762,0.8448364734649658,-0.4822388291358948,-0.12262963503599167,-0.07460415363311768,0.9849637746810913,,,
,,,,,,,63000.0,27000.0,90.0
358.504,-0.4085075259208679,1.0146933794021606,0.004256790038198233,-0.1229310929775238,-0.07493403553962708,0.9912813305854797,,,
,,,,,,,63000.0,27000.0,90.0
358.514,-0.2561303675174713,0.5790085792541504,-0.22425241768360138,-0.1246713399887085,-0.07467873394489288,0.9960222244262695,,,
,,,,,,,63000.0,27000.0,90.0
358.524,-0.23005187511444092,0.25234362483024597,0.4979352653026581,-0.1270643025636673,-0.07224029302597046,0.9960067272186279,,,
,,,,,,,63000.0,27000.0,90.0
358.534,-1.0544744729995728,-0.19324864447116852,0.8465535640716553,-0.12906509637832642,-0.07645658403635025,0.9901890158653259,,,
,,,,,,,63000.0,27000.0,90.0
358.544,-1.2304245233535767,-0.07340902835130692,1.2359265089035034,-0.13080452382564545,-0.08329511433839798,0.9851243495941162,,,
,,,,,,,63000.0,27000.0,90.0
358.554,-1.469527244567871,-0.46707046031951904,1.6817837953567505,-0.13417209684848785,-0.08541163802146912,0.9905237555503845,,,
,,,,,,,63000.0,27000.0,90.0
358.564,-2.542325019836426,-1.556330919265747,2.001206874847412,-0.13650789856910706,-0.07807029038667679,0.9962963461875916,,,
,,,,,,,63000.0,27000.0,90.0
358.574,-1.2349029779434204,-1.0690181255340576,2.593773365020752,-0.12385943531990051,-0.08649288862943649,0.9896047115325928,,,
,,,,,,,63000.0,27000.0,90.0
358.584,-0.7363200187683105,-0.18019700050354004,2.4922900199890137,-0.12053351104259491,-0.0931064784526825,0.9932777285575867,,,
,,,,,,,63000.0,27000.0,90.0
358.594,-1.4677000045776367,-0.8582383394241333,1.8089594841003418,-0.11808019131422043,-0.08609329164028168,0.9973124265670776,,,
,,,,,,,63000.0,27000.0,90.0
358.604,-0.49835094809532166,-0.2363000363111496,1.8602843284606934,-0.12369921058416367,-0.08559539914131165,0.995549738407135,,,
,,,,,,,63000.0,27000.0,90.0
358.614,-0.5102670788764954,-0.13890233635902405,1.4337183237075806,-0.12410476058721542,-0.09183350205421448,0.9959324598312378,,,
,,,,,,,63000.0,27000.0,90.0
358.624,-0.9984508156776428,0.19602982699871063,1.2596242427825928,-0.12316200882196426,-0.0945563018321991,0.9883266091346741,,,
,,,,,,,63000.0,27000.0,90.0
358.634,-0.2724839448928833,0.9466272592544556,0.6793704032897949,-0.11923803389072418,-0.09781632572412491,0.9862692356109619,,,
,,,,,,,63000.0,27000.0,90.0
358.644,-0.40889599919319153,1.6808489561080933,-0.21512943506240845,-0.1182529479265213,-0.09593512862920761,0.9887470602989197,,,
,,,,,,,63000.0,27000.0,90.0
358.654,0.03147188574075699,1.1683745384216309,-0.4587304890155792,-0.12360087782144547,-0.09485609084367752,0.9885773062705994,,,
,,,,,,,63000.0,27000.0,90.0
358.664,0.5162748694419861,1.1194446086883545,-0.7371723651885986,-0.12336047738790512,-0.09410643577575684,0.9931851029396057,,,
,,,,,,,63000.0,27000.0,90.0
358.674,-0.2855021059513092,1.1699283123016357,-1.1668092012405396,-0.11860865354537964,-0.08735379576683044,0.9942804574966431,,,
,,,,,,,63000.0,27000.0,90.0
358.684,-0.4825964868068695,0.935910701751709,-1.080914855003357,-0.12135259807109833,-0.08273741602897644,0.9914608597755432,,,
,,,,,,,63000.0,27000.0,90.0
358.694,-1.0453335046768188,0.9859331250190735,-1.1742583513259888,-0.12352156639099121,-0.08109430223703384,0.9934428930282593,,,
,,,,,,,63000.0,27000.0,90.0
358.704,-0.2532544434070587,0.5528322458267212,-1.1476918458938599,-0.12759068608283997,-0.08331532776355743,0.9987614750862122,,,
,,,,,,,62000.0,27000.0,90.0
358.714,-0.7478628158569336,0.44636431336402893,-1.1043204069137573,-0.13035617768764496,-0.08241055905818939,0.9875739812850952,,,
,,,,,,,62000.0,27000.0,90.0
358.724,-1.835101842880249,0.7914586663246155,-0.6191280484199524,-0.13628549873828888,-0.07760030776262283,0.9737343788146973,,,
,,,,,,,62000.0,27000.0,90.0
358.734,-2.6662001609802246,1.0882394313812256,0.29517266154289246,-0.1477995365858078,-0.07344543188810349,0.9695678949356079,,,
,,,,,,,62000.0,27000.0,90.0
358.744,-1.7695963382720947,-0.07572304457426071,0.8220609426498413,-0.15403343737125397,-0.08098329603672028,0.9775913953781128,,,
,,,,,,,62000.0,27000.0,90.0
358.754,-1.5660275220870972,-0.34787502884864807,1.029541015625,-0.14659146964550018,-0.08804651349782944,0.982036828994751,,,
,,,,,,,62000.0,27000.0,90.0
358.764,-0.6547046899795532,-0.0907026156783104,1.6479272842407227,-0.1343785673379898,-0.0807264894247055,0.9817246198654175,,,
,,,,,,,62000.0,27000.0,90.0
358.774,-0.5529349446296692,0.33045247197151184,1.8448610305786133,-0.135649174451828,-0.08042862266302109,0.9955517649650574,,,
,,,,,,,62000.0,27000.0,90.0
358.784,-0.7209956645965576,-1.0741161108016968,2.202859878540039,-0.13408425450325012,-0.08717117458581924,1.003665804862976,,,
,,,,,,,62000.0,27000.0,90.0
358.794,-0.3113943338394165,-1.3419426679611206,2.526702880859375,-0.1315026581287384,-0.08304565399885178,0.9989045858383179,,,
,,,,,,,59000.0,27000.0,90.0
358.804,-0.8185094594955444,-1.3285833597183228,2.2399797439575195,-0.12788163125514984,-0.08766593039035797,0.9948932528495789,,,
,,,,,,,59000.0,27000.0,90.0
358.814,-1.374495029449463,-1.3985329866409302,1.8941876888275146,-0.12804442644119263,-0.09622596204280853,0.9952603578567505,,,
,,,,,,,59000.0,27000.0,90.0
358.824,-0.6436915993690491,-0.9259827733039856,1.2348103523254395,-0.13031414151191711,-0.10683322697877884,0.9910136461257935,,,
,,,,,,,59000.0,27000.0,90.0
358.834,-0.2852361798286438,-0.80912184715271,0.5579899549484253,-0.12126126885414124,-0.10958001762628555,0.9992038607597351,,,
,,,,,,,59000.0,27000.0,90.0
358.844,-0.44935303926467896,-1.3431298732757568,-0.3798055946826935,-0.12671570479869843,-0.10783696919679642,1.0035141706466675,,,
,,,,,,,59000.0,27000.0,90.0
358.854,1.2317640781402588,-0.6811103820800781,-0.7887560725212097,-0.12532779574394226,-0.09901416301727295,0.9956244230270386,,,
,,,,,,,59000.0,27000.0,90.0
358.864,0.7884082794189453,0.10609517246484756,-1.414406418800354,-0.12120816856622696,-0.08906511962413788,0.9825520515441895,,,
,,,,,,,59000.0,27000.0,90.0
358.874,0.4214829206466675,0.641116201877594,-1.4758143424987793,-0.12104831635951996,-0.0766562819480896,0.9786889553070068,,,
,,,,,,,58000.0,27000.0,90.0
358.884,-0.15611205995082855,1.1874972581863403,-1.370110034942627,-0.12051475793123245,-0.06979203969240189,0.9845436811447144,,,
,,,,,,,58000.0,27000.0,90.0
358.894,-1.0582791566848755,1.83735191822052,-1.0032634735107422,-0.12172426283359528,-0.07109346240758896,0.9907012581825256,,,
,,,,,,,58000.0,27000.0,90.0
358.904,-0.25968658924102783,1.792194128036499,-1.0234805345535278,-0.12805511057376862,-0.07502160966396332,0.9866360425949097,,,
,,,,,,,58000.0,27000.0,90.0
358.914,-1.2911275625228882,1.9539761543273926,-0.47714170813560486,-0.13253915309906006,-0.08196289837360382,0.9846057295799255,,,
,,,,,,,58000.0,27000.0,90.0
358.924,-1.303199291229248,1.6371948719024658,-0.20334301888942719,-0.1347087323665619,-0.08900301158428192,0.9867435097694397,,,
,,,,,,,58000.0,27000.0,90.0
358.934,-1.5568082332611084,2.095148801803589,-0.04895040765404701,-0.1357441395521164,-0.09083707630634308,0.9869128465652466,,,
,,,,,,,58000.0,27000.0,90.0
358.944,-2.077286958694458,1.161516785621643,1.0570313930511475,-0.1435404121875763,-0.08909067511558533,0.9833211302757263,,,
,,,,,,,58000.0,27000.0,90.0
358.954,-1.661117672920227,0.8307687640190125,1.3093857765197754,-0.1395476907491684,-0.09574395418167114,0.9851287007331848,,,
,,,,,,,58000.0,27000.0,90.0
358.964,-0.5550479888916016,0.694162905216217,1.1427615880966187,-0.13288068771362305,-0.10532858222723007,0.9921690225601196,,,
,,,,,,,58000.0,27000.0,90.0
358.974,-0.7186712622642517,0.24126864969730377,1.0944234132766724,-0.1321297436952591,-0.10038673877716064,0.9965488910675049,,,
,,,,,,,58000.0,27000.0,90.0
358.984,-0.5867261290550232,-0.15734679996967316,1.2819303274154663,-0.12920337915420532,-0.08599050343036652,0.9936606884002686,,,
,,,,,,,58000.0,27000.0,90.0
358.994,-0.5997068285942078,-0.22448468208312988,1.7598522901535034,-0.12837624549865723,-0.08300059288740158,0.9914442896842957,,,
,,,,,,,58000.0,27000.0,90.0
359.004,-0.9476551413536072,-0.2685141861438751,1.5183013677597046,-0.12532755732536316,-0.09567949920892715,0.9929801821708679,,,
,,,,,,,58000.0,27000.0,90.0
359.014,-0.8316068053245544,-0.5415208339691162,0.5650882124900818,-0.1257667988538742,-0.09851076453924179,0.9906985759735107,,,
,,,,,,,58000.0,27000.0,90.0
359.024,-1.0544408559799194,-0.6649920344352722,0.5480353236198425,-0.13591329753398895,-0.09675692766904831,0.9837747812271118,,,
,,,,,,,58000.0,27000.0,90.0
359.034,-0.8106079697608948,-0.5474531650543213,0.33985891938209534,-0.1377931535243988,-0.09900960326194763,0.9814127087593079,,,
,,,,,,,58000.0,27000.0,90.0
359.044,-0.5842111706733704,0.05500836297869682,-0.21423028409481049,-0.13155131042003632,-0.10768242180347443,0.9894039034843445,,,
,,,,,,,58000.0,27000.0,90.0
359.054,-0.48057690262794495,-0.39461275935173035,-0.3657039701938629,-0.1313893049955368,-0.10471276938915253,0.9988352656364441,,,
,,,,,,,58000.0,27000.0,90.0
359.064,-0.013208598829805851,-0.5019429326057434,-0.5045650601387024,-0.13346046209335327,-0.09798455238342285,0.9964688420295715,,,
,,,,,,,58000.0,27000.0,90.0
359.074,0.5573192238807678,-0.5733093619346619,-0.017200132831931114,-0.13052503764629364,-0.09709348529577255,0.9898244142532349,,,
,,,,,,,58000.0,27000.0,90.0
359.084,0.9561599493026733,-0.05688164010643959,-0.032837484031915665,-0.13083449006080627,-0.09211623668670654,0.9933658838272095,,,
,,,,,,,58000.0,27000.0,90.0
359.094,0.3798108994960785,-1.0119225978851318,0.5499501824378967,-0.13061976432800293,-0.08013477921485901,0.9958913922309875,,,
,,,,,,,58000.0,27000.0,90.0
359.104,0.33055979013442993,-0.9358056783676147,1.508571982383728,-0.12927499413490295,-0.07317570596933365,0.9891471266746521,,,
,,,,,,,58000.0,27000.0,90.0
359.114,0.517749011516571,-0.22827035188674927,1.9358527660369873,-0.12458981573581696,-0.08096996694803238,0.9861334562301636,,,
,,,,,,,58000.0,27000.0,90.0
359.124,0.5536597371101379,-0.4928824305534363,1.538394570350647,-0.1218869611620903,-0.08804188668727875,0.9943123459815979,,,
,,,,,,,58000.0,27000.0,90.0
359.134,0.19412826001644135,-0.617163360118866,1.239349126815796,-0.1195569634437561,-0.08150748908519745,0.9891156554222107,,,
,,,,,,,58000.0,27000.0,90.0
359.144,-0.09082259237766266,0.48041725158691406,1.4227242469787598,-0.12033984065055847,-0.08359648287296295,0.9839968085289001,,,
,,,,,,,58000.0,27000.0,90.0
359.154,-0.7599115967750549,0.823523759841919,0.8267995119094849,-0.12548528611660004,-0.09341032803058624,0.9844822883605957,,,
,,,,,,,58000.0,27000.0,90.0
359.164,-0.8911280632019043,0.5227741003036499,0.08461316674947739,-0.13119544088840485,-0.09906008094549179,0.9890036582946777,,,
,,,,,,,58000.0,27000.0,90.0
359.174,-0.4520198702812195,1.159921646118164,-0.17055156826972961,-0.12922072410583496,-0.09936976432800293,0.9876039028167725,,,
,,,,,,,58000.0,27000.0,90.0
359.184,-0.7581670880317688,0.9400971531867981,-0.6367498636245728,-0.12847982347011566,-0.09460941702127457,0.988658607006073,,,
,,,,,,,58000.0,27000.0,90.0
359.194,-0.7574058771133423,1.651558756828308,-0.9686011672019958,-0.12977318465709686,-0.08969702571630478,0.9898732304573059,,,
,,,,,,,58000.0,27000.0,90.0
359.204,-0.6973982453346252,1.288230299949646,-0.9096965789794922,-0.13206565380096436,-0.08777452260255814,0.9941298961639404,,,
,,,,,,,58000.0,27000.0,90.0
359.214,-0.08016817271709442,0.9356392025947571,-0.7983782887458801,-0.1320204883813858,-0.08553867787122726,0.9932636022567749,,,
,,,,,,,58000.0,27000.0,90.0
359.224,0.16208027303218842,0.7983260750770569,-0.46600282192230225,-0.13328008353710175,-0.07685396075248718,0.9894342422485352,,,
,,,,,,,58000.0,27000.0,90.0
359.234,-0.17793142795562744,1.1461585760116577,-0.3877890110015869,-0.1336325705051422,-0.07359986007213593,0.9863945245742798,,,
,,,,,,,58000.0,27000.0,90.0
359.244,-0.2785828411579132,0.03585594892501831,-0.39407992362976074,-0.13890746235847473,-0.08035576343536377,0.9828775525093079,,,
,,,,,,,58000.0,27000.0,90.0
359.254,-0.9664040207862854,-0.18429946899414062,0.32620736956596375,-0.14064055681228638,-0.0834575966000557,0.9813058972358704,,,
,,,,,,,58000.0,27000.0,90.0
359.264,-0.9081870913505554,0.4119702875614166,0.8558315634727478,-0.136373370885849,-0.08249964565038681,0.9804216623306274,,,
,,,,,,,58000.0,27000.0,90.0
359.274,-0.9968164563179016,0.17185935378074646,0.8446348905563354,-0.13195884227752686,-0.08784528821706772,0.9949471950531006,,,
,,,,,,,58000.0,27000.0,90.0
359.284,-0.8737056255340576,-0.6349624395370483,0.1872018575668335,-0.13307468593120575,-0.09786581248044968,0.9982528686523438,,,
,,,,,,,58000.0,27000.0,90.0
359.294,-0.3389852046966553,-0.7123411893844604,-0.2734055519104004,-0.13627146184444427,-0.0990244597196579,0.9910408854484558,,,
,,,,,,,57000.0,27000.0,90.0
359.304,-0.09788970649242401,0.004597574006766081,-0.2538932263851166,-0.1330568492412567,-0.09321913868188858,0.9904242753982544,,,
,,,,,,,57000.0,27000.0,90.0
359.314,-0.5841869115829468,-0.6588792204856873,-0.6397599577903748,-0.12849678099155426,-0.09653134644031525,0.9912748336791992,,,
,,,,,,,57000.0,27000.0,90.0
359.324,-0.3665643036365509,-0.3465307056903839,-0.6819919347763062,-0.13202911615371704,-0.10090851038694382,0.9863199591636658,,,
,,,,,,,57000.0,27000.0,90.0
359.334,-1.0249066352844238,0.19317635893821716,-0.6597339510917664,-0.1300441473722458,-0.09718482941389084,0.9872312545776367,,,
,,,,,,,57000.0,27000.0,90.0
359.344,-1.406678318977356,0.09006032347679138,-0.8177900314331055,-0.12727755308151245,-0.0925028994679451,0.9917781352996826,,,
,,,,,,,57000.0,27000.0,90.0
359.354,-0.02431088127195835,0.3157801628112793,-0.46770548820495605,-0.12017132341861725,-0.09501020610332489,0.9944941997528076,,,
,,,,,,,57000.0,27000.0,90.0
359.364,-0.15747420489788055,0.4112761914730072,-1.2433743476867676,-0.12137430906295776,-0.10252837091684341,0.9964017868041992,,,
,,,,,,,57000.0,27000.0,90.0
359.374,0.30054518580436707,0.7780689001083374,-0.48446598649024963,-0.12936468422412872,-0.09369879961013794,0.991933286190033,,,
,,,,,,,54000.0,27000.0,90.0
359.384,-0.11208322644233704,0.8345050811767578,-0.29221388697624207,-0.13409559428691864,-0.09099022299051285,0.9882853627204895,,,
,,,,,,,54000.0,27000.0,90.0
359.394,-0.574137806892395,1.0329571962356567,0.33908236026763916,-0.13401320576667786,-0.09602773189544678,0.9885213375091553,,,
,,,,,,,54000.0,27000.0,90.0
359.404,-0.466970831155777,2.7220587730407715,0.5935425162315369,-0.13046680390834808,-0.10090239346027374,0.9815400242805481,,,
,,,,,,,54000.0,27000.0,90.0
359.414,-0.7180631160736084,0.9719813466072083,0.7680752277374268,-0.13039249181747437,-0.09906727075576782,0.9929332733154297,,,
,,,,,,,54000.0,27000.0,90.0
359.424,-0.44429588317871094,0.2973005175590515,0.7008479833602905,-0.13912224769592285,-0.09523513168096542,1.003446340560913,,,
,,,,,,,54000.0,27000.0,90.0
359.434,0.955042839050293,-0.5338953137397766,1.0078508853912354,-0.1372179090976715,-0.09408405423164368,0.9970910549163818,,,
,,,,,,,54000.0,27000.0,90.0
359.444,-0.007239292375743389,-0.0535770058631897,0.8121424317359924,-0.13072310388088226,-0.09528836607933044,0.9860841035842896,,,
,,,,,,,54000.0,27000.0,90.0
359.454,-0.15927283465862274,-0.35311028361320496,0.9827247262001038,-0.13851983845233917,-0.0906476378440857,0.9898070693016052,,,
,,,,,,,54000.0,27000.0,90.0
359.464,-0.2769058644771576,-0.9448301792144775,1.6629821062088013,-0.1417761892080307,-0.08971067517995834,0.9936621189117432,,,
,,,,,,,50000.0,27000.0,90.0
359.474,-0.7652570009231567,-0.8679421544075012,1.2936075925827026,-0.13936088979244232,-0.09337736666202545,0.9859362840652466,,,
,,,,,,,50000.0,27000.0,90.0
359.484,0.19579626619815826,1.4724514484405518,0.8414384722709656,-0.13375762104988098,-0.10081759095191956,0.9712997674942017,,,
,,,,,,,50000.0,27000.0,90.0
359.494,-0.697134792804718,0.11101158708333969,0.3751353323459625,-0.131984680891037,-0.10224109143018723,0.9846153259277344,,,
,,,,,,,50000.0,27000.0,90.0
359.504,-0.9398611783981323,-0.9386341571807861,0.6141900420188904,-0.1476835310459137,-0.09473641961812973,1.006186604499817,,,
,,,,,,,50000.0,27000.0,90.0
359.514,0.7154138684272766,-0.6424105763435364,0.9192278981208801,-0.1454603672027588,-0.10417018085718155,0.9931048154830933,,,
,,,,,,,50000.0,27000.0,90.0
359.524,0.5672388672828674,-0.03105246089398861,0.5944879651069641,-0.13729137182235718,-0.11098641157150269,0.9798311591148376,,,
,,,,,,,50000.0,27000.0,90.0
359.534,0.7210694551467896,0.05255492404103279,0.2847743630409241,-0.13328592479228973,-0.09818849712610245,0.9841855764389038,,,
,,,,,,,50000.0,27000.0,90.0
359.544,1.4479172229766846,0.14039655029773712,0.8150219321250916,-0.1359177827835083,-0.08876525610685349,0.9973554611206055,,,
,,,,,,,48000.0,27000.0,90.0
359.554,1.746935486793518,0.5049868226051331,0.6959877610206604,-0.1328686624765396,-0.09056255221366882,0.9972830414772034,,,
,,,,,,,48000.0,27000.0,90.0
359.564,1.3294870853424072,0.5373740792274475,0.7523205280303955,-0.1266067624092102,-0.08599749207496643,0.9835022687911987,,,
,,,,,,,48000.0,27000.0,90.0
359.574,0.86923748254776,0.6938520669937134,0.6750730872154236,-0.12951460480690002,-0.0755322277545929,0.9799213409423828,,,
,,,,,,,48000.0,27000.0,90.0
359.584,-0.3067379295825958,0.9471024870872498,1.1561119556427002,-0.1327555626630783,-0.08188446611166,0.9809691309928894,,,
,,,,,,,48000.0,27000.0,90.0
359.594,-0.6655146479606628,0.5280983448028564,1.2391605377197266,-0.13581658899784088,-0.09300731122493744,0.9921386241912842,,,
,,,,,,,48000.0,27000.0,90.0
359.604,-0.15018273890018463,-0.6654788851737976,0.8874345421791077,-0.14242196083068848,-0.0963691845536232,0.9984675645828247,,,
,,,,,,,48000.0,27000.0,90.0
359.614,0.4270046055316925,-0.942116379737854,1.0084285736083984,-0.13662302494049072,-0.10102023929357529,0.9879456758499146,,,
,,,,,,,48000.0,27000.0,90.0
359.624,0.06711532920598984,-0.17325173318386078,0.5431725978851318,-0.13248004019260406,-0.102200448513031,0.9853047728538513,,,
,,,,,,,48000.0,27000.0,90.0
359.634,0.1483745574951172,-0.5239756107330322,0.7507026791572571,-0.13391418755054474,-0.10116297006607056,0.9904095530509949,,,
,,,,,,,48000.0,27000.0,90.0
359.644,0.48890283703804016,-1.1546517610549927,0.7197238802909851,-0.1365831196308136,-0.09700273722410202,0.9880971908569336,,,
,,,,,,,48000.0,27000.0,90.0
359.654,0.36433449387550354,-1.0062575340270996,0.9355647563934326,-0.13515812158584595,-0.09862436354160309,0.985275149345398,,,
,,,,,,,48000.0,27000.0,90.0
359.664,1.1616548299789429,-0.8243557810783386,0.7040162086486816,-0.12892292439937592,-0.10499519854784012,0.992649495601654,,,
,,,,,,,48000.0,27000.0,90.0
359.674,0.8997291922569275,-0.8210518956184387,0.20213666558265686,-0.1280277520418167,-0.10414084792137146,0.9978438019752502,,,
,,,,,,,48000.0,27000.0,90.0
359.684,0.5262168049812317,-0.9125704765319824,0.17996814846992493,-0.13476130366325378,-0.09849070757627487,0.9877942800521851,,,
,,,,,,,48000.0,27000.0,90.0
359.694,0.4844001531600952,-0.17893987894058228,1.003182053565979,-0.1375000774860382,-0.09073598682880402,0.9754597544670105,,,
,,,,,,,48000.0,27000.0,90.0
359.704,0.5348621606826782,-0.2766267955303192,0.8227022886276245,-0.13399559259414673,-0.10620542615652084,0.9842239022254944,,,
,,,,,,,48000.0,27000.0,90.0
359.714,1.1480604410171509,0.21678385138511658,0.595043420791626,-0.13481594622135162,-0.12006725370883942,1.0062681436538696,,,
,,,,,,,48000.0,27000.0,90.0
359.724,2.2127885818481445,0.15067467093467712,0.8584870100021362,-0.13815030455589294,-0.12299363315105438,1.0153862237930298,,,
,,,,,,,48000.0,27000.0,90.0
359.734,2.736835241317749,-0.5774278044700623,0.5757171511650085,-0.13886861503124237,-0.11642953008413315,1.0089558362960815,,,
,,,,,,,48000.0,27000.0,90.0
359.744,2.827578067779541,-0.12466897070407867,1.2424073219299316,-0.13293354213237762,-0.10892055928707123,0.9974515438079834,,,
,,,,,,,48000.0,27000.0,90.0
359.754,2.850659132003784,0.3919380307197571,1.6324436664581299,-0.13159751892089844,-0.1052868589758873,1.0008351802825928,,,
,,,,,,,48000.0,27000.0,90.0
359.764,3.1655266284942627,0.04397711157798767,1.8881322145462036,-0.1377865970134735,-0.09981425851583481,1.0079092979431152,,,
,,,,,,,48000.0,27000.0,90.0
359.774,3.1372478008270264,-0.47265782952308655,1.7740892171859741,-0.137750506401062,-0.09029683470726013,0.9956792593002319,,,
,,,,,,,48000.0,27000.0,90.0
359.784,2.8101162910461426,0.6317936182022095,2.8798091411590576,-0.13723616302013397,-0.07636618614196777,0.978754460811615,,,
,,,,,,,48000.0,27000.0,90.0
359.794,3.01198410987854,1.5617269277572632,3.3201019763946533,-0.13937783241271973,-0.07377990335226059,0.9821516275405884,,,
,,,,,,,48000.0,27000.0,90.0
359.804,2.5194666385650635,0.8781663775444031,2.77341628074646,-0.14525055885314941,-0.06867311149835587,0.9836463332176208,,,
,,,,,,,48000.0,27000.0,90.0
359.814,2.519667625427246,1.1950783729553223,3.648550033569336,-0.15295809507369995,-0.04910799860954285,0.963080883026123,,,
,,,,,,,48000.0,27000.0,90.0
359.824,2.429187297821045,1.719580054283142,4.094717979431152,-0.1487637162208557,-0.039633579552173615,0.9560380578041077,,,
,,,,,,,48000.0,27000.0,90.0
359.834,1.0788029432296753,1.8432388305664062,3.6044559478759766,-0.14146094024181366,-0.04591123387217522,0.962512731552124,,,
,,,,,,,48000.0,27000.0,90.0
359.844,0.23033194243907928,0.7295547723770142,3.2592813968658447,-0.14275547862052917,-0.03979074954986572,0.9675270915031433,,,
,,,,,,,48000.0,27000.0,90.0
359.854,-0.46543771028518677,-0.027401752769947052,3.585559606552124,-0.1436399668455124,-0.03272884339094162,0.9670246839523315,,,
,,,,,,,48000.0,27000.0,90.0
359.864,-1.7588176727294922,-0.08502312749624252,3.3565611839294434,-0.1370006799697876,-0.040609024465084076,0.9646509289741516,,,
,,,,,,,48000.0,27000.0,90.0
359.874,-2.7997944355010986,-0.6183140873908997,2.4278066158294678,-0.1321209818124771,-0.05110793933272362,0.9687367081642151,,,
,,,,,,,48000.0,27000.0,90.0
359.884,-2.5640578269958496,-1.8010075092315674,1.5429725646972656,-0.13392727077007294,-0.05282685533165932,0.980819821357727,,,
,,,,,,,48000.0,27000.0,90.0
359.894,-4.5779829025268555,-3.066861629486084,1.268394112586975,-0.1308414787054062,-0.048967137932777405,0.985302746295929,,,
,,,,,,,48000.0,27000.0,90.0
359.904,-3.982008218765259,-3.1324946880340576,1.1107417345046997,-0.12318223714828491,-0.061634425073862076,0.983331024646759,,,
,,,,,,,48000.0,27000.0,90.0
359.914,-4.574735641479492,-3.6982920169830322,-0.1781911849975586,-0.12136350572109222,-0.07762230932712555,0.991550862789154,,,
,,,,,,,48000.0,27000.0,90.0
359.924,-4.2347941398620605,-4.021408557891846,-0.3843710720539093,-0.1231488436460495,-0.07328823208808899,0.9999727010726929,,,
,,,,,,,48000.0,27000.0,90.0
359.934,-3.605787754058838,-3.941729784011841,-0.6625407338142395,-0.12081755697727203,-0.08079338073730469,0.999818742275238,,,
,,,,,,,48000.0,27000.0,90.0
359.944,-3.8228583335876465,-3.5027592182159424,-1.390224575996399,-0.11545765399932861,-0.0917833000421524,0.9997632503509521,,,
,,,,,,,48000.0,27000.0,90.0
359.954,-3.060755729675293,-2.6607868671417236,-1.4611732959747314,-0.11865980923175812,-0.09250175952911377,0.995661735534668,,,
,,,,,,,48000.0,29000.0,90.0
359.964,-2.2766942977905273,-2.321979284286499,-1.8375276327133179,-0.1208866760134697,-0.10197655111551285,0.9966567158699036,,,
,,,,,,,50000.0,29000.0,90.0
359.974,-2.43411922454834,-1.251357078552246,-1.6557633876800537,-0.11966721713542938,-0.11012545228004456,0.9968622922897339,,,
,,,,,,,50000.0,29000.0,90.0
359.984,-2.1352970600128174,-1.2865855693817139,-1.7760181427001953,-0.12046612799167633,-0.11063911020755768,1.0011768341064453,,,
,,,,,,,50000.0,29000.0,90.0
359.994,-2.258695125579834,0.42105773091316223,-1.381253957748413,-0.12419738620519638,-0.11455947905778885,1.001763939857483,,,
,,,,,,,50000.0,29000.0,90.0
360.004,-2.9142658710479736,0.5035384893417358,-1.2803502082824707,-0.12321063876152039,-0.12410958111286163,1.0032211542129517,,,
,,,,,,,50000.0,29000.0,90.0
360.014,-0.5712368488311768,2.4292171001434326,-0.07827656716108322,-0.13280950486660004,-0.11777468025684357,0.9886978268623352,,,
,,,,,,,50000.0,29000.0,90.0
360.024,-3.12626314163208,1.5132085084915161,0.4100690484046936,-0.13969412446022034,-0.12171702831983566,1.003719687461853,,,
,,,,,,,50000.0,29000.0,90.0
360.034,-2.957920551300049,2.5497989654541016,1.9606294631958008,-0.1443907767534256,-0.12314513325691223,0.9936441779136658,,,
,,,,,,,50000.0,28000.0,90.0
360.044,-1.892002820968628,2.413499593734741,2.383172035217285,-0.14476808905601501,-0.1290794461965561,0.9996830821037292,,,
,,,,,,,51000.0,28000.0,90.0
360.054,-0.4873468577861786,2.2874529361724854,2.5971264839172363,-0.1505393534898758,-0.1295880824327469,0.9964061975479126,,,
,,,,,,,51000.0,28000.0,90.0
360.064,0.750840425491333,1.5706408023834229,3.413079023361206,-0.1571165919303894,-0.12062989920377731,0.9955682754516602,,,
,,,,,,,51000.0,28000.0,90.0
360.074,1.2460615634918213,1.2812782526016235,4.81368350982666,-0.15633928775787354,-0.10666455328464508,0.9821110963821411,,,
,,,,,,,51000.0,28000.0,90.0
360.084,-0.09629090875387192,0.7559828758239746,5.74528694152832,-0.1516408920288086,-0.10204286128282547,0.9827145934104919,,,
,,,,,,,51000.0,28000.0,90.0
360.094,-0.8389957547187805,0.31001877784729004,6.797606468200684,-0.1443074494600296,-0.09925521910190582,0.9803849458694458,,,
,,,,,,,51000.0,28000.0,90.0
360.104,0.23382873833179474,-0.4043000340461731,6.1428117752075195,-0.1366141140460968,-0.1012725830078125,0.9917735457420349,,,
,,,,,,,51000.0,28000.0,90.0
360.114,1.5070264339447021,-0.9075511693954468,5.801119804382324,-0.13233394920825958,-0.09719104319810867,0.9949931502342224,,,
,,,,,,,51000.0,28000.0,90.0
360.124,1.6421927213668823,-1.5408120155334473,5.713238716125488,-0.13465845584869385,-0.08768800646066666,0.9955950379371643,,,
,,,,,,,51000.0,28000.0,90.0
360.134,0.8930788636207581,-1.8294388055801392,5.467426776885986,-0.13667532801628113,-0.08116461336612701,0.9862404465675354,,,
,,,,,,,52000.0,28000.0,90.0
360.144,-0.033704131841659546,-1.6428825855255127,5.431933879852295,-0.13857148587703705,-0.08562346547842026,0.9725844860076904,,,
,,,,,,,52000.0,28000.0,90.0
360.154,-0.24756662547588348,-2.3776466846466064,4.175350189208984,-0.1343984156847,-0.09365756064653397,0.9778343439102173,,,
,,,,,,,52000.0,28000.0,90.0
360.164,1.220754623413086,-2.601780652999878,3.131625175476074,-0.13298967480659485,-0.09235136210918427,0.9864035248756409,,,
,,,,,,,52000.0,28000.0,90.0
360.174,1.4487507343292236,-2.8606314659118652,2.277876138687134,-0.12902073562145233,-0.07847414165735245,0.9943428635597229,,,
,,,,,,,52000.0,28000.0,90.0
360.184,1.4603064060211182,-2.8445563316345215,1.9140961170196533,-0.1217246949672699,-0.06377051770687103,0.9872545003890991,,,
,,,,,,,52000.0,28000.0,90.0
360.194,0.5573071241378784,-2.231464147567749,1.2903016805648804,-0.11381879448890686,-0.054949332028627396,0.9875785112380981,,,
,,,,,,,52000.0,28000.0,90.0
360.204,-0.1138385459780693,-1.8626164197921753,1.206449270248413,-0.11506503075361252,-0.04986274987459183,0.9915217757225037,,,
,,,,,,,52000.0,29000.0,90.0
360.214,-0.5438143014907837,-2.167833089828491,1.087990403175354,-0.11302091926336288,-0.05172981321811676,0.9953889846801758,,,
,,,,,,,52000.0,29000.0,90.0
360.224,-0.8106433749198914,-2.174752712249756,0.5311177372932434,-0.11217334121465683,-0.0617251880466938,0.9917766451835632,,,
,,,,,,,52000.0,29000.0,90.0
360.234,-1.2514352798461914,-1.7756482362747192,0.05803636834025383,-0.11618532985448837,-0.06860870867967606,0.9900447130203247,,,
,,,,,,,52000.0,29000.0,90.0
360.244,-2.1419904232025146,-1.3855371475219727,-0.01884230598807335,-0.11800087243318558,-0.07472836971282959,0.9897592663764954,,,
,,,,,,,52000.0,29000.0,90.0
360.254,-1.968415379524231,-0.5854147672653198,-0.347181111574173,-0.11721300333738327,-0.08068211376667023,0.9911497235298157,,,
,,,,,,,52000.0,29000.0,90.0
360.264,-1.5718398094177246,-0.4752669036388397,-0.6379938125610352,-0.11730053275823593,-0.08663585036993027,0.9954908490180969,,,
,,,,,,,52000.0,29000.0,90.0
360.274,-0.6523534059524536,0.023118453100323677,-0.9587132334709167,-0.12237095832824707,-0.08704183250665665,0.9951158761978149,,,
,,,,,,,52000.0,29000.0,90.0
360.284,-0.27917277812957764,0.3634958565235138,-1.2134603261947632,-0.11776132136583328,-0.09103900194168091,0.9968153834342957,,,
,,,,,,,52000.0,29000.0,90.0
360.294,0.18504586815834045,1.4371165037155151,-1.600109577178955,-0.11487918347120285,-0.09003578126430511,0.9961586594581604,,,
,,,,,,,52000.0,29000.0,90.0
360.304,-0.8881800770759583,1.1424154043197632,-1.6228117942810059,-0.12034110724925995,-0.08811599016189575,0.9954145550727844,,,
,,,,,,,53000.0,29000.0,90.0
360.314,-0.5953114032745361,1.4063597917556763,-1.0440531969070435,-0.1275191307067871,-0.08459724485874176,0.9925228357315063,,,
,,,,,,,53000.0,29000.0,90.0
360.324,-0.952218234539032,1.4391019344329834,-1.2501393556594849,-0.12822413444519043,-0.09178932011127472,0.9997949600219727,,,
,,,,,,,53000.0,29000.0,90.0
360.334,-0.01587837189435959,0.7403709888458252,-1.7480924129486084,-0.12960588932037354,-0.09593448787927628,0.9956995248794556,,,
,,,,,,,53000.0,29000.0,90.0
360.344,-0.06960871815681458,1.27316153049469,-1.8152536153793335,-0.13019196689128876,-0.09210748970508575,0.9893187284469604,,,
,,,,,,,53000.0,29000.0,90.0
360.354,-0.1283307820558548,1.0904808044433594,-1.810613751411438,-0.13691593706607819,-0.08658783882856369,0.9888972640037537,,,
,,,,,,,53000.0,29000.0,90.0
360.364,-0.6249730587005615,0.7048460841178894,-1.7134343385696411,-0.13981245458126068,-0.0836520567536354,0.9838791489601135,,,
,,,,,,,53000.0,29000.0,90.0
360.374,-0.5240623950958252,0.30449703335762024,-1.5725376605987549,-0.1388644129037857,-0.08413654565811157,0.9762915372848511,,,
,,,,,,,53000.0,29000.0,90.0
360.384,-0.9470469355583191,0.6080029606819153,-1.0916192531585693,-0.1402517855167389,-0.0862317606806755,0.9727548360824585,,,
,,,,,,,53000.0,29000.0,90.0
360.394,-1.5629087686538696,-0.22009314596652985,-1.422467589378357,-0.13871675729751587,-0.0804365798830986,0.9685649275779724,,,
,,,,,,,53000.0,29000.0,90.0
360.404,-1.5725761651992798,-0.3923835754394531,-0.8371667265892029,-0.1383812427520752,-0.07219391316175461,0.9689154624938965,,,
,,,,,,,53000.0,29000.0,90.0
360.414,-1.919243335723877,-1.2672239542007446,-0.06281405687332153,-0.1346941739320755,-0.0760425254702568,0.9735637903213501,,,
,,,,,,,53000.0,29000.0,90.0
360.424,-2.5040972232818604,-1.5280805826187134,-0.2851807475090027,-0.1295468956232071,-0.08338628709316254,0.9776775240898132,,,
,,,,,,,53000.0,29000.0,90.0
360.434,-2.95652174949646,-1.7042174339294434,0.24651497602462769,-0.12504231929779053,-0.08726830035448074,0.9853584170341492,,,
,,,,,,,53000.0,29000.0,90.0
360.444,-2.2341911792755127,-2.0276687145233154,-0.03783949464559555,-0.12237338721752167,-0.0992707908153534,1.0000135898590088,,,
,,,,,,,53000.0,29000.0,90.0
360.454,-2.2198450565338135,-2.7491555213928223,-0.3890601098537445,-0.11852122098207474,-0.10898437350988388,1.0106266736984253,,,
,,,,,,,53000.0,30000.0,90.0
360.464,-1.3743343353271484,-2.949929714202881,-0.740278959274292,-0.11326941102743149,-0.11299578100442886,1.0141905546188354,,,
,,,,,,,53000.0,30000.0,90.0
360.474,-0.6152274012565613,-2.4447202682495117,-0.9533513784408569,-0.10976585745811462,-0.12124387174844742,1.0101239681243896,,,
,,,,,,,53000.0,30000.0,90.0
360.484,-0.5878116488456726,-2.435903787612915,-1.562880516052246,-0.1140354722738266,-0.1270642727613449,1.0092077255249023,,,
,,,,,,,53000.0,30000.0,90.0
360.494,0.20403718948364258,-2.2866101264953613,-2.178114414215088,-0.11856037378311157,-0.12258365005254745,1.0060456991195679,,,
,,,,,,,53000.0,30000.0,90.0
360.504,1.7910038232803345,-1.1238292455673218,-1.9635059833526611,-0.11283361166715622,-0.12453174591064453,1.0006643533706665,,,
,,,,,,,53000.0,30000.0,90.0
360.514,0.292083203792572,-0.16212566196918488,-1.9725136756896973,-0.1124330684542656,-0.1171586737036705,1.0043864250183105,,,
,,,,,,,53000.0,30000.0,90.0
360.524,1.2938767671585083,0.030046014115214348,-1.720507025718689,-0.11558310687541962,-0.10936916619539261,1.007620096206665,,,
,,,,,,,53000.0,30000.0,90.0
360.534,0.9165727496147156,1.0811415910720825,-1.6047852039337158,-0.11995449662208557,-0.11341096460819244,1.0001437664031982,,,
,,,,,,,53000.0,30000.0,90.0
360.544,1.6537508964538574,1.4769210815429688,-1.5323686599731445,-0.12636764347553253,-0.1152603030204773,0.9963774681091309,,,
,,,,,,,53000.0,32767.0,90.0
360.554,2.378040075302124,2.691244125366211,-1.0826313495635986,-0.13128171861171722,-0.106178879737854,0.9915771484375,,,
,,,,,,,53000.0,32767.0,90.0
360.564,1.4432529211044312,2.7549057006835938,-0.737491250038147,-0.13716566562652588,-0.10348637402057648,0.9832473397254944,,,
,,,,,,,53000.0,32767.0,90.0
360.574,1.2824738025665283,3.1880741119384766,-0.21293145418167114,-0.14414291083812714,-0.10206413269042969,0.9711098074913025,,,
,,,,,,,53000.0,32767.0,90.0
360.584,1.068442940711975,3.9339566230773926,0.12440784275531769,-0.14600138366222382,-0.10642911493778229,0.9789790511131287,,,
,,,,,,,53000.0,32767.0,90.0
360.594,3.12504506111145,1.8601458072662354,-0.36418411135673523,-0.14772993326187134,-0.10239277780056,0.9964205622673035,,,
,,,,,,,53000.0,32767.0,90.0
360.604,5.239840507507324,2.7816529273986816,1.071070671081543,-0.14475464820861816,-0.0837535411119461,0.9780256152153015,,,
,,,,,,,53000.0,32767.0,90.0
360.614,-1.079793930053711,1.3470613956451416,1.7224078178405762,-0.14430978894233704,-0.07066826522350311,0.9817460179328918,,,
,,,,,,,53000.0,32767.0,90.0
360.624,0.3612023591995239,2.193216323852539,3.080235004425049,-0.14191842079162598,-0.06911689043045044,0.9714333415031433,,,
,,,,,,,53000.0,36000.0,90.0
360.634,0.9325587153434753,0.037989504635334015,1.7988715171813965,-0.14122068881988525,-0.09434787929058075,0.9966591596603394,,,
,,,,,,,53000.0,36000.0,90.0
360.644,2.932861328125,-0.9518557786941528,0.7381027936935425,-0.1395435333251953,-0.09941831976175308,0.9944466352462769,,,
,,,,,,,53000.0,36000.0,90.0
360.654,2.5655758380889893,-1.7916767597198486,0.27672144770622253,-0.1411217302083969,-0.08320756256580353,0.9860820770263672,,,
,,,,,,,53000.0,36000.0,90.0
360.664,-0.35821112990379333,-0.6602569818496704,0.7751667499542236,-0.14306026697158813,-0.07342417538166046,0.9635595083236694,,,
,,,,,,,53000.0,36000.0,90.0
360.674,-1.9238700866699219,-2.8155245780944824,-0.30205491185188293,-0.14619149267673492,-0.086638905107975,0.9870632290840149,,,
,,,,,,,53000.0,36000.0,90.0
360.684,5.74130916595459,-0.10224896669387817,0.27671125531196594,-0.1386205106973648,-0.0926821306347847,0.975714385509491,,,
,,,,,,,53000.0,36000.0,90.0
360.694,-0.7317259311676025,-2.709420680999756,-1.0303833484649658,-0.13202553987503052,-0.08718100935220718,1.0018786191940308,,,
,,,,,,,53000.0,36000.0,90.0
360.704,-0.777387797832489,-1.6007254123687744,0.4585431218147278,-0.13436567783355713,-0.061966996639966965,0.9681486487388611,,,
,,,,,,,53000.0,36000.0,90.0
360.714,0.3974977135658264,-0.17940551042556763,0.8616945743560791,-0.12005580216646194,-0.0805145874619484,0.9748783111572266,,,
,,,,,,,53000.0,36000.0,90.0
360.724,0.9216607809066772,-1.0669680833816528,-1.512839674949646,-0.11397059261798859,-0.10972344130277634,1.0052728652954102,,,
,,,,,,,53000.0,36000.0,90.0
360.734,2.8172459602355957,-1.6566600799560547,-1.9209215641021729,-0.1156373992562294,-0.09117118269205093,1.0172690153121948,,,
,,,,,,,53000.0,36000.0,90.0
360.744,1.6415634155273438,-0.9134425520896912,-0.6985082626342773,-0.1211475133895874,-0.06765009462833405,0.99787837266922,,,
,,,,,,,53000.0,36000.0,90.0
360.754,-0.6008303761482239,0.4510221481323242,-0.2165949046611786,-0.11827998608350754,-0.07673251628875732,0.9753707647323608,,,
,,,,,,,53000.0,36000.0,90.0
360.764,-1.050048828125,0.027996450662612915,-0.7699569463729858,-0.12254045158624649,-0.09403582662343979,0.990519642829895,,,
,,,,,,,53000.0,36000.0,90.0
360.774,1.1547558307647705,0.28049299120903015,-1.1972503662109375,-0.12266302853822708,-0.09491804987192154,1.004482388496399,,,
,,,,,,,53000.0,36000.0,90.0
360.784,0.5290534496307373,0.29292166233062744,-1.5485812425613403,-0.12508858740329742,-0.08590465784072876,1.0052977800369263,,,
,,,,,,,53000.0,36000.0,90.0
360.794,0.6934183239936829,1.3996762037277222,-1.1968355178833008,-0.126423180103302,-0.08024183660745621,0.9798410534858704,,,
,,,,,,,53000.0,32767.0,90.0
360.804,-0.23848626017570496,1.1998034715652466,-1.3597962856292725,-0.13129186630249023,-0.0863577350974083,0.978430986404419,,,
,,,,,,,53000.0,32767.0,90.0
360.814,0.6619088053703308,1.5063072443008423,-1.348443627357483,-0.1410505473613739,-0.08621631562709808,0.9817215204238892,,,
,,,,,,,53000.0,32767.0,90.0
360.824,1.0789254903793335,0.9843407273292542,-0.7617201209068298,-0.140276700258255,-0.09025084227323532,0.9996792078018188,,,
,,,,,,,53000.0,32767.0,90.0
360.834,3.106886625289917,3.221336603164673,-0.18782654404640198,-0.13829675316810608,-0.08564207702875137,0.9694852828979492,,,
,,,,,,,53000.0,32767.0,90.0
360.844,-3.0775694847106934,1.4919025897979736,-0.3867628574371338,-0.1284189224243164,-0.08774904906749725,0.9793393611907959,,,
,,,,,,,53000.0,32767.0,90.0
360.854,-3.3498826026916504,-0.03238935396075249,-1.017568826675415,-0.14057289063930511,-0.08557106554508209,0.9936336874961853,,,
,,,,,,,53000.0,32767.0,90.0
360.864,6.016111373901367,1.4985730648040771,-0.9963969588279724,-0.12740495800971985,-0.0987771525979042,0.9961512088775635,,,
,,,,,,,53000.0,32767.0,90.0
360.874,0.2378518432378769,-1.4128296375274658,-2.9721157550811768,-0.13133074343204498,-0.09982270747423172,1.017041563987732,,,
,,,,,,,53000.0,32767.0,90.0
360.884,1.3356884717941284,-0.3715139627456665,-0.8344293832778931,-0.14022906124591827,-0.06349090486764908,0.9806156158447266,,,
,,,,,,,53000.0,32767.0,90.0
360.894,-1.7549623250961304,-0.797121524810791,1.3794175386428833,-0.15091916918754578,-0.07065550982952118,0.9745357632637024,,,
,,,,,,,53000.0,32767.0,90.0
360.904,-1.1653478145599365,-1.1837644577026367,0.8432037830352783,-0.14412686228752136,-0.10672903060913086,0.9825789332389832,,,
,,,,,,,53000.0,32767.0,90.0
360.914,1.5780799388885498,-2.2685391902923584,-0.9183012843132019,-0.13855256140232086,-0.1178438737988472,1.0003303289413452,,,
,,,,,,,53000.0,32767.0,90.0
360.924,2.785557746887207,-2.406313419342041,-1.0197558403015137,-0.13298921287059784,-0.08752048760652542,0.9940768480300903,,,
,,,,,,,53000.0,32767.0,90.0
360.934,-0.17254339158535004,-2.6015987396240234,0.5768875479698181,-0.13342134654521942,-0.06342300027608871,0.9769459366798401,,,
,,,,,,,53000.0,32767.0,90.0
360.944,-0.8261727690696716,-0.6837098002433777,1.9474126100540161,-0.12929292023181915,-0.06876666098833084,0.9646171927452087,,,
,,,,,,,53000.0,32767.0,90.0
360.954,-1.4290822744369507,-1.3022806644439697,1.135703444480896,-0.1280423253774643,-0.0920356959104538,0.9852378368377686,,,
,,,,,,,53000.0,32767.0,90.0
360.964,0.6168904304504395,-1.5115618705749512,0.4289676249027252,-0.12686672806739807,-0.09519826620817184,0.9989630579948425,,,
,,,,,,,53000.0,32767.0,90.0
360.974,0.35025858879089355,-1.3450909852981567,0.3411211669445038,-0.12489593029022217,-0.0887664407491684,0.9956514239311218,,,
,,,,,,,53000.0,32767.0,90.0
360.984,-0.765114426612854,-0.23148058354854584,0.8144150972366333,-0.12528476119041443,-0.08737917244434357,0.9798311591148376,,,
,,,,,,,53000.0,32767.0,90.0
360.994,-1.6025761365890503,0.4378202259540558,1.0278456211090088,-0.12633618712425232,-0.09856171160936356,0.9879576563835144,,,
,,,,,,,53000.0,32767.0,90.0
361.004,-1.5947530269622803,0.41216880083084106,0.6766959428787231,-0.125541552901268,-0.10010058432817459,0.9987866282463074,,,
,,,,,,,53000.0,32767.0,90.0
361.014,-0.44530680775642395,0.003160143969580531,0.2747921645641327,-0.12630556523799896,-0.09936083108186722,0.9999732375144958,,,
,,,,,,,53000.0,32767.0,90.0
361.024,1.3520005941390991,0.14369598031044006,0.14473369717597961,-0.1242559552192688,-0.09491399675607681,0.9958550333976746,,,
,,,,,,,53000.0,32767.0,90.0
361.034,0.6890090703964233,0.7741051912307739,0.05416413024067879,-0.12570856511592865,-0.08699094504117966,0.993829607963562,,,
,,,,,,,53000.0,32767.0,90.0
361.044,0.5287946462631226,0.20165297389030457,0.5639156699180603,-0.12752611935138702,-0.07607367634773254,0.9894704222679138,,,
,,,,,,,53000.0,32767.0,90.0
361.054,-0.36134862899780273,0.07657209783792496,0.9648699164390564,-0.12624716758728027,-0.0788063034415245,0.9895331859588623,,,
,,,,,,,53000.0,32767.0,90.0
361.064,0.08028857409954071,-0.07582441717386246,1.0630182027816772,-0.12533755600452423,-0.08640269190073013,0.9916343688964844,,,
,,,,,,,53000.0,32767.0,90.0
361.074,0.3305378556251526,-0.03132341429591179,0.8050611019134521,-0.1253540962934494,-0.08502796292304993,0.9932414293289185,,,
,,,,,,,53000.0,32767.0,90.0
361.084,0.8079570531845093,-0.661016583442688,0.536811351776123,-0.1261822134256363,-0.08281707018613815,0.9919033646583557,,,
,,,,,,,53000.0,32767.0,90.0
361.094,-0.5012143850326538,-0.4646779000759125,0.11679886281490326,-0.1294061690568924,-0.08255232125520706,0.9798028469085693,,,
,,,,,,,53000.0,32767.0,90.0
361.104,-0.9481972455978394,-0.17062965035438538,0.19586481153964996,-0.13319917023181915,-0.08193117380142212,0.9715566039085388,,,
,,,,,,,53000.0,32767.0,90.0
361.114,-1.5929397344589233,-0.11625191569328308,0.3430540859699249,-0.13176923990249634,-0.08249928057193756,0.9788564443588257,,,
,,,,,,,53000.0,32767.0,90.0
361.124,-1.9527174234390259,-0.0038877276238054037,-0.29514867067337036,-0.12825189530849457,-0.08039914071559906,0.9885368347167969,,,
,,,,,,,53000.0,32767.0,90.0
361.134,-1.646990418434143,0.034258224070072174,-0.13377611339092255,-0.12686312198638916,-0.08132867515087128,0.9916290640830994,,,
,,,,,,,53000.0,35000.0,90.0
361.144,-1.6015417575836182,0.3634607195854187,-0.30385252833366394,-0.12300394475460052,-0.07970534265041351,0.9882001280784607,,,
,,,,,,,53000.0,35000.0,90.0
361.154,-1.588550329208374,0.2525593340396881,0.13948754966259003,-0.12366431951522827,-0.07779025286436081,0.9911574721336365,,,
,,,,,,,53000.0,35000.0,90.0
361.164,-1.5364043712615967,0.3044648766517639,0.02710627019405365,-0.126447394490242,-0.08074794709682465,0.9985198974609375,,,
,,,,,,,53000.0,35000.0,90.0
361.174,-0.7200577259063721,0.7523413300514221,-0.4595819115638733,-0.12488123774528503,-0.08429692685604095,0.9921882748603821,,,
,,,,,,,53000.0,35000.0,90.0
361.184,-1.2059462070465088,-2.0900685787200928,-1.1536844968795776,-0.12497341632843018,-0.08676012605428696,1.0136473178863525,,,
,,,,,,,53000.0,35000.0,90.0
361.194,3.662038803100586,0.5461485981941223,-0.07637033611536026,-0.12659050524234772,-0.08014722168445587,0.9852458238601685,,,
,,,,,,,53000.0,35000.0,90.0
361.204,-1.7757359743118286,-0.543816328048706,0.03146450221538544,-0.11875704675912857,-0.07903002202510834,0.9911931157112122,,,
,,,,,,,53000.0,35000.0,90.0
361.214,-4.655747890472412,-0.17764049768447876,0.5378289222717285,-0.1295539140701294,-0.0749545767903328,0.9790959358215332,,,
,,,,,,,53000.0,36000.0,90.0
361.224,-0.7334113717079163,0.9695524573326111,0.5670475363731384,-0.12229764461517334,-0.09492555260658264,0.9892556071281433,,,
,,,,,,,53000.0,36000.0,90.0
361.234,-1.3511812686920166,-1.0368050336837769,-1.9162458181381226,-0.12363975495100021,-0.11093516647815704,1.0022242069244385,,,
,,,,,,,53000.0,36000.0,90.0
361.244,1.1096206903457642,0.281138151884079,-1.9671493768692017,-0.12205055356025696,-0.08910679817199707,0.9889227151870728,,,
,,,,,,,53000.0,36000.0,90.0
361.254,-2.805833101272583,-0.49985167384147644,-1.495392084121704,-0.12407684326171875,-0.07473282516002655,0.9820470809936523,,,
,,,,,,,53000.0,36000.0,90.0
361.264,-1.921952486038208,1.7936079502105713,-0.26044559478759766,-0.12293251603841782,-0.07992006838321686,0.9685001373291016,,,
,,,,,,,53000.0,36000.0,90.0
361.274,-3.7588038444519043,1.199934720993042,-0.8010345697402954,-0.12587615847587585,-0.10248774290084839,0.99891597032547,,,
,,,,,,,53000.0,36000.0,90.0
361.284,-2.147672653198242,0.8996251821517944,-1.2966121435165405,-0.1339942067861557,-0.10734576731920242,0.9985162615776062,,,
,,,,,,,53000.0,36000.0,90.0
361.294,-0.3603430390357971,0.7656484842300415,-1.016516923904419,-0.13436953723430634,-0.10790368914604187,0.9933905601501465,,,
,,,,,,,53000.0,36000.0,90.0
361.304,-0.8771825432777405,1.1809194087982178,-1.0742546319961548,-0.13305899500846863,-0.10764952003955841,0.9880113005638123,,,
,,,,,,,53000.0,32767.0,90.0
361.314,-1.253004550933838,1.707596778869629,-0.4591059684753418,-0.1343744993209839,-0.10280926525592804,0.98524409532547,,,
,,,,,,,53000.0,32767.0,90.0
361.324,-2.065737247467041,0.9218168258666992,0.38952383399009705,-0.1438765972852707,-0.0973939299583435,0.9859403967857361,,,
,,,,,,,53000.0,32767.0,90.0
361.334,-1.2398303747177124,0.9602054953575134,0.929219663143158,-0.13583920896053314,-0.09988309442996979,0.9882915019989014,,,
,,,,,,,53000.0,32767.0,90.0
361.344,-0.8371394276618958,0.159783735871315,0.6453944444656372,-0.13410915434360504,-0.10230383276939392,1.0074933767318726,,,
,,,,,,,53000.0,32767.0,90.0
361.354,0.10444890707731247,0.7082934975624084,2.3374133110046387,-0.13462752103805542,-0.08313378691673279,0.9884190559387207,,,
,,,,,,,53000.0,32767.0,90.0
361.364,-3.8100976943969727,1.742369294166565,3.343972682952881,-0.12465370446443558,-0.0845097005367279,0.9850383996963501,,,
,,,,,,,53000.0,32767.0,90.0
361.374,-7.474401473999023,-0.3342253565788269,2.7525463104248047,-0.1322742998600006,-0.10287408530712128,0.9968460202217102,,,
,,,,,,,53000.0,32767.0,90.0
361.384,1.415704369544983,2.2915356159210205,3.3645143508911133,-0.13107527792453766,-0.1102844774723053,0.9830678701400757,,,
,,,,,,,53000.0,32767.0,90.0
361.394,-0.6038293242454529,0.4026627242565155,1.6449733972549438,-0.1307794451713562,-0.1200777217745781,1.0129194259643555,,,
,,,,,,,53000.0,32767.0,90.0
361.404,-0.8675861358642578,1.4703350067138672,2.0209662914276123,-0.1314728707075119,-0.0906241238117218,0.9842001795768738,,,
,,,,,,,53000.0,32767.0,90.0
361.414,-3.7054615020751953,2.3524980545043945,3.9034128189086914,-0.14154885709285736,-0.08138743042945862,0.9655317068099976,,,
,,,,,,,53000.0,32767.0,90.0
361.424,-2.800636053085327,3.5215628147125244,3.8136825561523438,-0.13925813138484955,-0.10734378546476364,0.9656721949577332,,,
,,,,,,,53000.0,32767.0,90.0
361.434,-1.8429360389709473,1.9438539743423462,1.9883999824523926,-0.13511055707931519,-0.12057743221521378,1.004084587097168,,,
,,,,,,,53000.0,32767.0,90.0
361.444,1.5445027351379395,1.5954798460006714,1.3333818912506104,-0.12263329327106476,-0.09543117135763168,1.0072544813156128,,,
,,,,,,,53000.0,32767.0,90.0
361.454,-1.3983492851257324,1.4523638486862183,1.230863094329834,-0.11901320517063141,-0.07497276365756989,0.9938793778419495,,,
,,,,,,,53000.0,32767.0,90.0
361.464,-1.9241650104522705,2.140092134475708,1.563991665840149,-0.12142898887395859,-0.0791877880692482,0.9791239500045776,,,
,,,,,,,53000.0,29000.0,90.0
361.474,-2.5759568214416504,1.5756317377090454,0.9650973081588745,-0.1297941654920578,-0.094687819480896,0.9968332648277283,,,
,,,,,,,53000.0,29000.0,90.0
361.484,-0.6193357706069946,0.46437132358551025,0.29253748059272766,-0.1335480660200119,-0.10151011496782303,1.0099056959152222,,,
,,,,,,,53000.0,29000.0,90.0
361.494,0.16744618117809296,-0.8597494959831238,-0.8915726542472839,-0.13273903727531433,-0.1065119132399559,1.006850242614746,,,
,,,,,,,53000.0,29000.0,90.0
361.504,1.8152843713760376,0.09356732666492462,-0.8454360365867615,-0.13704058527946472,-0.09527024626731873,0.9788146615028381,,,
,,,,,,,53000.0,29000.0,90.0
361.514,-1.809569239616394,1.8577510118484497,-0.4278697371482849,-0.1368052363395691,-0.09154625236988068,0.9658041000366211,,,
,,,,,,,53000.0,29000.0,90.0
361.524,-4.441690444946289,-0.4824952781200409,-1.7165582180023193,-0.14497245848178864,-0.10554749518632889,0.9895275831222534,,,
,,,,,,,53000.0,29000.0,90.0
361.534,3.564769983291626,0.6419046521186829,-2.3733015060424805,-0.141877681016922,-0.10887114703655243,0.9850719571113586,,,
,,,,,,,53000.0,29000.0,90.0
361.544,1.8863211870193481,-0.8749370574951172,-3.9849493503570557,-0.13222002983093262,-0.09628097712993622,0.9984112977981567,,,
,,,,,,,53000.0,29000.0,90.0
361.554,0.7172628045082092,-0.01676875539124012,-2.5350630283355713,-0.13134494423866272,-0.057114265859127045,0.9752777218818665,,,
,,,,,,,53000.0,27000.0,90.0
361.564,-1.677581787109375,1.2164067029953003,-0.29685863852500916,-0.13655954599380493,-0.05714373663067818,0.9695643186569214,,,
,,,,,,,53000.0,27000.0,90.0
361.574,-2.8266100883483887,0.6548137664794922,-0.2980051338672638,-0.1338946670293808,-0.08986227214336395,0.9842854142189026,,,
,,,,,,,53000.0,27000.0,90.0
361.584,-0.22306586802005768,-0.7340199947357178,-0.9744287729263306,-0.1382877081632614,-0.10605867207050323,1.002504825592041,,,
,,,,,,,53000.0,27000.0,90.0
361.594,0.4816496968269348,-0.15923455357551575,-0.792420506477356,-0.13529841601848602,-0.10276579111814499,0.9958613514900208,,,
,,,,,,,53000.0,27000.0,90.0
361.604,-3.4429116249084473,-1.0918506383895874,-0.5697492957115173,-0.1404108852148056,-0.10430122911930084,0.9865190982818604,,,
,,,,,,,53000.0,27000.0,90.0
361.614,0.28924036026000977,0.17970438301563263,-0.05343064293265343,-0.14317315816879272,-0.10892374068498611,0.9779627323150635,,,
,,,,,,,53000.0,27000.0,90.0
361.624,0.01788676716387272,-0.45145896077156067,-0.8083286285400391,-0.1388927400112152,-0.1197456419467926,0.9991668462753296,,,
,,,,,,,53000.0,27000.0,90.0
361.634,-0.020331554114818573,-1.1455464363098145,-1.3340867757797241,-0.13123109936714172,-0.10109671205282211,0.9959836006164551,,,
,,,,,,,53000.0,25000.0,90.0
361.644,-0.5251571536064148,0.2802986204624176,-0.14107520878314972,-0.1295822113752365,-0.08187767118215561,0.9758232235908508,,,
,,,,,,,53000.0,25000.0,90.0
361.654,-1.3928322792053223,0.06927240639925003,-0.43425452709198,-0.12568548321723938,-0.09078986197710037,0.9853299856185913,,,
,,,,,,,53000.0,25000.0,90.0
361.664,-0.2775571942329407,0.30130013823509216,-0.6869955658912659,-0.12571021914482117,-0.10012641549110413,0.9943810105323792,,,
,,,,,,,53000.0,25000.0,90.0
361.674,-1.7120773792266846,0.3129747807979584,-1.2033675909042358,-0.1275198608636856,-0.09927193820476532,0.9966033101081848,,,
,,,,,,,53000.0,25000.0,90.0
361.684,-2.182389974594116,0.19446691870689392,-1.0820194482803345,-0.13159061968326569,-0.1029067113995552,0.9888874292373657,,,
,,,,,,,53000.0,25000.0,90.0
361.694,-0.03078267350792885,0.6324676275253296,-1.174262523651123,-0.1379408836364746,-0.11747904866933823,0.9872473478317261,,,
,,,,,,,53000.0,25000.0,90.0
361.704,-0.2667824327945709,0.7610818147659302,-1.4064069986343384,-0.13740792870521545,-0.12207208573818207,0.9949982762336731,,,
,,,,,,,53000.0,25000.0,90.0
361.714,-0.3085748255252838,-0.1878395527601242,-1.2200429439544678,-0.13700059056282043,-0.10317601263523102,0.9988629221916199,,,
,,,,,,,53000.0,24000.0,90.0
361.724,-0.9001029133796692,1.1250338554382324,-0.0690242201089859,-0.13847336173057556,-0.09438775479793549,0.9833476543426514,,,
,,,,,,,53000.0,24000.0,90.0
361.734,-0.4248340427875519,0.8175479769706726,0.254495769739151,-0.1331845223903656,-0.10534969717264175,0.987945556640625,,,
,,,,,,,53000.0,24000.0,90.0
361.744,0.8889493346214294,0.5714683532714844,-0.011165004223585129,-0.13565626740455627,-0.1066485047340393,0.9973977208137512,,,
,,,,,,,53000.0,24000.0,90.0
361.754,0.5738126039505005,0.19027192890644073,0.33612680435180664,-0.1391386091709137,-0.08858279883861542,0.99330735206604,,,
,,,,,,,53000.0,24000.0,90.0
361.764,-1.3960810899734497,0.1489442139863968,1.0428757667541504,-0.1415141522884369,-0.08014404028654099,0.9764976501464844,,,
,,,,,,,53000.0,24000.0,90.0
361.774,-1.5214214324951172,0.4745618999004364,0.8812488317489624,-0.14154982566833496,-0.09623513370752335,0.9690763354301453,,,
,,,,,,,53000.0,24000.0,90.0
361.784,-0.8246968388557434,0.7980024814605713,0.14019954204559326,-0.14430193603038788,-0.11673203855752945,0.985268771648407,,,
,,,,,,,53000.0,24000.0,90.0
361.794,-0.3503706157207489,0.16875050961971283,-0.9138849377632141,-0.14844903349876404,-0.11677708476781845,0.9911985397338867,,,
,,,,,,,53000.0,24000.0,90.0
361.804,-0.5098875164985657,0.11818328499794006,-0.6869192123413086,-0.1504313200712204,-0.10724275559186935,0.9777814149856567,,,
,,,,,,,53000.0,22000.0,90.0
361.814,-0.5627514123916626,0.44138696789741516,-0.7124616503715515,-0.14710956811904907,-0.10998164117336273,0.9786006808280945,,,
,,,,,,,53000.0,22000.0,90.0
361.824,0.16855674982070923,0.33264756202697754,-0.702714741230011,-0.14196069538593292,-0.1111397072672844,0.9893656969070435,,,
,,,,,,,53000.0,22000.0,90.0
361.834,-0.9863204956054688,-0.5530250072479248,-1.2438762187957764,-0.14225001633167267,-0.10796705633401871,0.995603621006012,,,
,,,,,,,53000.0,22000.0,90.0
361.844,-1.3999968767166138,-0.2675285339355469,-1.135404109954834,-0.13897843658924103,-0.10433097183704376,0.9881375432014465,,,
,,,,,,,53000.0,22000.0,90.0
361.854,0.3474860191345215,0.13803532719612122,-0.7775310277938843,-0.14149586856365204,-0.10896874219179153,0.9892635345458984,,,
,,,,,,,53000.0,22000.0,90.0
361.864,0.7411991953849792,-0.7602235078811646,-1.0298426151275635,-0.14409707486629486,-0.11128780245780945,1.0005614757537842,,,
,,,,,,,53000.0,22000.0,90.0
361.874,-0.13784633576869965,-1.6721606254577637,0.09603136032819748,-0.14319923520088196,-0.098570816218853,0.9934284090995789,,,
,,,,,,,53000.0,22000.0,90.0
361.884,-0.3009193241596222,-0.22251708805561066,1.2776007652282715,-0.1383989453315735,-0.09250786900520325,0.9815577864646912,,,
,,,,,,,53000.0,22000.0,90.0
361.894,-0.20464392006397247,-0.6739665269851685,1.7541794776916504,-0.13573813438415527,-0.10933119058609009,0.9863436818122864,,,
,,,,,,,53000.0,22000.0,90.0
361.904,1.0085464715957642,-1.0157121419906616,1.173571228981018,-0.13788174092769623,-0.11282119154930115,0.9948238134384155,,,
,,,,,,,53000.0,22000.0,90.0
361.914,1.4822523593902588,-0.8272524476051331,1.4159700870513916,-0.13762828707695007,-0.0974464863538742,0.989753246307373,,,
,,,,,,,53000.0,22000.0,90.0
361.924,0.4347587525844574,0.22353889048099518,1.8777003288269043,-0.1296912431716919,-0.09196129441261292,0.9771760106086731,,,
,,,,,,,53000.0,22000.0,90.0
361.934,-0.7141919732093811,0.9363027215003967,1.3780673742294312,-0.1271025687456131,-0.09978409856557846,0.9738641977310181,,,
,,,,,,,53000.0,22000.0,90.0
361.944,-0.2425701767206192,0.8538217544555664,0.6874746084213257,-0.133892223238945,-0.1051468551158905,0.9901300072669983,,,
,,,,,,,53000.0,22000.0,90.0
361.954,0.6900129914283752,0.1845555454492569,0.053612757474184036,-0.13664308190345764,-0.10811265558004379,0.994218647480011,,,
,,,,,,,53000.0,22000.0,90.0
361.964,0.300604909658432,0.28458431363105774,-0.26192158460617065,-0.13762813806533813,-0.11091694980859756,0.9845210313796997,,,
,,,,,,,53000.0,24000.0,90.0
361.974,-0.5463091135025024,0.9961354732513428,-0.5216565132141113,-0.1385977417230606,-0.11126583069562912,0.9813194274902344,,,
,,,,,,,53000.0,24000.0,90.0
361.984,-0.07610879093408585,0.34910526871681213,-0.501192033290863,-0.1390751153230667,-0.10768559575080872,0.9935795068740845,,,
,,,,,,,53000.0,24000.0,90.0
361.994,-0.11885790526866913,-0.22511467337608337,-0.4396606981754303,-0.13873134553432465,-0.10108444094657898,0.9973039031028748,,,
,,,,,,,53000.0,24000.0,90.0
362.004,0.10503114014863968,-0.29802578687667847,-0.305593878030777,-0.13828855752944946,-0.09305571764707565,0.989828884601593,,,
,,,,,,,53000.0,24000.0,90.0
362.014,0.31175100803375244,0.16014720499515533,0.048784226179122925,-0.13637660443782806,-0.08837075531482697,0.9810100197792053,,,
,,,,,,,53000.0,24000.0,90.0
362.024,-0.3160856068134308,-1.4984229803085327,-0.1879696398973465,-0.1384509801864624,-0.08945029973983765,0.9977642297744751,,,
,,,,,,,53000.0,24000.0,90.0
362.034,2.2949156761169434,0.2511459290981293,1.0349191427230835,-0.14281482994556427,-0.08541741222143173,0.983462393283844,,,
,,,,,,,53000.0,24000.0,90.0
362.044,-0.4917551279067993,-1.3863836526870728,1.4096412658691406,-0.14361067116260529,-0.08687592297792435,0.9824346303939819,,,
,,,,,,,53000.0,24000.0,90.0
362.054,-1.3647459745407104,-0.23866260051727295,1.7335878610610962,-0.1447422355413437,-0.08982695639133453,0.9664966464042664,,,
,,,,,,,53000.0,27000.0,90.0
362.064,-0.3816027343273163,0.8422385454177856,1.334488034248352,-0.14080488681793213,-0.1079152300953865,0.9736917018890381,,,
,,,,,,,53000.0,27000.0,90.0
362.074,-0.17399126291275024,-0.15288251638412476,-0.05536527559161186,-0.14154058694839478,-0.11714935302734375,0.9886672496795654,,,
,,,,,,,53000.0,27000.0,90.0
362.084,0.07895961403846741,0.20966477692127228,-0.34320366382598877,-0.14389602839946747,-0.10972222685813904,0.9861546158790588,,,
,,,,,,,53000.0,27000.0,90.0
362.094,-0.09473288804292679,-0.6671046018600464,-0.7342077493667603,-0.1353534609079361,-0.10196568816900253,0.9916864633560181,,,
,,,,,,,53000.0,27000.0,90.0
362.104,2.2232112884521484,0.6483758687973022,-0.08790028095245361,-0.13266006112098694,-0.08927609771490097,0.9863539934158325,,,
,,,,,,,53000.0,27000.0,90.0
362.114,-2.1269021034240723,-0.36005499958992004,0.10088018327951431,-0.13026872277259827,-0.09037666767835617,0.9952045679092407,,,
,,,,,,,53000.0,27000.0,90.0
362.124,-2.2320353984832764,-0.1792667657136917,0.5600415468215942,-0.1318669468164444,-0.0878981277346611,0.9882042407989502,,,
,,,,,,,53000.0,27000.0,90.0
362.134,-0.2889064848423004,0.5342692732810974,0.5324364900588989,-0.12968659400939941,-0.10387479513883591,0.9995831251144409,,,
,,,,,,,53000.0,30000.0,90.0
362.144,1.2659294605255127,-1.119972586631775,-0.905878484249115,-0.12965422868728638,-0.11908511072397232,1.0101374387741089,,,
,,,,,,,53000.0,30000.0,90.0
362.154,1.292398452758789,-0.9029198288917542,-0.9489660859107971,-0.1381302922964096,-0.09879052639007568,0.9934585094451904,,,
,,,,,,,53000.0,30000.0,90.0
362.164,-1.2211265563964844,-0.06913347542285919,-0.1612640917301178,-0.13939405977725983,-0.08843318372964859,0.9760953187942505,,,
,,,,,,,53000.0,30000.0,90.0
362.174,-0.6968418955802917,0.03432025387883186,0.3386821150779724,-0.13999268412590027,-0.1004304513335228,0.9778340458869934,,,
,,,,,,,53000.0,30000.0,90.0
362.184,1.628537654876709,0.917855978012085,0.12746243178844452,-0.13991403579711914,-0.11188061535358429,0.9878475069999695,,,
,,,,,,,53000.0,30000.0,90.0
362.194,-0.9392335414886475,-0.9975444078445435,-0.27243444323539734,-0.139318585395813,-0.09831295162439346,1.0020599365234375,,,
,,,,,,,53000.0,30000.0,90.0
362.204,0.7171107530593872,0.3341359496116638,1.261346459388733,-0.13354440033435822,-0.07171155512332916,0.9746098518371582,,,
,,,,,,,53000.0,30000.0,90.0
362.214,-0.995103657245636,1.5916231870651245,1.6513993740081787,-0.12770871818065643,-0.08196881413459778,0.9703738689422607,,,
,,,,,,,53000.0,32767.0,90.0
362.224,-1.038549780845642,0.4783143997192383,0.9056766629219055,-0.12787513434886932,-0.0951760932803154,0.9866330623626709,,,
,,,,,,,55000.0,32767.0,90.0
362.234,-0.2917327284812927,0.41079941391944885,0.530836284160614,-0.128805473446846,-0.09151656180620193,0.9887846112251282,,,
,,,,,,,55000.0,32767.0,90.0
362.244,-1.5401017665863037,1.0490306615829468,0.4328659176826477,-0.12689407169818878,-0.09239187091588974,0.9783186912536621,,,
,,,,,,,55000.0,32767.0,90.0
362.254,-0.7383600473403931,0.044451840221881866,-0.3502829968929291,-0.1278328001499176,-0.10160314291715622,0.9935452342033386,,,
,,,,,,,55000.0,32767.0,90.0
362.264,2.020343780517578,0.5507093071937561,-0.46657833456993103,-0.12798304855823517,-0.10577216744422913,0.9947338700294495,,,
,,,,,,,55000.0,32767.0,90.0
362.274,-3.6060006618499756,-1.1788629293441772,-1.0516890287399292,-0.1367710530757904,-0.10527362674474716,1.0035345554351807,,,
,,,,,,,55000.0,32767.0,90.0
362.284,-1.3378262519836426,0.6172983050346375,0.1535464972257614,-0.1301690638065338,-0.10171090066432953,0.9666139483451843,,,
,,,,,,,55000.0,32767.0,90.0
362.294,-1.8781951665878296,0.883926272392273,-1.09027898311615,-0.13046307861804962,-0.129771426320076,0.9909930229187012,,,
,,,,,,,55000.0,32767.0,90.0
362.304,0.7886777520179749,-0.5646041035652161,-2.768052577972412,-0.1358131468296051,-0.12952116131782532,1.0095303058624268,,,
,,,,,,,55000.0,32767.0,90.0
362.314,1.211118221282959,-1.0791237354278564,-2.568235397338867,-0.1389673948287964,-0.10604309290647507,1.0049232244491577,,,
,,,,,,,57000.0,32767.0,90.0
362.324,-0.17249193787574768,-0.1735762059688568,-1.3881722688674927,-0.13608624041080475,-0.08894354104995728,0.9703605771064758,,,
,,,,,,,57000.0,32767.0,90.0
362.334,-1.9281671047210693,0.3836149573326111,-0.506657600402832,-0.13911032676696777,-0.09782902896404266,0.9698734879493713,,,
,,,,,,,57000.0,32767.0,90.0
362.344,0.48113778233528137,-0.19207194447517395,-0.9143794178962708,-0.14160023629665375,-0.10874151438474655,0.9963217377662659,,,
,,,,,,,57000.0,32767.0,90.0
362.354,0.6216778755187988,-0.7453699111938477,-1.1462810039520264,-0.14169876277446747,-0.11006589233875275,0.9973272085189819,,,
,,,,,,,57000.0,32767.0,90.0
362.364,0.7253298163414001,0.18990086019039154,-0.17936080694198608,-0.13969211280345917,-0.0970039814710617,0.9690966606140137,,,
,,,,,,,57000.0,32767.0,90.0
362.374,-1.7082020044326782,1.4374959468841553,0.907677948474884,-0.1438130885362625,-0.10074317455291748,0.9740393161773682,,,
,,,,,,,57000.0,32767.0,90.0
362.384,-1.4906001091003418,0.6369367241859436,1.3068426847457886,-0.14827343821525574,-0.11147063970565796,0.990102231502533,,,
,,,,,,,57000.0,35000.0,90.0
362.394,-1.1776286363601685,0.48381927609443665,0.6892778873443604,-0.14851288497447968,-0.12014435231685638,0.9957993030548096,,,
,,,,,,,57000.0,35000.0,90.0
362.404,0.12692494690418243,0.6779363751411438,0.6344627141952515,-0.14805202186107635,-0.11696748435497284,0.9895234704017639,,,
,,,,,,,57000.0,35000.0,90.0
362.414,0.47632643580436707,-0.13647525012493134,0.7537133097648621,-0.14933143556118011,-0.10889230668544769,0.9861180186271667,,,
,,,,,,,57000.0,35000.0,90.0
362.424,0.032136138528585434,1.1952574253082275,1.5298868417739868,-0.1462697684764862,-0.10221824049949646,0.9816433787345886,,,
,,,,,,,57000.0,35000.0,90.0
362.434,-0.9566781520843506,-1.4279791116714478,1.0639687776565552,-0.14295020699501038,-0.10158225893974304,1.000407099723816,,,
,,,,,,,57000.0,35000.0,90.0
362.444,3.9475865364074707,1.2321912050247192,2.2524852752685547,-0.13750535249710083,-0.08915282785892487,0.9815580248832703,,,
,,,,,,,57000.0,35000.0,90.0
362.454,-1.7856016159057617,-1.4720849990844727,1.679741621017456,-0.1360897719860077,-0.09061728417873383,0.9998907446861267,,,
,,,,,,,57000.0,35000.0,90.0
362.464,-1.277502179145813,-0.2860490381717682,2.563394546508789,-0.14144109189510345,-0.08639035373926163,0.9729228019714355,,,
,,,,,,,57000.0,36000.0,90.0
362.474,0.23634947836399078,0.2280111163854599,2.203462600708008,-0.13769292831420898,-0.107380211353302,0.9877163767814636,,,
,,,,,,,57000.0,36000.0,90.0
362.484,-0.17975449562072754,-1.3630410432815552,0.45165202021598816,-0.1402101367712021,-0.12138861417770386,0.9950873851776123,,,
,,,,,,,57000.0,36000.0,90.0
362.494,1.9372025728225708,-0.745899498462677,0.10283781588077545,-0.1368982344865799,-0.10172994434833527,0.9820229411125183,,,
,,,,,,,57000.0,36000.0,90.0
362.504,0.09472894668579102,-0.321109801530838,0.19669142365455627,-0.13164611160755157,-0.09043379127979279,0.9734419584274292,,,
,,,,,,,57000.0,36000.0,90.0
362.514,-1.4954314231872559,-0.6904582381248474,-0.4721093773841858,-0.13255085051059723,-0.09629219770431519,0.9829990863800049,,,
,,,,,,,57000.0,36000.0,90.0
362.524,1.5378385782241821,0.376313179731369,-0.264039546251297,-0.13426101207733154,-0.10231143981218338,0.9897057414054871,,,
,,,,,,,57000.0,36000.0,90.0
362.534,0.012894509360194206,-0.4351307153701782,-1.4028284549713135,-0.125779926776886,-0.09510289877653122,1.000266432762146,,,
,,,,,,,57000.0,36000.0,90.0
362.544,-1.0423479080200195,-0.4490772783756256,-0.9697531461715698,-0.13087588548660278,-0.07693901658058167,0.9860098958015442,,,
,,,,,,,57000.0,36000.0,90.0
362.554,0.28165528178215027,0.4562698006629944,-0.13272766768932343,-0.12972287833690643,-0.08138753473758698,0.9764658808708191,,,
,,,,,,,57000.0,38000.0,90.0
362.564,-1.2437388896942139,0.39928460121154785,-1.1726704835891724,-0.13411945104599,-0.09719987958669662,0.9873810410499573,,,
,,,,,,,57000.0,38000.0,90.0
362.574,0.025331279262900352,0.7004914283752441,-1.0002059936523438,-0.13592003285884857,-0.08549220114946365,0.9860838055610657,,,
,,,,,,,57000.0,38000.0,90.0
362.584,-1.9164165258407593,0.829024076461792,-0.5694170594215393,-0.13972505927085876,-0.08764519542455673,0.9799695014953613,,,
,,,,,,,57000.0,38000.0,90.0
362.594,-1.7002910375595093,-0.016628123819828033,-1.4075250625610352,-0.13967156410217285,-0.09820032864809036,0.9893113374710083,,,
,,,,,,,57000.0,38000.0,90.0
362.604,1.766334891319275,0.944786012172699,-0.5791501998901367,-0.14728356897830963,-0.09545234590768814,0.978846549987793,,,
,,,,,,,57000.0,38000.0,90.0
362.614,-1.723946213722229,0.21956361830234528,-0.025984276086091995,-0.13864056766033173,-0.0883946493268013,0.9817620515823364,,,
,,,,,,,57000.0,38000.0,90.0
362.624,-5.64992094039917,-0.4146566689014435,0.5109363198280334,-0.14397835731506348,-0.08122485131025314,0.9805752635002136,,,
,,,,,,,57000.0,38000.0,90.0
362.634,-1.0986526012420654,1.4967138767242432,1.2656927108764648,-0.13972002267837524,-0.09321105480194092,0.9751694202423096,,,
,,,,,,,57000.0,41000.0,90.0
362.644,-2.714634895324707,-1.1007375717163086,-0.9630486965179443,-0.1370893120765686,-0.11720040440559387,1.0133733749389648,,,
,,,,,,,57000.0,41000.0,90.0
362.654,0.8422536849975586,-1.0299644470214844,-0.8392944931983948,-0.13568320870399475,-0.10585737228393555,0.998235285282135,,,
,,,,,,,57000.0,41000.0,90.0
362.664,-1.2494295835494995,0.4907894730567932,-0.4775090217590332,-0.13334140181541443,-0.10055900365114212,0.9806666970252991,,,
,,,,,,,57000.0,41000.0,90.0
362.674,-3.2692394256591797,-1.959976315498352,-1.4667307138442993,-0.13865827023983002,-0.11204177886247635,0.9908216595649719,,,
,,,,,,,57000.0,41000.0,90.0
362.684,3.815216302871704,-0.506138265132904,-1.2193820476531982,-0.147263303399086,-0.11686764657497406,0.9868015050888062,,,
,,,,,,,57000.0,41000.0,90.0
362.694,0.8016212582588196,-0.26919031143188477,-0.9185408353805542,-0.13243898749351501,-0.1085376888513565,0.9815797209739685,,,
,,,,,,,57000.0,41000.0,90.0
362.704,-7.033002853393555,-1.6414353847503662,-0.3940504789352417,-0.14338667690753937,-0.08962184190750122,0.9773378968238831,,,
,,,,,,,57000.0,41000.0,90.0
362.714,-1.5133283138275146,1.2242133617401123,1.1486924886703491,-0.14418162405490875,-0.09992470592260361,0.9601209759712219,,,
,,,,,,,57000.0,41000.0,90.0
362.724,-1.2748072147369385,-0.05248836427927017,-1.1942665576934814,-0.1258164644241333,-0.1368025839328766,0.9990288019180298,,,
,,,,,,,57000.0,42000.0,90.0
362.734,-0.906990110874176,-1.567909598350525,-2.532313823699951,-0.13194236159324646,-0.11836865544319153,1.0138731002807617,,,
,,,,,,,57000.0,42000.0,90.0
362.744,0.827129602432251,0.637809693813324,-0.37617650628089905,-0.13343961536884308,-0.08475586771965027,0.9836521148681641,,,
,,,,,,,57000.0,42000.0,90.0
362.754,-4.006032466888428,0.5789190530776978,0.5040389895439148,-0.1379278153181076,-0.10120207071304321,0.9761718511581421,,,
,,,,,,,57000.0,42000.0,90.0
362.764,-2.1372158527374268,0.10932217538356781,0.29009780287742615,-0.14305682480335236,-0.12441448867321014,0.9867054224014282,,,
,,,,,,,57000.0,42000.0,90.0
362.774,2.4025094509124756,0.7437508702278137,0.32109713554382324,-0.13746576011180878,-0.1324605941772461,0.9970697164535522,,,
,,,,,,,57000.0,42000.0,90.0
362.784,-1.2843408584594727,-0.22493402659893036,-0.35088860988616943,-0.140072762966156,-0.11703934520483017,0.9987323880195618,,,
,,,,,,,57000.0,42000.0,90.0
362.794,-0.5286886692047119,-0.10578460246324539,0.6886700391769409,-0.14883582293987274,-0.1056128591299057,0.978963315486908,,,
,,,,,,,57000.0,42000.0,90.0
362.804,0.9328635334968567,0.9930230379104614,0.9640741944313049,-0.14613579213619232,-0.12485380470752716,0.9751346707344055,,,
,,,,,,,57000.0,44000.0,90.0
362.814,-0.4661661982536316,0.03151848167181015,-0.7441779375076294,-0.1407051533460617,-0.1307525634765625,0.9968941807746887,,,
,,,,,,,57000.0,44000.0,90.0
362.824,0.6342336535453796,-0.34310823678970337,-0.4217262268066406,-0.14261436462402344,-0.10786450654268265,0.9985315799713135,,,
,,,,,,,57000.0,44000.0,90.0
362.834,0.1929938644170761,-0.44806891679763794,0.2820657789707184,-0.14381830394268036,-0.10003762692213058,0.9812209606170654,,,
,,,,,,,57000.0,44000.0,90.0
362.844,-1.344414472579956,0.48940369486808777,-0.008102450519800186,-0.13852307200431824,-0.11025799065828323,0.9746969938278198,,,
,,,,,,,57000.0,44000.0,90.0
362.854,-1.654504656791687,-1.5757038593292236,-0.7947031259536743,-0.14215430617332458,-0.11243868619203568,1.0023059844970703,,,
,,,,,,,57000.0,44000.0,90.0
362.864,3.05246639251709,-1.121872901916504,-0.2749135494232178,-0.14774076640605927,-0.0992092415690422,0.9919816255569458,,,
,,,,,,,57000.0,44000.0,90.0
362.874,0.7673521041870117,0.17515042424201965,1.1634413003921509,-0.13708838820457458,-0.08663293719291687,0.9636610746383667,,,
,,,,,,,57000.0,44000.0,90.0
362.884,-5.7026286125183105,-0.6222013831138611,1.899645209312439,-0.14436620473861694,-0.08888931572437286,0.976523756980896,,,
,,,,,,,57000.0,44000.0,90.0
362.894,-0.27841803431510925,0.5221489667892456,2.3465042114257812,-0.14545300602912903,-0.11128366738557816,0.9845848679542542,,,
,,,,,,,57000.0,44000.0,90.0
362.904,2.470010995864868,0.32991671562194824,0.7687755823135376,-0.13210171461105347,-0.13319595158100128,0.9999107718467712,,,
,,,,,,,57000.0,44000.0,90.0
362.914,0.5262821316719055,-1.8146641254425049,-0.9008064866065979,-0.13882343471050262,-0.11297070235013962,1.0014352798461914,,,
,,,,,,,57000.0,44000.0,90.0
362.924,1.4467917680740356,-0.21716724336147308,0.7885947227478027,-0.14568331837654114,-0.08515732735395432,0.9703267216682434,,,
,,,,,,,57000.0,44000.0,90.0
362.934,-0.8291886448860168,1.257246494293213,1.7391496896743774,-0.13626228272914886,-0.09817582368850708,0.960918128490448,,,
,,,,,,,57000.0,44000.0,90.0
362.944,-2.623765707015991,0.40259262919425964,0.7528990507125854,-0.13561001420021057,-0.11210016906261444,0.9872605800628662,,,
,,,,,,,57000.0,44000.0,90.0
362.954,-0.09774202853441238,-0.5065397024154663,-0.14118190109729767,-0.13755866885185242,-0.11041177809238434,1.010132074356079,,,
,,,,,,,57000.0,44000.0,90.0
362.964,1.8701199293136597,-1.0334655046463013,-0.8234673738479614,-0.13192149996757507,-0.11297282576560974,1.0037767887115479,,,
,,,,,,,57000.0,44000.0,90.0
362.974,0.8942177891731262,-1.025374412536621,-0.8870822787284851,-0.1328587383031845,-0.10322576761245728,0.9826804399490356,,,
,,,,,,,57000.0,44000.0,90.0
362.984,-0.27730420231819153,-1.1801137924194336,-0.004817266017198563,-0.140215665102005,-0.09397575259208679,0.9805305004119873,,,
,,,,,,,57000.0,44000.0,90.0
362.994,-0.4719957113265991,-0.7293717265129089,0.25328314304351807,-0.1372031569480896,-0.10377810895442963,0.9855350255966187,,,
,,,,,,,57000.0,44000.0,90.0
363.004,-0.5090500116348267,-0.2325018048286438,0.24431413412094116,-0.13068145513534546,-0.11251610517501831,0.9885749220848083,,,
,,,,,,,57000.0,44000.0,90.0
363.014,-0.18219798803329468,-0.7554112672805786,-0.5034251809120178,-0.13571393489837646,-0.1091696172952652,0.9981522560119629,,,
,,,,,,,57000.0,44000.0,90.0
363.024,1.4879419803619385,-0.6843404769897461,-0.7427358627319336,-0.1352970451116562,-0.10819569230079651,0.9890239834785461,,,
,,,,,,,57000.0,44000.0,90.0
363.034,1.0970577001571655,0.41008803248405457,-1.0620348453521729,-0.1310705989599228,-0.10620158165693283,0.983974277973175,,,
,,,,,,,57000.0,44000.0,90.0
363.044,-0.5595967769622803,0.5222983956336975,-0.6119940876960754,-0.13453902304172516,-0.09862563759088516,0.9807049036026001,,,
,,,,,,,57000.0,44000.0,90.0
363.054,-0.3897057771682739,0.6946442127227783,0.03053419105708599,-0.13893195986747742,-0.10002761334180832,0.9764470458030701,,,
,,,,,,,57000.0,44000.0,90.0
363.064,-0.8091287612915039,0.9130311608314514,-0.3521900475025177,-0.13141430914402008,-0.11275531351566315,0.9825239777565002,,,
,,,,,,,57000.0,44000.0,90.0
363.074,-0.2838049530982971,0.9192100763320923,-0.7512567639350891,-0.13056938350200653,-0.10937554389238358,0.990652859210968,,,
,,,,,,,57000.0,44000.0,90.0
363.084,-0.32256951928138733,0.8149937391281128,-0.373216837644577,-0.13411416113376617,-0.10328558832406998,0.9921957850456238,,,
,,,,,,,57000.0,44000.0,90.0
363.094,-0.8956996202468872,0.5601721405982971,0.3166039288043976,-0.13746602833271027,-0.10441118478775024,0.995342493057251,,,
,,,,,,,57000.0,44000.0,90.0
363.104,-0.14358344674110413,0.7593977451324463,0.7711337208747864,-0.13938193023204803,-0.10879697650671005,0.9908768534660339,,,
,,,,,,,57000.0,44000.0,90.0
363.114,0.04567721113562584,0.342258095741272,0.368444561958313,-0.14185814559459686,-0.11184296011924744,0.9947197437286377,,,
,,,,,,,57000.0,44000.0,90.0
363.124,0.6715531945228577,0.31307488679885864,0.15732157230377197,-0.1425166130065918,-0.10794097930192947,0.9964196085929871,,,
,,,,,,,57000.0,44000.0,90.0
363.134,1.0393342971801758,-0.1240047737956047,0.4194576144218445,-0.14379926025867462,-0.10013724118471146,0.987916111946106,,,
,,,,,,,57000.0,44000.0,90.0
363.144,0.21810872852802277,0.08053679764270782,0.4962610602378845,-0.14229591190814972,-0.09894250333309174,0.9767329692840576,,,
,,,,,,,57000.0,44000.0,90.0
363.154,0.14780846238136292,0.7299268841743469,0.16974298655986786,-0.13807113468647003,-0.1030765175819397,0.9767922163009644,,,
,,,,,,,57000.0,44000.0,90.0
363.164,0.29428258538246155,0.47022539377212524,-0.7193954586982727,-0.1423427164554596,-0.10657733678817749,0.9839481115341187,,,
,,,,,,,57000.0,44000.0,90.0
363.174,-0.008288927376270294,0.1918584406375885,-0.756266713142395,-0.1452454924583435,-0.10546465963125229,0.9830530881881714,,,
,,,,,,,57000.0,44000.0,90.0
363.184,0.07116619497537613,0.5519423484802246,-0.9907526969909668,-0.14358526468276978,-0.10952851921319962,0.9766176342964172,,,
,,,,,,,57000.0,44000.0,90.0
363.194,-1.0759786367416382,0.7296155095100403,-1.2482887506484985,-0.14532940089702606,-0.11277889460325241,0.9800502061843872,,,
,,,,,,,57000.0,44000.0,90.0
363.204,-1.3833123445510864,0.29380613565444946,-1.4475411176681519,-0.1433601677417755,-0.11159712076187134,0.9838733077049255,,,
,,,,,,,57000.0,44000.0,90.0
363.214,-0.31047385931015015,0.3795560598373413,-0.6234139204025269,-0.1438511610031128,-0.11521831154823303,0.9900025129318237,,,
,,,,,,,57000.0,44000.0,90.0
363.224,-0.3197941184043884,-0.2248978167772293,-0.6374372243881226,-0.1439036875963211,-0.11578629910945892,0.9899096488952637,,,
,,,,,,,57000.0,43000.0,90.0
363.234,0.2962568998336792,-0.5251949429512024,-0.6381533145904541,-0.14079555869102478,-0.10980002582073212,0.9886147975921631,,,
,,,,,,,57000.0,43000.0,90.0
363.244,0.460735023021698,-0.6244884729385376,-0.043722521513700485,-0.13599400222301483,-0.10269708186388016,0.9899721741676331,,,
,,,,,,,57000.0,43000.0,90.0
363.254,0.3130943477153778,-0.5050814747810364,0.2693783938884735,-0.13340502977371216,-0.09694100171327591,0.9925471544265747,,,
,,,,,,,57000.0,43000.0,90.0
363.264,0.029997341334819794,-0.8690778613090515,0.7020496726036072,-0.12883757054805756,-0.0996667668223381,0.9955404996871948,,,
,,,,,,,57000.0,43000.0,90.0
363.274,-0.8779558539390564,-0.7944656014442444,0.95941561460495,-0.1272444725036621,-0.10639028996229172,0.9944884181022644,,,
,,,,,,,57000.0,43000.0,90.0
363.284,-1.1119797229766846,-1.0034019947052002,0.9882014989852905,-0.13305100798606873,-0.10816188901662827,0.9902258515357971,,,
,,,,,,,57000.0,43000.0,90.0
363.294,-0.5160766839981079,-0.3667715787887573,1.0179165601730347,-0.1337674856185913,-0.11133183538913727,0.9818933010101318,,,
,,,,,,,57000.0,43000.0,90.0
363.304,-0.9566546082496643,0.8246756792068481,0.9291475415229797,-0.13005390763282776,-0.11436786502599716,0.9715439081192017,,,
,,,,,,,57000.0,43000.0,90.0
363.314,-2.4128289222717285,0.7288435101509094,0.0012860619463026524,-0.13447001576423645,-0.12143057584762573,0.9885652661323547,,,
,,,,,,,57000.0,43000.0,90.0
363.324,1.1911734342575073,1.1447192430496216,-0.6498185396194458,-0.13464438915252686,-0.12476041167974472,0.9884294867515564,,,
,,,,,,,57000.0,43000.0,90.0
363.334,1.9824135303497314,1.7578884363174438,-1.1552280187606812,-0.12589570879936218,-0.11995672434568405,0.988712728023529,,,
,,,,,,,57000.0,43000.0,90.0
363.344,-0.520756185054779,1.1842327117919922,-1.1643773317337036,-0.13168497383594513,-0.09857328981161118,0.9897248148918152,,,
,,,,,,,57000.0,43000.0,90.0
363.354,0.17981785535812378,1.9465245008468628,-0.24311432242393494,-0.13588327169418335,-0.087147556245327,0.9808838963508606,,,
,,,,,,,57000.0,43000.0,90.0
363.364,-0.548287570476532,2.2013721466064453,-0.2682622969150543,-0.1297043263912201,-0.09956836700439453,0.9878536462783813,,,
,,,,,,,57000.0,43000.0,90.0
363.374,-0.9737904667854309,1.19191312789917,-0.7585182785987854,-0.13416071236133575,-0.10252607613801956,0.9961636662483215,,,
,,,,,,,57000.0,43000.0,90.0
363.384,0.18295159935951233,0.6961004137992859,-0.46265709400177,-0.1454269289970398,-0.09761373698711395,0.9887534976005554,,,
,,,,,,,57000.0,42000.0,90.0
363.394,-0.4174017310142517,0.9006800055503845,0.06941748410463333,-0.1515396386384964,-0.1017523780465126,0.9814789295196533,,,
,,,,,,,57000.0,42000.0,90.0
363.404,-1.4984920024871826,0.6563479900360107,0.4498767852783203,-0.1544370800256729,-0.10773777961730957,0.9805423021316528,,,
,,,,,,,57000.0,42000.0,90.0
363.414,-0.6789534687995911,0.31605207920074463,0.3986237049102783,-0.16007481515407562,-0.11041918396949768,0.983620285987854,,,
,,,,,,,57000.0,42000.0,90.0
363.424,0.9717839956283569,-0.24574041366577148,0.3634364604949951,-0.15852056443691254,-0.1132991760969162,0.9887233376502991,,,
,,,,,,,57000.0,42000.0,90.0
363.434,0.7098245024681091,0.5095720291137695,0.37474554777145386,-0.15374167263507843,-0.10696356743574142,0.9786428213119507,,,
,,,,,,,57000.0,42000.0,90.0
363.444,-1.3635621070861816,-0.3298451006412506,0.3761071562767029,-0.1507258266210556,-0.1012171283364296,0.9819210171699524,,,
,,,,,,,57000.0,42000.0,90.0
363.454,-0.23724204301834106,-0.557967483997345,0.03752684220671654,-0.14818547666072845,-0.09966671466827393,0.9816038012504578,,,
,,,,,,,57000.0,42000.0,90.0
363.464,0.9842827916145325,0.17253988981246948,-0.19951409101486206,-0.14005471765995026,-0.10376143455505371,0.9805004000663757,,,
,,,,,,,57000.0,42000.0,90.0
363.474,-1.3532965183258057,-0.5341010093688965,-0.6798743605613708,-0.1479165405035019,-0.1027478575706482,0.9844804406166077,,,
,,,,,,,57000.0,38000.0,90.0
363.484,-0.6199789047241211,-0.3557722568511963,0.12180168926715851,-0.1491650491952896,-0.10178104043006897,0.9769256114959717,,,
,,,,,,,58000.0,38000.0,90.0
363.494,-0.24403364956378937,0.4283001720905304,0.269220232963562,-0.14547359943389893,-0.11650662124156952,0.9838492274284363,,,
,,,,,,,58000.0,38000.0,90.0
363.504,-0.3642159402370453,-1.2725154161453247,0.13651248812675476,-0.1488124132156372,-0.11658964306116104,0.9919174313545227,,,
,,,,,,,58000.0,38000.0,90.0
363.514,0.7095497250556946,2.0166454315185547,1.8247113227844238,-0.13733378052711487,-0.10459711402654648,0.9656039476394653,,,
,,,,,,,58000.0,38000.0,90.0
363.524,-7.419339179992676,-0.8743702173233032,0.7152263522148132,-0.1342530995607376,-0.12008567899465561,0.9988610148429871,,,
,,,,,,,58000.0,38000.0,90.0
363.534,0.9401330351829529,-0.9143340587615967,-0.7572451829910278,-0.13658146560192108,-0.130096435546875,0.9995245933532715,,,
,,,,,,,58000.0,38000.0,90.0
363.544,7.446985244750977,0.1339511275291443,-1.8381117582321167,-0.12340006977319717,-0.13346002995967865,1.0011125802993774,,,
,,,,,,,58000.0,38000.0,90.0
363.554,-0.5563421845436096,-2.8536951541900635,-2.723705291748047,-0.1293681412935257,-0.09760119765996933,1.0040092468261719,,,
,,,,,,,58000.0,38000.0,90.0
363.564,-1.0161023139953613,0.31308209896087646,1.6978590488433838,-0.14273540675640106,-0.05413880944252014,0.9559204578399658,,,
,,,,,,,58000.0,32767.0,90.0
363.574,-3.7180094718933105,1.0872982740402222,2.6353116035461426,-0.14169339835643768,-0.09616855531930923,0.9710559844970703,,,
,,,,,,,58000.0,32767.0,90.0
363.584,0.39920884370803833,-1.2100508213043213,0.37314572930336,-0.14211031794548035,-0.1429654210805893,0.9984715580940247,,,
,,,,,,,58000.0,32767.0,90.0
363.594,1.767982840538025,1.2263069152832031,-0.2576277256011963,-0.13237932324409485,-0.12752431631088257,0.9889839887619019,,,
,,,,,,,58000.0,32767.0,90.0
363.604,-6.6296515464782715,-2.9410438537597656,-1.6394625902175903,-0.15368011593818665,-0.10892724990844727,0.999426543712616,,,
,,,,,,,58000.0,32767.0,90.0
363.614,3.8897922039031982,2.807033061981201,1.0899035930633545,-0.1519516110420227,-0.10714372247457504,0.9461649060249329,,,
,,,,,,,58000.0,32767.0,90.0
363.624,-1.5256654024124146,-0.22581587731838226,-2.0919809341430664,-0.14289501309394836,-0.1396753489971161,1.006039023399353,,,
,,,,,,,58000.0,32767.0,90.0
363.634,1.7151213884353638,0.5377178192138672,-1.6646984815597534,-0.14384208619594574,-0.09895933419466019,0.9872918128967285,,,
,,,,,,,58000.0,32767.0,90.0
363.644,-0.49535998702049255,-0.09145345538854599,0.4804013669490814,-0.142620250582695,-0.0677785873413086,0.983320951461792,,,
,,,,,,,58000.0,32767.0,90.0
363.654,-1.4147303104400635,1.0612863302230835,0.9889805912971497,-0.1359030157327652,-0.08446887135505676,0.9650566577911377,,,
,,,,,,,58000.0,32767.0,90.0
363.664,-0.7286462187767029,0.023858018219470978,0.3417559564113617,-0.1326543092727661,-0.10237237066030502,0.9930421113967896,,,
,,,,,,,58000.0,32767.0,90.0
363.674,0.5175599455833435,-0.35913529992103577,-0.23768438398838043,-0.13611695170402527,-0.08547285199165344,0.9959642291069031,,,
,,,,,,,58000.0,32767.0,90.0
363.684,-2.1454813480377197,-0.924524188041687,0.3752697706222534,-0.13782553374767303,-0.07407981902360916,0.9832061529159546,,,
,,,,,,,58000.0,32767.0,90.0
363.694,-2.77752947807312,0.7906985282897949,1.6964925527572632,-0.13903778791427612,-0.0885070338845253,0.9656844735145569,,,
,,,,,,,58000.0,32767.0,90.0
363.704,-2.6453938484191895,0.26708224415779114,0.1732376366853714,-0.13960309326648712,-0.11728224158287048,0.9870880246162415,,,
,,,,,,,58000.0,32767.0,90.0
363.714,-1.0823559761047363,-0.5058119297027588,-0.9514901638031006,-0.1446593850851059,-0.12507739663124084,0.99759840965271,,,
,,,,,,,58000.0,32767.0,90.0
363.724,-0.6303327679634094,-0.7845848202705383,-1.4924354553222656,-0.1466159075498581,-0.11625576764345169,0.9895601868629456,,,
,,,,,,,58000.0,32767.0,90.0
363.734,-1.211585521697998,0.42138057947158813,-1.274774193763733,-0.14384280145168304,-0.11177818477153778,0.9718655347824097,,,
,,,,,,,58000.0,32767.0,90.0
363.744,-2.06956148147583,0.10573213547468185,-1.5496118068695068,-0.14320644736289978,-0.11623036861419678,0.9778169989585876,,,
,,,,,,,58000.0,32767.0,90.0
363.754,-1.9919118881225586,0.19702443480491638,-2.120701313018799,-0.14692577719688416,-0.1135290339589119,0.9848816990852356,,,
,,,,,,,58000.0,32767.0,90.0
363.764,-1.3593083620071411,0.23259498178958893,-2.128181219100952,-0.1416071504354477,-0.10993503034114838,0.986243486404419,,,
,,,,,,,58000.0,32767.0,90.0
363.774,-1.2773188352584839,-0.010769999586045742,-1.8705557584762573,-0.14393684267997742,-0.10637423396110535,0.980370819568634,,,
,,,,,,,58000.0,32767.0,90.0
363.784,-1.397535800933838,0.20352664589881897,-1.3106791973114014,-0.14476518332958221,-0.10404642671346664,0.982559859752655,,,
,,,,,,,58000.0,32767.0,90.0
363.794,-1.7639104127883911,-0.11710402369499207,-0.9318555593490601,-0.14538386464118958,-0.1060241162776947,0.9844152927398682,,,
,,,,,,,58000.0,32767.0,90.0
363.804,-2.440441131591797,-0.5342226624488831,-0.08439195156097412,-0.1491663157939911,-0.11225704848766327,0.9877851605415344,,,
,,,,,,,58000.0,32767.0,90.0
363.814,-1.7836594581604004,-0.15105760097503662,-0.18638068437576294,-0.14721737802028656,-0.12375777214765549,0.9886972904205322,,,
,,,,,,,58000.0,29000.0,90.0
363.824,-1.2604836225509644,-0.41906049847602844,-0.17795033752918243,-0.14878854155540466,-0.13214875757694244,0.9901243448257446,,,
,,,,,,,58000.0,29000.0,90.0
363.834,-0.16262976825237274,-0.729737401008606,-0.14109323918819427,-0.15027756989002228,-0.12757427990436554,0.9963377118110657,,,
,,,,,,,58000.0,29000.0,90.0
363.844,0.9784290194511414,-1.255260944366455,0.4585491418838501,-0.15154263377189636,-0.12365709990262985,0.9912220239639282,,,
,,,,,,,58000.0,29000.0,90.0
363.854,-1.7425711154937744,1.115314245223999,1.2659176588058472,-0.15015803277492523,-0.12355612218379974,0.9711383581161499,,,
,,,,,,,58000.0,29000.0,90.0
363.864,-5.753905773162842,-0.8227552771568298,0.23613126575946808,-0.15576499700546265,-0.13460798561573029,0.9920809864997864,,,
,,,,,,,58000.0,29000.0,90.0
363.874,3.353472948074341,0.4429040551185608,-0.15703211724758148,-0.15330061316490173,-0.13883726298809052,0.9841500520706177,,,
,,,,,,,58000.0,29000.0,90.0
363.884,3.0030548572540283,-1.5481292009353638,-2.0331320762634277,-0.14285381138324738,-0.13535471260547638,1.0050034523010254,,,
,,,,,,,58000.0,29000.0,90.0
363.894,0.8759617209434509,-0.4679272472858429,-0.6764886975288391,-0.1425049751996994,-0.08996202051639557,0.9734861850738525,,,
,,,,,,,58000.0,29000.0,90.0
363.904,-2.3758437633514404,0.6658756136894226,2.020803213119507,-0.1469777375459671,-0.07512152194976807,0.9662513136863708,,,
,,,,,,,58000.0,29000.0,90.0
363.914,-2.6892173290252686,0.6647471189498901,2.3144092559814453,-0.14404067397117615,-0.10986290127038956,0.9828941822052002,,,
,,,,,,,58000.0,29000.0,90.0
363.924,-0.5324499011039734,-0.32309597730636597,0.8228297829627991,-0.14211580157279968,-0.13491985201835632,1.0088512897491455,,,
,,,,,,,58000.0,29000.0,90.0
363.934,2.6720917224884033,-1.4442667961120605,-0.14383062720298767,-0.140462726354599,-0.12475220113992691,1.0068399906158447,,,
,,,,,,,58000.0,29000.0,90.0
363.944,0.39421719312667847,-0.9523248076438904,0.9364672303199768,-0.1484634280204773,-0.10869715362787247,0.9810457229614258,,,
,,,,,,,58000.0,29000.0,90.0
363.954,-0.35909175872802734,-0.016261793673038483,2.3189337253570557,-0.14861811697483063,-0.10987958312034607,0.9676797389984131,,,
,,,,,,,58000.0,29000.0,90.0
363.964,-1.258256435394287,-0.10540585964918137,1.9651042222976685,-0.13913162052631378,-0.12310571223497391,0.9889625310897827,,,
,,,,,,,58000.0,29000.0,90.0
363.974,1.410542607307434,-0.9433525204658508,0.6171236634254456,-0.13468994200229645,-0.13151659071445465,0.9989820122718811,,,
,,,,,,,58000.0,29000.0,90.0
363.984,2.3473260402679443,-1.1612581014633179,-0.3308202624320984,-0.1323680281639099,-0.12273123115301132,0.9909810423851013,,,
,,,,,,,58000.0,27000.0,90.0
363.994,2.059361696243286,-1.0284295082092285,-0.22118957340717316,-0.13034269213676453,-0.10606507956981659,0.9829757809638977,,,
,,,,,,,58000.0,27000.0,90.0
364.004,1.0402641296386719,-0.292899489402771,0.31321418285369873,-0.13030844926834106,-0.09536848217248917,0.9797391891479492,,,
,,,,,,,58000.0,27000.0,90.0
364.014,-2.049948215484619,0.3472730815410614,0.681343138217926,-0.12594491243362427,-0.10032375901937485,0.9765022397041321,,,
,,,,,,,58000.0,27000.0,90.0
364.024,-3.716600179672241,-0.3086510896682739,-0.48698949813842773,-0.1314454823732376,-0.1130964607000351,0.9873079657554626,,,
,,,,,,,58000.0,27000.0,90.0
364.034,1.1307721138000488,0.15899425745010376,-0.8154807686805725,-0.1329856961965561,-0.11853634566068649,0.9905924797058105,,,
,,,,,,,58000.0,27000.0,90.0
364.044,0.48197391629219055,-0.7642219066619873,-1.704521656036377,-0.13731558620929718,-0.11838473379611969,0.9947131276130676,,,
,,,,,,,58000.0,27000.0,90.0
364.054,-0.3862329125404358,-0.18849915266036987,-0.7938684225082397,-0.1465006023645401,-0.09795510023832321,0.9831063747406006,,,
,,,,,,,58000.0,27000.0,90.0
364.064,-2.144651412963867,0.6206624507904053,1.0063703060150146,-0.15247483551502228,-0.09734190255403519,0.9737430214881897,,,
,,,,,,,58000.0,27000.0,90.0
364.074,-1.8320279121398926,0.3636915981769562,0.7876625657081604,-0.14676454663276672,-0.1163969561457634,0.9812432527542114,,,
,,,,,,,58000.0,27000.0,90.0
364.084,0.9911893010139465,-0.04920674115419388,0.2830686867237091,-0.1441689431667328,-0.12064309418201447,0.9979923963546753,,,
,,,,,,,58000.0,27000.0,90.0
364.094,1.7859852313995361,-0.9005791544914246,0.22304290533065796,-0.1404722034931183,-0.10503189265727997,0.9997515678405762,,,
,,,,,,,58000.0,27000.0,90.0
364.104,0.11894445866346359,-0.19324353337287903,1.706043004989624,-0.1389039009809494,-0.08551246672868729,0.9788317680358887,,,
,,,,,,,58000.0,27000.0,90.0
364.114,-2.1718664169311523,0.1154928132891655,2.4413726329803467,-0.136370450258255,-0.09070757031440735,0.9724809527397156,,,
,,,,,,,58000.0,27000.0,90.0
364.124,-2.0430383682250977,0.5036529898643494,1.481407880783081,-0.127939373254776,-0.1147850826382637,0.9830048084259033,,,
,,,,,,,58000.0,27000.0,90.0
364.134,-0.01970932073891163,-0.16607196629047394,0.5869913101196289,-0.12862257659435272,-0.1303262710571289,0.9963171482086182,,,
,,,,,,,58000.0,27000.0,90.0
364.144,1.0539917945861816,-0.6024739742279053,-0.314358651638031,-0.13722670078277588,-0.12875407934188843,0.9930005669593811,,,
,,,,,,,58000.0,25000.0,90.0
364.154,0.042599134147167206,-0.5167093873023987,-0.1435474306344986,-0.13761863112449646,-0.12173610180616379,0.9855315685272217,,,
,,,,,,,58000.0,25000.0,90.0
364.164,-1.350724220275879,0.26768702268600464,-0.32744699716567993,-0.13552170991897583,-0.13015155494213104,0.9809646606445312,,,
,,,,,,,58000.0,25000.0,90.0
364.174,-0.4482482373714447,0.6844204068183899,-1.285428762435913,-0.13916733860969543,-0.13915887475013733,0.9955118894577026,,,
,,,,,,,58000.0,25000.0,90.0
364.184,1.472072958946228,-0.338958203792572,-1.6013520956039429,-0.14242546260356903,-0.13054686784744263,1.0027693510055542,,,
,,,,,,,58000.0,25000.0,90.0
364.194,0.5394082069396973,-0.03849252685904503,-1.699870228767395,-0.1463717669248581,-0.11930865049362183,0.9890783429145813,,,
,,,,,,,58000.0,25000.0,90.0
364.204,-0.2085893303155899,-0.24150201678276062,-1.599507451057434,-0.14762389659881592,-0.11715701222419739,0.970193088054657,,,
,,,,,,,58000.0,25000.0,90.0
364.214,1.4325491189956665,0.43943336606025696,-1.2452640533447266,-0.147561714053154,-0.1137615293264389,0.968896210193634,,,
,,,,,,,58000.0,25000.0,90.0
364.224,0.10678905993700027,0.2106679528951645,-0.36409589648246765,-0.15143248438835144,-0.10430218279361725,0.9835326671600342,,,
,,,,,,,58000.0,25000.0,90.0
364.234,-0.13424520194530487,-1.0031665563583374,0.9247020483016968,-0.15719664096832275,-0.10089357942342758,0.9844160079956055,,,
,,,,,,,58000.0,25000.0,90.0
364.244,0.23880085349082947,0.09591558575630188,1.9990403652191162,-0.15582861006259918,-0.11311037093400955,0.9759790897369385,,,
,,,,,,,58000.0,25000.0,90.0
364.254,0.0001857112511061132,-0.6701194047927856,2.256671190261841,-0.15098096430301666,-0.12697182595729828,0.9835112690925598,,,
,,,,,,,58000.0,25000.0,90.0
364.264,1.0246915817260742,-0.6901111602783203,2.1699905395507812,-0.1518181562423706,-0.12691479921340942,0.9902021288871765,,,
,,,,,,,58000.0,25000.0,90.0
364.274,2.0053551197052,-1.09776771068573,1.999592661857605,-0.1455889642238617,-0.12369165569543839,0.9965044856071472,,,
,,,,,,,58000.0,25000.0,90.0
364.284,1.3191837072372437,-0.9250481128692627,2.222217321395874,-0.14077097177505493,-0.12311220914125443,0.9905758500099182,,,
,,,,,,,58000.0,25000.0,90.0
364.294,1.0689680576324463,-1.0447485446929932,1.858547329902649,-0.1402822881937027,-0.12114022672176361,0.9865815043449402,,,
,,,,,,,58000.0,25000.0,90.0
364.304,1.627447247505188,-0.9541903138160706,1.1936025619506836,-0.13607966899871826,-0.12173193693161011,0.9904219508171082,,,
,,,,,,,58000.0,25000.0,90.0
364.314,1.1355665922164917,-1.159045934677124,0.5858917236328125,-0.13778455555438995,-0.12013077735900879,0.9886549711227417,,,
,,,,,,,58000.0,27000.0,90.0
364.324,0.562897264957428,-0.7245169878005981,-0.013924550265073776,-0.137142151594162,-0.11203867942094803,0.9800431728363037,,,
,,,,,,,58000.0,27000.0,90.0
364.334,0.34410327672958374,-0.4295702874660492,0.376221626996994,-0.1413019895553589,-0.10695701837539673,0.9747013449668884,,,
,,,,,,,58000.0,27000.0,90.0
364.344,0.34506943821907043,-0.24872986972332,0.2204863727092743,-0.14451399445533752,-0.10818606615066528,0.9843315482139587,,,
,,,,,,,58000.0,27000.0,90.0
364.354,1.1468310356140137,-0.2004779577255249,-0.033375535160303116,-0.14421510696411133,-0.10959333926439285,0.9866841435432434,,,
,,,,,,,58000.0,27000.0,90.0
364.364,1.1257245540618896,-1.821409821510315,-0.2877689599990845,-0.138907328248024,-0.10544425249099731,0.9961971044540405,,,
,,,,,,,58000.0,27000.0,90.0
364.374,3.9698429107666016,0.20058372616767883,0.5370775461196899,-0.13962909579277039,-0.09117909520864487,0.9740699529647827,,,
,,,,,,,58000.0,27000.0,90.0
364.384,-0.25201112031936646,-1.0640393495559692,0.9707326292991638,-0.1387491673231125,-0.08253824710845947,0.9845644235610962,,,
,,,,,,,58000.0,27000.0,90.0
364.394,-0.6327855587005615,-0.34469735622406006,1.822835087776184,-0.13714824616909027,-0.08011079579591751,0.9717129468917847,,,
,,,,,,,58000.0,28000.0,90.0
364.404,-0.0554884672164917,-0.4151606559753418,1.5160588026046753,-0.13627122342586517,-0.09967454522848129,0.9825404286384583,,,
,,,,,,,58000.0,28000.0,90.0
364.414,1.512575626373291,-1.0883909463882446,0.692130982875824,-0.13381235301494598,-0.10466847568750381,0.9944085478782654,,,
,,,,,,,58000.0,28000.0,90.0
364.424,0.46887657046318054,-0.8423963785171509,0.5487266182899475,-0.13352173566818237,-0.09706783294677734,0.9891337752342224,,,
,,,,,,,58000.0,28000.0,90.0
364.434,-0.04637346416711807,-1.4960145950317383,0.5547655820846558,-0.13346120715141296,-0.09085796773433685,0.981903612613678,,,
,,,,,,,58000.0,28000.0,90.0
364.444,-1.2678468227386475,0.11750797182321548,0.9665331840515137,-0.13677933812141418,-0.10289795696735382,0.9769523739814758,,,
,,,,,,,58000.0,28000.0,90.0
364.454,-1.3702147006988525,-0.7577844858169556,0.48130422830581665,-0.1330745369195938,-0.11386404186487198,0.9895322918891907,,,
,,,,,,,58000.0,28000.0,90.0
364.464,-0.28069713711738586,0.06500333547592163,-0.6564745903015137,-0.13167117536067963,-0.10989782214164734,0.9939878582954407,,,
,,,,,,,58000.0,28000.0,90.0
364.474,0.22413098812103271,0.011943895369768143,-0.977575421333313,-0.12796851992607117,-0.10045263916254044,0.9915033578872681,,,
,,,,,,,58000.0,28000.0,90.0
364.484,0.05636468529701233,0.35914748907089233,-1.0412267446517944,-0.12774646282196045,-0.09180295467376709,0.9802919626235962,,,
,,,,,,,58000.0,32767.0,90.0
364.494,-0.984402060508728,0.9784879088401794,-1.1272140741348267,-0.13205663859844208,-0.09383145719766617,0.9777398705482483,,,
,,,,,,,58000.0,32767.0,90.0
364.504,-1.2022430896759033,0.7630020976066589,-0.842101514339447,-0.13438893854618073,-0.10167445987462997,0.9875662922859192,,,
,,,,,,,58000.0,32767.0,90.0
364.514,-2.1942553520202637,0.6293189525604248,-1.3008711338043213,-0.13041092455387115,-0.10968928039073944,0.9877734780311584,,,
,,,,,,,58000.0,32767.0,90.0
364.524,-2.952155590057373,1.2812588214874268,-1.8349720239639282,-0.13878250122070312,-0.11764392256736755,0.9921872019767761,,,
,,,,,,,58000.0,32767.0,90.0
364.534,-0.6185590028762817,-1.133457899093628,-2.2494635581970215,-0.14111095666885376,-0.11654042452573776,1.0094342231750488,,,
,,,,,,,58000.0,32767.0,90.0
364.544,4.291354656219482,1.3952453136444092,-0.6001403331756592,-0.13757964968681335,-0.10333836078643799,0.9889044761657715,,,
,,,,,,,58000.0,32767.0,90.0
364.554,-4.999640464782715,-1.0167839527130127,0.14043623208999634,-0.1360478401184082,-0.09539535641670227,0.9951297044754028,,,
,,,,,,,58000.0,32767.0,90.0
364.564,-3.9363319873809814,1.3272713422775269,1.942572832107544,-0.14224334061145782,-0.09981448203325272,0.9681409001350403,,,
,,,,,,,58000.0,32767.0,90.0
364.574,-0.6009873747825623,0.5720118880271912,0.9174225926399231,-0.1351841539144516,-0.13930752873420715,0.9965460300445557,,,
,,,,,,,58000.0,36000.0,90.0
364.584,2.143951892852783,-0.6882745027542114,-1.6625962257385254,-0.13582083582878113,-0.14433568716049194,1.0091972351074219,,,
,,,,,,,59000.0,36000.0,90.0
364.594,2.160166025161743,-1.0857876539230347,-1.5802960395812988,-0.13996513187885284,-0.10526295751333237,0.9887779951095581,,,
,,,,,,,59000.0,36000.0,90.0
364.604,-2.185880184173584,1.7812881469726562,0.06786121428012848,-0.13856995105743408,-0.08641500025987625,0.9527901411056519,,,
,,,,,,,59000.0,36000.0,90.0
364.614,-4.983734130859375,-0.05334539711475372,-0.3265460133552551,-0.14363564550876617,-0.11379393190145493,0.9808955788612366,,,
,,,,,,,59000.0,36000.0,90.0
364.624,2.988114356994629,2.779653310775757,-0.7481154799461365,-0.14375677704811096,-0.12797056138515472,0.9760645627975464,,,
,,,,,,,59000.0,36000.0,90.0
364.634,-2.9703898429870605,-0.4488183259963989,-1.5730444192886353,-0.14400656521320343,-0.12250436842441559,1.0067261457443237,,,
,,,,,,,59000.0,36000.0,90.0
364.644,-3.1990630626678467,0.8689576983451843,0.10464292764663696,-0.15247830748558044,-0.09702183306217194,0.9707751870155334,,,
,,,,,,,59000.0,36000.0,90.0
364.654,-2.384490489959717,2.258556365966797,1.2754840850830078,-0.14328651130199432,-0.11565928161144257,0.9778680205345154,,,
,,,,,,,59000.0,38000.0,90.0
364.664,-1.7782171964645386,0.9414405226707458,-0.6630065441131592,-0.1439570188522339,-0.14776666462421417,1.007583498954773,,,
,,,,,,,59000.0,38000.0,90.0
364.674,1.968131422996521,-0.5810673236846924,-1.1518738269805908,-0.14927884936332703,-0.134651318192482,1.0150152444839478,,,
,,,,,,,59000.0,38000.0,90.0
364.684,1.1211493015289307,-0.43632012605667114,-0.740670382976532,-0.14816224575042725,-0.11315684020519257,0.9874216914176941,,,
,,,,,,,59000.0,38000.0,90.0
364.694,-0.256563663482666,-0.6631142497062683,0.01905832625925541,-0.14800019562244415,-0.10964389890432358,0.9763615131378174,,,
,,,,,,,59000.0,38000.0,90.0
364.704,2.4819176197052,0.7170878648757935,1.0066028833389282,-0.14910519123077393,-0.11259790509939194,0.9738606214523315,,,
,,,,,,,59000.0,38000.0,90.0
364.714,-0.8332013487815857,-0.8656284213066101,0.8121748566627502,-0.1405653953552246,-0.10891582816839218,0.9953941106796265,,,
,,,,,,,59000.0,38000.0,90.0
364.724,-3.106825113296509,-1.401246190071106,1.2840137481689453,-0.14561542868614197,-0.09760665148496628,0.9897157549858093,,,
,,,,,,,59000.0,38000.0,90.0
364.734,1.073553204536438,0.919768214225769,1.798034429550171,-0.13470743596553802,-0.11505500972270966,0.9711467623710632,,,
,,,,,,,59000.0,38000.0,90.0
364.744,-1.2787506580352783,-0.18832261860370636,-0.46399030089378357,-0.13997584581375122,-0.13441899418830872,0.9944584369659424,,,
,,,,,,,59000.0,41000.0,90.0
364.754,0.6928285360336304,0.04799788445234299,-0.1542239487171173,-0.15196385979652405,-0.11268530786037445,0.9844561815261841,,,
,,,,,,,59000.0,41000.0,90.0
364.764,-1.7188754081726074,1.2493138313293457,0.46897435188293457,-0.1505424827337265,-0.10546380281448364,0.9648729562759399,,,
,,,,,,,59000.0,41000.0,90.0
364.774,-2.5371785163879395,-0.044305626302957535,-0.49342185258865356,-0.15156544744968414,-0.1256374567747116,0.9773087501525879,,,
,,,,,,,59000.0,41000.0,90.0
364.784,4.631258010864258,1.3320120573043823,-0.5894566774368286,-0.15704041719436646,-0.12592583894729614,0.9746502637863159,,,
,,,,,,,59000.0,41000.0,90.0
364.794,0.6219079494476318,0.7458481192588806,0.21693548560142517,-0.14830173552036285,-0.099815733730793,0.9776424765586853,,,
,,,,,,,59000.0,41000.0,90.0
364.804,-6.3361992835998535,-0.1507047414779663,1.7032294273376465,-0.16000834107398987,-0.08418844640254974,0.969539999961853,,,
,,,,,,,59000.0,41000.0,90.0
364.814,0.21137011051177979,2.6643714904785156,2.934316396713257,-0.14809896051883698,-0.10622730106115341,0.9607992768287659,,,
,,,,,,,59000.0,41000.0,90.0
364.824,-0.5788195729255676,0.14445482194423676,0.1496514230966568,-0.1352727711200714,-0.13478019833564758,1.0089472532272339,,,
,,,,,,,59000.0,41000.0,90.0
364.834,0.8623519539833069,-2.8040518760681152,-0.6904763579368591,-0.14857922494411469,-0.10250788927078247,1.0159834623336792,,,
,,,,,,,59000.0,43000.0,90.0
364.844,1.5986708402633667,-1.7291994094848633,2.0956320762634277,-0.14762096107006073,-0.07166050374507904,0.979276716709137,,,
,,,,,,,59000.0,43000.0,90.0
364.854,-3.7707064151763916,-0.8745396733283997,2.4700822830200195,-0.13781194388866425,-0.09473124891519547,0.9622257947921753,,,
,,,,,,,59000.0,43000.0,90.0
364.864,-3.6990914344787598,-0.11592651158571243,1.3345099687576294,-0.13957886397838593,-0.12100563198328018,0.9781333208084106,,,
,,,,,,,59000.0,43000.0,90.0
364.874,-0.7425069808959961,-3.6975629329681396,-0.47368746995925903,-0.14347919821739197,-0.1294872760772705,1.0239782333374023,,,
,,,,,,,59000.0,43000.0,90.0
364.884,4.231049060821533,-3.472151756286621,-1.1851439476013184,-0.14890186488628387,-0.12149836122989655,0.9940341711044312,,,
,,,,,,,59000.0,43000.0,90.0
364.894,1.9292680025100708,-0.38609036803245544,0.11787880212068558,-0.13009877502918243,-0.09770148992538452,0.9503365159034729,,,
,,,,,,,59000.0,43000.0,90.0
364.904,-7.8510355949401855,-1.3455744981765747,0.5131539106369019,-0.13585469126701355,-0.08760063350200653,0.9672093391418457,,,
,,,,,,,59000.0,43000.0,90.0
364.914,-2.6972930431365967,0.7236469388008118,1.4511831998825073,-0.13741375505924225,-0.11254402995109558,0.9703763723373413,,,
,,,,,,,59000.0,45000.0,90.0
364.924,0.6730924844741821,0.5212700366973877,-1.5147197246551514,-0.11918243020772934,-0.14611513912677765,1.0024226903915405,,,
,,,,,,,59000.0,45000.0,90.0
364.934,-0.946768581867218,-1.5354734659194946,-3.9825072288513184,-0.1211293563246727,-0.12485717236995697,1.0142533779144287,,,
,,,,,,,59000.0,45000.0,90.0
364.944,1.2045897245407104,0.5669974088668823,-1.5852447748184204,-0.12986908853054047,-0.08414075523614883,0.9778249859809875,,,
,,,,,,,59000.0,45000.0,90.0
364.954,-4.170146465301514,0.5114074349403381,-0.8197440505027771,-0.12780748307704926,-0.09405452013015747,0.9817444086074829,,,
,,,,,,,59000.0,45000.0,90.0
364.964,-3.524280071258545,1.458008885383606,-0.3957323729991913,-0.13160087168216705,-0.11589504778385162,0.9869270920753479,,,
,,,,,,,59000.0,45000.0,90.0
364.974,0.12809936702251434,2.03226637840271,-0.44406452775001526,-0.1266796886920929,-0.12571780383586884,1.0083496570587158,,,
,,,,,,,59000.0,45000.0,90.0
364.984,-3.132946014404297,-0.6182088851928711,-0.9133850336074829,-0.13801120221614838,-0.12112341821193695,1.0147433280944824,,,
,,,,,,,59000.0,45000.0,90.0
364.994,-0.3369115889072418,0.8755652904510498,0.5040334463119507,-0.14819233119487762,-0.11386050283908844,0.9804748296737671,,,
,,,,,,,59000.0,47000.0,90.0
365.004,0.19720207154750824,1.342655062675476,0.22530727088451385,-0.14497773349285126,-0.12983983755111694,0.9765977263450623,,,
,,,,,,,59000.0,47000.0,90.0
365.014,-0.789053201675415,0.5359289646148682,-0.719699501991272,-0.14586463570594788,-0.13075995445251465,0.9849517941474915,,,
,,,,,,,59000.0,47000.0,90.0
365.024,-0.19904692471027374,1.3774915933609009,-0.2244786024093628,-0.14730072021484375,-0.11395490169525146,0.9714764356613159,,,
,,,,,,,59000.0,47000.0,90.0
365.034,-2.045055389404297,-0.3880476653575897,-0.7017357349395752,-0.15248799324035645,-0.11862561106681824,0.9860198497772217,,,
,,,,,,,59000.0,47000.0,90.0
365.044,1.1481397151947021,-0.5609597563743591,-1.1318970918655396,-0.15614640712738037,-0.12515391409397125,0.9815910458564758,,,
,,,,,,,59000.0,47000.0,90.0
365.054,1.6463388204574585,0.8133959174156189,-0.3086054027080536,-0.1485779583454132,-0.11642671376466751,0.9748619794845581,,,
,,,,,,,59000.0,47000.0,90.0
365.064,-4.049882888793945,0.6122618913650513,0.8118748664855957,-0.1502169966697693,-0.101858951151371,0.971535861492157,,,
,,,,,,,59000.0,47000.0,90.0
365.074,-4.559415817260742,1.3596365451812744,1.8647410869598389,-0.1535920947790146,-0.11474747955799103,0.9716063737869263,,,
,,,,,,,59000.0,47000.0,90.0
365.084,-1.8542590141296387,0.5051122307777405,0.7302861213684082,-0.1466621309518814,-0.14793908596038818,0.9936538934707642,,,
,,,,,,,59000.0,48000.0,90.0
365.094,0.8435945510864258,-0.946812093257904,-1.9518738985061646,-0.139325350522995,-0.15568247437477112,1.0057750940322876,,,
,,,,,,,59000.0,48000.0,90.0
365.104,1.488409161567688,-0.8281365036964417,-2.215705633163452,-0.13563549518585205,-0.13288837671279907,0.9943856000900269,,,
,,,,,,,59000.0,48000.0,90.0
365.114,-0.2799714505672455,-1.0176770687103271,-2.043527364730835,-0.14265276491641998,-0.11676536500453949,0.9838464260101318,,,
,,,,,,,59000.0,48000.0,90.0
365.124,0.803463339805603,-0.36124634742736816,-1.061076283454895,-0.1411004215478897,-0.1212853193283081,0.9822946786880493,,,
,,,,,,,59000.0,48000.0,90.0
365.134,1.315125584602356,1.4548311233520508,-0.9843993186950684,-0.12591692805290222,-0.1249416247010231,0.9799878001213074,,,
,,,,,,,59000.0,48000.0,90.0
365.144,-2.3056581020355225,1.7661808729171753,-0.06403902173042297,-0.1341460645198822,-0.11011777818202972,0.9833000302314758,,,
,,,,,,,59000.0,48000.0,90.0
365.154,-2.834153890609741,1.6771624088287354,0.2744540274143219,-0.1343800127506256,-0.1060585305094719,0.9952163100242615,,,
,,,,,,,59000.0,48000.0,90.0
365.164,0.6188141107559204,2.1449830532073975,-1.1397361755371094,-0.12716475129127502,-0.13345319032669067,0.9874771237373352,,,
,,,,,,,59000.0,49000.0,90.0
365.174,2.4424843788146973,2.0788018703460693,-2.8583483695983887,-0.1305677592754364,-0.13640910387039185,0.9931901097297668,,,
,,,,,,,59000.0,49000.0,90.0
365.184,1.138062596321106,1.470320463180542,-2.462761640548706,-0.14181195199489594,-0.10445932298898697,0.9890975952148438,,,
,,,,,,,59000.0,49000.0,90.0
365.194,-0.30486640334129333,1.829412579536438,-0.20824985206127167,-0.1443033218383789,-0.09286977350711823,0.9708825945854187,,,
,,,,,,,59000.0,49000.0,90.0
365.204,-1.0712342262268066,3.820405960083008,0.5278486609458923,-0.14073410630226135,-0.11065202951431274,0.9630182385444641,,,
,,,,,,,59000.0,49000.0,90.0
365.214,-2.2167019844055176,2.8444743156433105,0.10205899924039841,-0.14105574786663055,-0.11892613768577576,0.9895519614219666,,,
,,,,,,,59000.0,49000.0,90.0
365.224,-0.057125259190797806,0.8599230647087097,-0.38401660323143005,-0.15216366946697235,-0.11603973805904388,1.0108022689819336,,,
,,,,,,,59000.0,49000.0,90.0
365.234,2.1476829051971436,0.5935641527175903,-0.25553613901138306,-0.1545715630054474,-0.11097539216279984,0.993874728679657,,,
,,,,,,,59000.0,49000.0,90.0
365.244,0.934601366519928,0.8279093503952026,0.18094229698181152,-0.14271356165409088,-0.11254814267158508,0.9740804433822632,,,
,,,,,,,59000.0,49000.0,90.0
365.254,-1.9377033710479736,0.8024266362190247,0.39170223474502563,-0.1548214852809906,-0.10951773822307587,0.9700244665145874,,,
,,,,,,,59000.0,48000.0,90.0
365.264,-1.0391969680786133,0.5861504077911377,0.7199881076812744,-0.1471567153930664,-0.10019966959953308,0.9848839044570923,,,
,,,,,,,59000.0,48000.0,90.0
365.274,-1.0303412675857544,0.7220694422721863,-0.0419011190533638,-0.14688551425933838,-0.11812962591648102,0.9850546717643738,,,
,,,,,,,59000.0,48000.0,90.0
365.284,-0.09808998554944992,-0.10697967559099197,-0.9942299723625183,-0.15205074846744537,-0.13226287066936493,0.9810658097267151,,,
,,,,,,,59000.0,48000.0,90.0
365.294,0.6630637049674988,-0.18489310145378113,-1.7594677209854126,-0.15549291670322418,-0.12617069482803345,0.983351469039917,,,
,,,,,,,59000.0,48000.0,90.0
365.304,1.4486302137374878,-0.8489797711372375,-1.4280344247817993,-0.15125451982021332,-0.12024594843387604,0.9863329529762268,,,
,,,,,,,59000.0,48000.0,90.0
365.314,0.6346522569656372,0.3949263095855713,-1.577306866645813,-0.14625036716461182,-0.11881138384342194,0.9710375666618347,,,
,,,,,,,59000.0,48000.0,90.0
365.324,-0.33345827460289,1.1392362117767334,-1.4725780487060547,-0.13904894888401031,-0.11624855548143387,0.9740389585494995,,,
,,,,,,,59000.0,48000.0,90.0
365.334,-1.3258872032165527,-0.3008069097995758,-1.5662051439285278,-0.14265798032283783,-0.11764467507600784,0.996638834476471,,,
,,,,,,,59000.0,44000.0,90.0
365.344,1.1874810457229614,-1.1732470989227295,-2.0220909118652344,-0.1410330981016159,-0.12350758165121078,1.0009044408798218,,,
,,,,,,,59000.0,44000.0,90.0
365.354,2.312680244445801,-0.9714791178703308,-2.057169198989868,-0.13484418392181396,-0.11905142664909363,0.9942690134048462,,,
,,,,,,,59000.0,44000.0,90.0
365.364,1.4403425455093384,-3.6276519298553467,-1.109562873840332,-0.13996489346027374,-0.10069002211093903,1.0072989463806152,,,
,,,,,,,59000.0,44000.0,90.0
365.374,1.3575206995010376,0.4465220868587494,1.8557255268096924,-0.1478687971830368,-0.0886886790394783,0.9536941051483154,,,
,,,,,,,59000.0,44000.0,90.0
365.384,-4.4132256507873535,4.967713832855225,3.3956844806671143,-0.12421408295631409,-0.1073656752705574,0.9341369271278381,,,
,,,,,,,59000.0,44000.0,90.0
365.394,-12.309287071228027,-0.8211675882339478,0.5004256367683411,-0.1477326601743698,-0.14837060868740082,1.023775339126587,,,
,,,,,,,59000.0,44000.0,90.0
365.404,5.237833499908447,-2.942357063293457,-3.2268855571746826,-0.15546828508377075,-0.1900683045387268,1.0448908805847168,,,
,,,,,,,59000.0,44000.0,90.0
365.414,14.267213821411133,-1.1727770566940308,-5.545086860656738,-0.13733364641666412,-0.17223843932151794,0.9985266327857971,,,
,,,,,,,59000.0,44000.0,90.0
365.424,1.7379233837127686,-1.0124948024749756,-3.424029588699341,-0.14109528064727783,-0.07617044448852539,0.9554409384727478,,,
,,,,,,,59000.0,40000.0,90.0
365.434,-6.808818817138672,1.615476131439209,3.1305673122406006,-0.16776897013187408,-0.03326720744371414,0.9388399720191956,,,
,,,,,,,60000.0,40000.0,90.0
365.444,-2.959284782409668,2.868684768676758,4.721277713775635,-0.16065388917922974,-0.12065386027097702,0.9669602513313293,,,
,,,,,,,60000.0,40000.0,90.0
365.454,1.8671472072601318,4.306847095489502,0.8441286087036133,-0.12971028685569763,-0.18199855089187622,0.9856255650520325,,,
,,,,,,,60000.0,40000.0,90.0
365.464,-3.2021923065185547,-0.5712565779685974,-2.3934783935546875,-0.13095131516456604,-0.14185605943202972,1.024489164352417,,,
,,,,,,,60000.0,40000.0,90.0
365.474,-0.01104409247636795,-2.8588085174560547,-2.3010425567626953,-0.16541710495948792,-0.10521162301301956,1.0042428970336914,,,
,,,,,,,60000.0,40000.0,90.0
365.484,10.272762298583984,3.237795829772949,-0.3188464939594269,-0.14875219762325287,-0.1261739283800125,0.9447517991065979,,,
,,,,,,,60000.0,40000.0,90.0
365.494,-2.17814564704895,0.5241157412528992,-1.6595885753631592,-0.13760678470134735,-0.1319139450788498,0.9939876198768616,,,
,,,,,,,60000.0,40000.0,90.0
365.504,-5.2622880935668945,-1.0228394269943237,0.5062234997749329,-0.16838175058364868,-0.0894230380654335,0.9990351796150208,,,
,,,,,,,60000.0,36000.0,90.0
365.514,1.856297492980957,1.441396951675415,2.939284324645996,-0.16006550192832947,-0.11485311388969421,0.9699761867523193,,,
,,,,,,,60000.0,36000.0,90.0
365.524,0.04496412351727486,-1.2849549055099487,-1.0503871440887451,-0.14909404516220093,-0.17074483633041382,1.0061609745025635,,,
,,,,,,,60000.0,36000.0,90.0
365.534,6.6104912757873535,-2.252453565597534,-2.3538458347320557,-0.15343210101127625,-0.1328335702419281,1.010722279548645,,,
,,,,,,,60000.0,36000.0,90.0
365.544,5.724696159362793,-2.8673105239868164,0.2874690294265747,-0.15978412330150604,-0.07276883721351624,0.985199511051178,,,
,,,,,,,60000.0,36000.0,90.0
365.554,-2.7912323474884033,2.66416072845459,4.004478454589844,-0.14698682725429535,-0.05616065487265587,0.9100503921508789,,,
,,,,,,,60000.0,36000.0,90.0
365.564,-11.581682205200195,0.23504339158535004,2.6161539554595947,-0.14148806035518646,-0.11541076004505157,0.9676308631896973,,,
,,,,,,,60000.0,36000.0,90.0
365.574,4.185794830322266,0.548408567905426,-1.3320319652557373,-0.14703825116157532,-0.15861517190933228,1.0037730932235718,,,
,,,,,,,60000.0,36000.0,90.0
365.584,9.974964141845703,-0.6397352814674377,-3.840743064880371,-0.13451021909713745,-0.14155705273151398,1.0241773128509521,,,
,,,,,,,60000.0,36000.0,90.0
365.594,-1.6422456502914429,-2.894059181213379,-3.0133137702941895,-0.15576277673244476,-0.0750536248087883,0.9851453304290771,,,
,,,,,,,60000.0,32767.0,90.0
365.604,-0.8682630658149719,3.7416794300079346,3.051236152648926,-0.14938321709632874,-0.0530046783387661,0.9131064414978027,,,
,,,,,,,60000.0,32767.0,90.0
365.614,-7.487609386444092,2.1996614933013916,1.506387710571289,-0.14764434099197388,-0.13052771985530853,0.9769951701164246,,,
,,,,,,,60000.0,32767.0,90.0
365.624,0.3640313744544983,0.06302689760923386,-0.7962798476219177,-0.14724111557006836,-0.14981701970100403,1.0228277444839478,,,
,,,,,,,60000.0,32767.0,90.0
365.634,4.6038031578063965,-1.3347991704940796,-1.1223583221435547,-0.1355501115322113,-0.11668714880943298,1.021990180015564,,,
,,,,,,,60000.0,32767.0,90.0
365.644,-1.3464239835739136,-0.9360315799713135,-0.9563769698143005,-0.1311897337436676,-0.09065275639295578,0.9804436564445496,,,
,,,,,,,60000.0,32767.0,90.0
365.654,-1.4446053504943848,0.22922685742378235,0.49082431197166443,-0.13260334730148315,-0.0878187045454979,0.9639076590538025,,,
,,,,,,,60000.0,32767.0,90.0
365.664,-1.1274405717849731,-0.24153250455856323,0.25441238284111023,-0.13744215667247772,-0.11257696896791458,0.9939481019973755,,,
,,,,,,,60000.0,32767.0,90.0
365.674,-0.08507244288921356,-1.7300983667373657,-1.079981803894043,-0.13539473712444305,-0.11809895187616348,1.0072481632232666,,,
,,,,,,,60000.0,32767.0,90.0
365.684,-0.25609174370765686,-0.8328058123588562,-1.7014315128326416,-0.1382431536912918,-0.10744631290435791,0.9818789958953857,,,
,,,,,,,60000.0,32767.0,90.0
365.694,-1.0692590475082397,0.19582965970039368,-1.0684013366699219,-0.14095327258110046,-0.10618838667869568,0.9619283676147461,,,
,,,,,,,60000.0,32767.0,90.0
365.704,-2.6368746757507324,0.8036653995513916,-0.8494065999984741,-0.15084123611450195,-0.11862371861934662,0.96888267993927,,,
,,,,,,,60000.0,32767.0,90.0
365.714,-2.1232402324676514,0.5706019401550293,-1.4194629192352295,-0.15713337063789368,-0.12751170992851257,0.976173996925354,,,
,,,,,,,60000.0,32767.0,90.0
365.724,-2.604290723800659,1.1899641752243042,-1.9872043132781982,-0.14968273043632507,-0.12486506998538971,0.9736883044242859,,,
,,,,,,,60000.0,32767.0,90.0
365.734,-1.3129507303237915,1.7819170951843262,-1.7913572788238525,-0.142934650182724,-0.11703766137361526,0.9759407043457031,,,
,,,,,,,60000.0,32767.0,90.0
365.744,-1.6718097925186157,1.8469467163085938,-1.9162272214889526,-0.1472339630126953,-0.11273003369569778,0.9859722256660461,,,
,,,,,,,60000.0,32767.0,90.0
365.754,-1.1339669227600098,2.11517333984375,-0.7722825407981873,-0.14344051480293274,-0.11068005114793777,0.9965818524360657,,,
,,,,,,,60000.0,29000.0,90.0
365.764,-1.6944503784179688,1.323946475982666,-0.7020398378372192,-0.14302478730678558,-0.11336363106966019,0.9958507418632507,,,
,,,,,,,61000.0,29000.0,90.0
365.774,-1.023437738418579,0.5339911580085754,-0.5039279460906982,-0.14781542122364044,-0.11527319997549057,0.9972975850105286,,,
,,,,,,,61000.0,29000.0,90.0
365.784,1.1081715822219849,-0.20570722222328186,0.28120237588882446,-0.1541975438594818,-0.11616706103086472,0.9872468709945679,,,
,,,,,,,61000.0,29000.0,90.0
365.794,-1.7486087083816528,1.077833890914917,1.0363779067993164,-0.15435034036636353,-0.12126277387142181,0.9739282727241516,,,
,,,,,,,61000.0,29000.0,90.0
365.804,-6.300097942352295,-1.205409288406372,-0.5178775787353516,-0.1562415212392807,-0.13624036312103271,0.9838603138923645,,,
,,,,,,,61000.0,29000.0,90.0
365.814,2.634713888168335,0.6615422964096069,-0.8172380328178406,-0.1579296886920929,-0.1438879817724228,0.9704893231391907,,,
,,,,,,,61000.0,29000.0,90.0
365.824,0.6689773797988892,-1.3371638059616089,-2.9529316425323486,-0.15576545894145966,-0.14661037921905518,0.994314432144165,,,
,,,,,,,61000.0,29000.0,90.0
365.834,-0.7340437769889832,-0.8906704187393188,-1.9317947626113892,-0.15637044608592987,-0.11258980631828308,0.9714113473892212,,,
,,,,,,,61000.0,29000.0,90.0
365.844,-2.8566956520080566,0.24424134194850922,-0.21171170473098755,-0.15734896063804626,-0.10645987838506699,0.9602745771408081,,,
,,,,,,,61000.0,29000.0,90.0
365.854,-2.8674440383911133,0.42489391565322876,-0.41158539056777954,-0.1499178409576416,-0.13177354633808136,0.9749720096588135,,,
,,,,,,,61000.0,27000.0,90.0
365.864,-0.5124304890632629,-0.3323468565940857,-1.6106454133987427,-0.1556239277124405,-0.1451672464609146,1.0024001598358154,,,
,,,,,,,61000.0,27000.0,90.0
365.874,2.048734664916992,-0.8264282941818237,-2.0555553436279297,-0.1538124978542328,-0.13156642019748688,1.004432201385498,,,
,,,,,,,61000.0,27000.0,90.0
365.884,1.0152086019515991,-0.8449215888977051,-0.4936642348766327,-0.15539765357971191,-0.10897303372621536,0.9780938029289246,,,
,,,,,,,61000.0,27000.0,90.0
365.894,-2.2604782581329346,0.7734862565994263,1.2790340185165405,-0.15537726879119873,-0.1054878830909729,0.9563239216804504,,,
,,,,,,,61000.0,27000.0,90.0
365.904,-3.992088556289673,0.014981305226683617,0.7896559238433838,-0.15589302778244019,-0.12833888828754425,0.9818850755691528,,,
,,,,,,,61000.0,27000.0,90.0
365.914,1.6162323951721191,-0.14318038523197174,-0.344385027885437,-0.15092721581459045,-0.13398684561252594,0.9936076402664185,,,
,,,,,,,61000.0,27000.0,90.0
365.924,1.5775139331817627,-0.7164487242698669,-1.0223820209503174,-0.14335738122463226,-0.12201648950576782,0.9969896078109741,,,
,,,,,,,61000.0,27000.0,90.0
365.934,-0.5709611177444458,-0.38082802295684814,0.24057810008525848,-0.1466011106967926,-0.09673898667097092,0.9733668565750122,,,
,,,,,,,61000.0,27000.0,90.0
365.944,-3.0610640048980713,0.7100334763526917,1.7607048749923706,-0.14824225008487701,-0.09959959238767624,0.9667497873306274,,,
,,,,,,,61000.0,27000.0,90.0
365.954,-3.1774344444274902,0.7912341356277466,1.0155787467956543,-0.14408189058303833,-0.13050805032253265,0.9867461919784546,,,
,,,,,,,61000.0,27000.0,90.0
365.964,-0.6492564678192139,0.1562853306531906,-0.7476981282234192,-0.14533962309360504,-0.1437712013721466,0.9989938139915466,,,
,,,,,,,61000.0,27000.0,90.0
365.974,1.5356864929199219,-0.2676830589771271,-1.836402177810669,-0.1466178447008133,-0.13570135831832886,0.9996798634529114,,,
,,,,,,,61000.0,27000.0,90.0
365.984,0.16258551180362701,0.09956955164670944,-1.2213865518569946,-0.14654618501663208,-0.12418662011623383,0.9786373972892761,,,
,,,,,,,61000.0,27000.0,90.0
365.994,-1.744499921798706,1.2491611242294312,-0.8286967277526855,-0.14791293442249298,-0.12085892260074615,0.968682050704956,,,
,,,,,,,61000.0,27000.0,90.0
366.004,-1.8030263185501099,1.0449663400650024,-0.9259089827537537,-0.14428278803825378,-0.13157512247562408,0.9837208986282349,,,
,,,,,,,61000.0,27000.0,90.0
366.014,-0.052926432341337204,0.3213011920452118,-1.7158771753311157,-0.13932448625564575,-0.14181168377399445,1.000690221786499,,,
,,,,,,,61000.0,24000.0,90.0
366.024,1.4713852405548096,0.0346825085580349,-1.9471330642700195,-0.1427210569381714,-0.13584594428539276,0.9961622357368469,,,
,,,,,,,62000.0,24000.0,90.0
366.034,1.7039681673049927,0.1257958859205246,-1.5690773725509644,-0.14836134016513824,-0.12301846593618393,0.9880514144897461,,,
,,,,,,,62000.0,24000.0,90.0
366.044,1.1110446453094482,-0.07276806235313416,0.20246848464012146,-0.149130716919899,-0.11763688176870346,0.9743965268135071,,,
,,,,,,,62000.0,24000.0,90.0
366.054,-2.952699661254883,0.2029552012681961,0.6131455302238464,-0.15171438455581665,-0.13000373542308807,0.9738885164260864,,,
,,,,,,,62000.0,24000.0,90.0
366.064,-2.04288911819458,0.3411131203174591,0.0884309634566307,-0.1511041522026062,-0.1457335203886032,0.9917070269584656,,,
,,,,,,,62000.0,24000.0,90.0
366.074,2.4817280769348145,0.02442508190870285,-0.9422274827957153,-0.15091216564178467,-0.15625667572021484,1.0017582178115845,,,
,,,,,,,62000.0,24000.0,90.0
366.084,3.004056453704834,-0.6204054951667786,-1.7505675554275513,-0.1536480337381363,-0.14956581592559814,0.9904452562332153,,,
,,,,,,,62000.0,24000.0,90.0
366.094,1.2392154932022095,-0.03869546577334404,-0.18342183530330658,-0.16040009260177612,-0.1246488019824028,0.973345160484314,,,
,,,,,,,62000.0,24000.0,90.0
366.104,-0.8526021838188171,1.2688194513320923,1.4961782693862915,-0.16198955476284027,-0.12188500165939331,0.9608619809150696,,,
,,,,,,,62000.0,21000.0,90.0
366.114,-0.5677335858345032,0.027332168072462082,0.9581035375595093,-0.1592002958059311,-0.14153723418712616,0.9828817248344421,,,
,,,,,,,62000.0,21000.0,90.0
366.124,3.029867172241211,0.5224478840827942,0.7930976152420044,-0.1517661064863205,-0.145172581076622,0.992397129535675,,,
,,,,,,,62000.0,21000.0,90.0
366.134,1.5543572902679443,0.03225469961762428,0.5061493515968323,-0.1502537578344345,-0.13070276379585266,0.994391679763794,,,
,,,,,,,62000.0,21000.0,90.0
366.144,0.10807770490646362,0.321964293718338,0.99411541223526,-0.15795926749706268,-0.12168290466070175,0.979152500629425,,,
,,,,,,,62000.0,21000.0,90.0
366.154,2.084372043609619,0.06424140930175781,1.4649381637573242,-0.1611820012331009,-0.13265374302864075,0.9831445217132568,,,
,,,,,,,62000.0,21000.0,90.0
366.164,2.094205856323242,-0.24888567626476288,0.7373459339141846,-0.15634793043136597,-0.14116188883781433,0.9963727593421936,,,
,,,,,,,62000.0,21000.0,90.0
366.174,2.1781136989593506,-1.1603339910507202,0.6861038208007812,-0.15783432126045227,-0.1304738074541092,0.9887703061103821,,,
,,,,,,,62000.0,21000.0,90.0
366.184,1.2982581853866577,-0.7414863109588623,1.622435212135315,-0.15994827449321747,-0.11583580076694489,0.9697408080101013,,,
,,,,,,,62000.0,22000.0,90.0
366.194,1.1663354635238647,0.6835312247276306,2.649678945541382,-0.1558476984500885,-0.11990827322006226,0.972865641117096,,,
,,,,,,,63000.0,22000.0,90.0
366.204,3.0381388664245605,-0.6429501175880432,1.3354138135910034,-0.14337646961212158,-0.12681934237480164,0.9933608174324036,,,
,,,,,,,63000.0,22000.0,90.0
366.214,3.0612952709198,-1.3053323030471802,0.6893457174301147,-0.14612387120723724,-0.11115466058254242,0.9902377724647522,,,
,,,,,,,63000.0,22000.0,90.0
366.224,2.3477230072021484,-0.7646225690841675,2.206373453140259,-0.1490495651960373,-0.09443487226963043,0.967499315738678,,,
,,,,,,,63000.0,22000.0,90.0
366.234,-0.385142982006073,0.5318589210510254,2.789193630218506,-0.14579659700393677,-0.09400824457406998,0.9608556032180786,,,
,,,,,,,63000.0,22000.0,90.0
366.244,-2.219874382019043,0.6733645796775818,2.7017221450805664,-0.14018991589546204,-0.10077603906393051,0.9725950956344604,,,
,,,,,,,63000.0,22000.0,90.0
366.254,-1.5069689750671387,0.13994812965393066,2.6667165756225586,-0.1414729356765747,-0.1127011775970459,0.9890961050987244,,,
,,,,,,,63000.0,22000.0,90.0
366.264,-1.2288974523544312,0.4439064860343933,2.1490776538848877,-0.1387086659669876,-0.12017808109521866,0.9933497905731201,,,
,,,,,,,63000.0,22000.0,90.0
366.274,0.7649951577186584,0.1736459732055664,1.294052243232727,-0.13861538469791412,-0.12282337993383408,0.9859551787376404,,,
,,,,,,,63000.0,22000.0,90.0
366.284,1.104693055152893,0.23874005675315857,0.758556067943573,-0.1416829228401184,-0.1215769350528717,0.9945099353790283,,,
,,,,,,,63000.0,22000.0,90.0
366.294,0.37377944588661194,0.49158793687820435,0.8177432417869568,-0.14340898394584656,-0.11719486117362976,0.9902880787849426,,,
,,,,,,,63000.0,22000.0,90.0
366.304,0.9914394617080688,0.8157531023025513,0.7562427520751953,-0.14636367559432983,-0.12376923114061356,0.9833657741546631,,,
,,,,,,,63000.0,22000.0,90.0
366.314,1.922404170036316,0.21259281039237976,-0.11714648455381393,-0.14507576823234558,-0.12983784079551697,0.987194299697876,,,
,,,,,,,63000.0,22000.0,90.0
366.324,2.399953603744507,-0.14079831540584564,-1.035754919052124,-0.14299923181533813,-0.12481789290904999,0.9908470511436462,,,
,,,,,,,63000.0,22000.0,90.0
366.334,2.101195812225342,-0.020085623487830162,-1.3118958473205566,-0.14481648802757263,-0.11716900020837784,0.9891380071640015,,,
,,,,,,,63000.0,22000.0,90.0
366.344,1.6154414415359497,-0.004750335123389959,-1.042595386505127,-0.14891605079174042,-0.11333499848842621,0.9831753373146057,,,
,,,,,,,63000.0,22000.0,90.0
366.354,0.9019373655319214,0.11715473979711533,-1.3303364515304565,-0.15067139267921448,-0.11765480786561966,0.980102002620697,,,
,,,,,,,63000.0,22000.0,90.0
366.364,1.6455963850021362,0.16750672459602356,-1.7600442171096802,-0.15173880755901337,-0.12339144200086594,0.9802364110946655,,,
,,,,,,,63000.0,23000.0,90.0
366.374,1.1775295734405518,-0.21723638474941254,-1.324876308441162,-0.15523037314414978,-0.11808870732784271,0.9791112542152405,,,
,,,,,,,63000.0,23000.0,90.0
366.384,0.973158061504364,0.5219279527664185,-0.6247477531433105,-0.1583082526922226,-0.11018585413694382,0.9744699001312256,,,
,,,,,,,63000.0,23000.0,90.0
366.394,0.6239114999771118,-0.007992000319063663,-0.085133396089077,-0.1535184383392334,-0.11466476321220398,0.9726492762565613,,,
,,,,,,,63000.0,23000.0,90.0
366.404,0.837179958820343,0.2197764366865158,0.4268452227115631,-0.15557101368904114,-0.1141292005777359,0.982599139213562,,,
,,,,,,,63000.0,23000.0,90.0
366.414,1.0976016521453857,0.2833033800125122,1.1582908630371094,-0.15082870423793793,-0.11027165502309799,0.9890510439872742,,,
,,,,,,,63000.0,23000.0,90.0
366.424,0.9539710283279419,-0.25668516755104065,1.316800832748413,-0.14972499012947083,-0.10895456373691559,0.987515926361084,,,
,,,,,,,63000.0,23000.0,90.0
366.434,0.9939985871315002,-0.21214579045772552,1.5549787282943726,-0.15123730897903442,-0.11033332347869873,0.9840138554573059,,,
,,,,,,,63000.0,23000.0,90.0
366.444,1.2741590738296509,-0.42132601141929626,1.8959121704101562,-0.1475316435098648,-0.11511614918708801,0.9883446097373962,,,
,,,,,,,63000.0,27000.0,90.0
366.454,1.392072081565857,-0.2860161364078522,1.3697959184646606,-0.14701347053050995,-0.1158723533153534,0.9903846383094788,,,
,,,,,,,64000.0,27000.0,90.0
366.464,0.9768730401992798,-0.4968014657497406,1.2783488035202026,-0.14451031386852264,-0.11554018408060074,0.9843146204948425,,,
,,,,,,,64000.0,27000.0,90.0
366.474,0.6598511934280396,-0.24547408521175385,0.8286256194114685,-0.14661693572998047,-0.11789534986019135,0.9769926071166992,,,
,,,,,,,64000.0,27000.0,90.0
366.484,0.10689860582351685,-0.021533191204071045,-0.28754088282585144,-0.1478734016418457,-0.12289007753133774,0.979947030544281,,,
,,,,,,,64000.0,27000.0,90.0
366.494,2.15048885345459,-1.4781088829040527,-1.6664623022079468,-0.14683154225349426,-0.12546789646148682,0.9944955706596375,,,
,,,,,,,64000.0,27000.0,90.0
366.504,4.924963474273682,0.5501140356063843,-0.5297086238861084,-0.14449697732925415,-0.10434602200984955,0.9758450984954834,,,
,,,,,,,64000.0,27000.0,90.0
366.514,-1.9969841241836548,-0.1289731115102768,0.07116933166980743,-0.14791978895664215,-0.0924050360918045,0.9759775996208191,,,
,,,,,,,64000.0,27000.0,90.0
366.524,-3.1132850646972656,0.5764380097389221,1.5816426277160645,-0.14931440353393555,-0.08812025934457779,0.9661726355552673,,,
,,,,,,,64000.0,27000.0,90.0
366.534,-0.646019458770752,1.5407640933990479,1.2043566703796387,-0.1445242017507553,-0.11900261789560318,0.9839652180671692,,,
,,,,,,,64000.0,32767.0,90.0
366.544,2.159043550491333,-0.45675262808799744,-1.446859359741211,-0.13796350359916687,-0.1324530392885208,1.0099915266036987,,,
,,,,,,,64000.0,32767.0,90.0
366.554,2.554155111312866,-0.34633535146713257,-1.1889928579330444,-0.1433303952217102,-0.1033216118812561,0.9949772357940674,,,
,,,,,,,64000.0,32767.0,90.0
366.564,-2.0632870197296143,0.465819388628006,-0.0510232150554657,-0.15181444585323334,-0.09248458594083786,0.9733902812004089,,,
,,,,,,,64000.0,32767.0,90.0
366.574,-1.1063101291656494,0.029219727963209152,-0.02282962016761303,-0.16137781739234924,-0.11637644469738007,0.9775263667106628,,,
,,,,,,,64000.0,32767.0,90.0
366.584,5.663762092590332,1.3621398210525513,-0.08968950062990189,-0.15997980535030365,-0.13145719468593597,0.9847059845924377,,,
,,,,,,,64000.0,32767.0,90.0
366.594,-1.636890172958374,-2.090989828109741,-0.8193026185035706,-0.16158081591129303,-0.11778989434242249,1.0008167028427124,,,
,,,,,,,64000.0,32767.0,90.0
366.604,-1.092698574066162,-0.021913232281804085,1.2219297885894775,-0.16420751810073853,-0.09847556799650192,0.9566133618354797,,,
,,,,,,,64000.0,32767.0,90.0
366.614,-0.319661408662796,0.6738784313201904,0.9128251075744629,-0.15874341130256653,-0.1301640421152115,0.9680845737457275,,,
,,,,,,,64000.0,32767.0,90.0
366.624,1.3791770935058594,-0.39427340030670166,-1.4417238235473633,-0.15301723778247833,-0.1494416892528534,1.0053166151046753,,,
,,,,,,,64000.0,32767.0,90.0
366.634,2.650221109390259,-1.8399516344070435,-1.391098141670227,-0.15658308565616608,-0.11837884038686752,1.0095503330230713,,,
,,,,,,,64000.0,32767.0,90.0
366.644,0.45885199308395386,-0.7997356057167053,1.2240209579467773,-0.15389801561832428,-0.09011282026767731,0.9717549085617065,,,
,,,,,,,64000.0,32767.0,90.0
366.654,-2.5951359272003174,0.3629072308540344,1.7513997554779053,-0.1499551236629486,-0.10674497485160828,0.9617729187011719,,,
,,,,,,,64000.0,32767.0,90.0
366.664,-0.7353237867355347,1.1974246501922607,2.027458667755127,-0.14957064390182495,-0.12685780227184296,0.9817249774932861,,,
,,,,,,,64000.0,32767.0,90.0
366.674,0.4426237940788269,0.3038906455039978,1.1057322025299072,-0.15161097049713135,-0.1270899474620819,1.0038334131240845,,,
,,,,,,,64000.0,32767.0,90.0
366.684,1.592732548713684,0.14616449177265167,1.6248425245285034,-0.15532878041267395,-0.11473548412322998,0.9854376912117004,,,
,,,,,,,64000.0,32767.0,90.0
366.694,-0.6670594811439514,0.9106862545013428,2.5947279930114746,-0.15586157143115997,-0.11030679941177368,0.9688572287559509,,,
,,,,,,,64000.0,32767.0,90.0
366.704,0.22685754299163818,1.758062720298767,3.272815465927124,-0.15342065691947937,-0.12069409340620041,0.9716466069221497,,,
,,,,,,,64000.0,32767.0,90.0
366.714,-0.6141950488090515,1.3045835494995117,2.646432399749756,-0.15355230867862701,-0.12557587027549744,0.9945089817047119,,,
,,,,,,,64000.0,32767.0,90.0
366.724,1.3946338891983032,0.9611291289329529,2.142900228500366,-0.1530420333147049,-0.12008588016033173,0.9999635219573975,,,
,,,,,,,64000.0,32767.0,90.0
366.734,1.643898606300354,0.8115779161453247,1.8399850130081177,-0.14981721341609955,-0.1197173222899437,0.9907705187797546,,,
,,,,,,,64000.0,32767.0,90.0
366.744,1.5355397462844849,0.4259969890117645,1.141972303390503,-0.15156887471675873,-0.11742297559976578,0.9841833710670471,,,
,,,,,,,64000.0,32767.0,90.0
366.754,1.505311131477356,0.012270472012460232,0.6696692705154419,-0.1559085249900818,-0.11495291441679001,0.987205445766449,,,
,,,,,,,64000.0,32767.0,90.0
366.764,1.04730224609375,-0.499942809343338,0.5512824654579163,-0.15673133730888367,-0.11125306040048599,0.9839242696762085,,,
,,,,,,,64000.0,32767.0,90.0
366.774,0.9360923767089844,-1.0610283613204956,-0.17767688632011414,-0.15906716883182526,-0.11273561418056488,0.9793816208839417,,,
,,,,,,,64000.0,32767.0,90.0
366.784,1.8352932929992676,-1.2483124732971191,-0.6188967823982239,-0.15704967081546783,-0.11709895730018616,0.9799513816833496,,,
,,,,,,,64000.0,37000.0,90.0
366.794,1.4095240831375122,-1.9334235191345215,-1.1393637657165527,-0.15837548673152924,-0.11698630452156067,0.982128918170929,,,
,,,,,,,64000.0,37000.0,90.0
366.804,1.339102029800415,-2.1368935108184814,-0.8333010673522949,-0.158974289894104,-0.10583730041980743,0.9764655828475952,,,
,,,,,,,64000.0,37000.0,90.0
366.814,0.9831521511077881,-1.723817229270935,-0.4935934543609619,-0.15399394929409027,-0.09654733538627625,0.9738879203796387,,,
,,,,,,,64000.0,37000.0,90.0
366.824,-0.7230815291404724,-0.4457724094390869,-0.7499289512634277,-0.14679035544395447,-0.09458691626787186,0.9740799069404602,,,
,,,,,,,64000.0,37000.0,90.0
366.834,-0.19946728646755219,-3.8338770866394043,-1.9464926719665527,-0.15254183113574982,-0.09473086148500443,1.0067546367645264,,,
,,,,,,,64000.0,37000.0,90.0
366.844,8.040863037109375,-0.9571587443351746,0.11957968026399612,-0.15795114636421204,-0.07531049102544785,0.9710217118263245,,,
,,,,,,,64000.0,37000.0,90.0
366.854,-2.4023163318634033,-1.607692837715149,1.671886682510376,-0.15409688651561737,-0.0661621242761612,0.9708930850028992,,,
,,,,,,,64000.0,37000.0,90.0
366.864,-6.933523654937744,-0.6409280300140381,3.692723274230957,-0.16933698952198029,-0.06876208633184433,0.952621340751648,,,
,,,,,,,64000.0,37000.0,90.0
366.874,-0.705479621887207,1.4105005264282227,3.7481369972229004,-0.14959970116615295,-0.11448771506547928,0.9659857749938965,,,
,,,,,,,64000.0,42000.0,90.0
366.884,-0.5606511235237122,-1.7000579833984375,-0.6639084815979004,-0.14978507161140442,-0.1524672508239746,1.0148248672485352,,,
,,,,,,,64000.0,42000.0,90.0
366.894,3.633420944213867,-1.8274972438812256,-1.0832544565200806,-0.15034936368465424,-0.110695019364357,0.9906376600265503,,,
,,,,,,,64000.0,42000.0,90.0
366.904,-2.132007598876953,-0.29740840196609497,-0.12399443984031677,-0.14422087371349335,-0.08269044756889343,0.9622583389282227,,,
,,,,,,,64000.0,42000.0,90.0
366.914,-4.878547668457031,-2.1490421295166016,-0.30125191807746887,-0.14279280602931976,-0.09935363382101059,0.9839028716087341,,,
,,,,,,,64000.0,42000.0,90.0
366.924,5.442135334014893,1.3674283027648926,0.40939000248908997,-0.1392804980278015,-0.11725320667028427,0.9875244498252869,,,
,,,,,,,64000.0,42000.0,90.0
366.934,-0.9125983119010925,-1.2358261346817017,-0.5019046068191528,-0.12728415429592133,-0.10413115471601486,1.019162654876709,,,
,,,,,,,64000.0,42000.0,90.0
366.944,-6.174122333526611,-3.621828079223633,0.3816749155521393,-0.14976780116558075,-0.08193261921405792,0.9964207410812378,,,
,,,,,,,64000.0,42000.0,90.0
366.954,1.9641793966293335,1.0037635564804077,1.6008723974227905,-0.1399117261171341,-0.11344636976718903,0.9614236354827881,,,
,,,,,,,64000.0,44000.0,90.0
366.964,-0.3411270081996918,-0.9929666519165039,-2.0056986808776855,-0.12859892845153809,-0.155306875705719,1.0093796253204346,,,
,,,,,,,64000.0,44000.0,90.0
366.974,0.6397988200187683,-2.799497604370117,-3.161898136138916,-0.14421489834785461,-0.12035498768091202,1.0153084993362427,,,
,,,,,,,64000.0,44000.0,90.0
366.984,1.183093786239624,-0.4752121865749359,-1.0109062194824219,-0.15132153034210205,-0.08934619277715683,0.9676110744476318,,,
,,,,,,,64000.0,44000.0,90.0
366.994,-4.440438270568848,-0.6779248118400574,-1.0183836221694946,-0.1433849185705185,-0.11426331102848053,0.9654299020767212,,,
,,,,,,,64000.0,44000.0,90.0
367.004,0.21432870626449585,0.4991573393344879,-1.9027948379516602,-0.15099643170833588,-0.13072046637535095,0.9801328778266907,,,
,,,,,,,64000.0,44000.0,90.0
367.014,3.0290632247924805,1.573602557182312,-1.9683260917663574,-0.13860201835632324,-0.12141931802034378,0.9908843636512756,,,
,,,,,,,64000.0,44000.0,90.0
367.024,-3.9267139434814453,-0.28134241700172424,-1.4460742473602295,-0.1496470868587494,-0.09185535460710526,0.9878247380256653,,,
,,,,,,,64000.0,44000.0,90.0
367.034,-1.9540711641311646,0.7402003407478333,1.0210840702056885,-0.15731386840343475,-0.09333417564630508,0.9610239267349243,,,
,,,,,,,64000.0,44000.0,90.0
367.044,0.873687207698822,2.077444553375244,0.12749694287776947,-0.14076542854309082,-0.1300303339958191,0.9741851687431335,,,
,,,,,,,64000.0,46000.0,90.0
367.054,-0.9117525219917297,0.23876000940799713,-1.3337953090667725,-0.14071202278137207,-0.13245292007923126,1.006821632385254,,,
,,,,,,,64000.0,46000.0,90.0
367.064,-0.42049291729927063,-0.3988514244556427,0.4626113176345825,-0.1575482189655304,-0.09745243191719055,0.9942086935043335,,,
,,,,,,,64000.0,46000.0,90.0
367.074,-0.4517096281051636,0.6703975200653076,1.8058096170425415,-0.15616169571876526,-0.10457668453454971,0.9674921035766602,,,
,,,,,,,64000.0,46000.0,90.0
367.084,-2.623274087905884,1.6672422885894775,1.1669424772262573,-0.1477784365415573,-0.1367737501859665,0.9749205708503723,,,
,,,,,,,64000.0,46000.0,90.0
367.094,-2.048901319503784,-1.400415062904358,-0.49229225516319275,-0.15279249846935272,-0.1412741243839264,1.0145798921585083,,,
,,,,,,,64000.0,46000.0,90.0
367.104,2.8209259510040283,-3.434685468673706,-0.44468459486961365,-0.1613030880689621,-0.1274864822626114,1.0186231136322021,,,
,,,,,,,64000.0,46000.0,90.0
367.114,4.0882954597473145,-1.2299888134002686,0.6903775930404663,-0.152828648686409,-0.10926998406648636,0.9670003652572632,,,
,,,,,,,64000.0,46000.0,90.0
367.124,-2.812492609024048,0.6433770656585693,2.4000978469848633,-0.1442827433347702,-0.09312424063682556,0.9479237198829651,,,
,,,,,,,64000.0,46000.0,90.0
367.134,-6.553584575653076,-0.33967795968055725,2.876530647277832,-0.154864102602005,-0.10160297155380249,0.9743462204933167,,,
,,,,,,,64000.0,47000.0,90.0
367.144,-1.334246039390564,-0.6437747478485107,1.8305317163467407,-0.15808548033237457,-0.1341405212879181,0.9930800795555115,,,
,,,,,,,64000.0,47000.0,90.0
367.154,2.1837496757507324,-0.9896558523178101,-0.4721760153770447,-0.14638322591781616,-0.1504959911108017,0.9963750243186951,,,
,,,,,,,64000.0,47000.0,90.0
367.164,0.684817910194397,-1.0308113098144531,-1.0160176753997803,-0.1438664048910141,-0.11804869771003723,0.9868425726890564,,,
,,,,,,,64000.0,47000.0,90.0
367.174,-1.3375005722045898,-1.3506931066513062,0.11816944181919098,-0.14802154898643494,-0.09265580773353577,0.9840607643127441,,,
,,,,,,,64000.0,47000.0,90.0
367.184,-0.24515853822231293,-0.42405277490615845,1.5047210454940796,-0.1524556279182434,-0.10717552155256271,0.9724787473678589,,,
,,,,,,,64000.0,47000.0,90.0
367.194,0.6382919549942017,0.9031431078910828,1.8164722919464111,-0.14652977883815765,-0.12471045553684235,0.9758110642433167,,,
,,,,,,,64000.0,47000.0,90.0
367.204,-0.9709968566894531,0.20899687707424164,1.455811619758606,-0.1426939070224762,-0.11965015530586243,0.9975906610488892,,,
,,,,,,,64000.0,47000.0,90.0
367.214,-1.642302393913269,-0.9169110059738159,1.787649154663086,-0.14286598563194275,-0.11119965463876724,1.0032445192337036,,,
,,,,,,,64000.0,47000.0,90.0
367.224,1.0160776376724243,-0.7073971629142761,1.1832715272903442,-0.1404682993888855,-0.12262096256017685,0.9933760166168213,,,
,,,,,,,64000.0,47000.0,90.0
367.234,2.4853897094726562,-1.0154286623001099,0.011261191219091415,-0.13488216698169708,-0.1259300261735916,0.9944268465042114,,,
,,,,,,,64000.0,47000.0,90.0
367.244,0.7918574213981628,-1.2883743047714233,0.4020118713378906,-0.1405087113380432,-0.1029045432806015,0.9973730444908142,,,
,,,,,,,64000.0,47000.0,90.0
367.254,-1.2174437046051025,-1.2777676582336426,1.553304672241211,-0.14604328572750092,-0.08848933130502701,0.9819833040237427,,,
,,,,,,,64000.0,47000.0,90.0
367.264,-0.8690242171287537,0.08125300705432892,1.7935163974761963,-0.14259982109069824,-0.11290714889764786,0.9657697081565857,,,
,,,,,,,64000.0,47000.0,90.0
367.274,0.12073411047458649,0.9986704587936401,0.11716918647289276,-0.13732199370861053,-0.1296750158071518,0.9780866503715515,,,
,,,,,,,64000.0,47000.0,90.0
367.284,0.7149469256401062,-0.1145026907324791,-1.3296233415603638,-0.14251886308193207,-0.11988198012113571,0.9972898364067078,,,
,,,,,,,64000.0,47000.0,90.0
367.294,0.922829806804657,-0.5289449095726013,-1.2199913263320923,-0.1502954214811325,-0.10094404220581055,0.9861852526664734,,,
,,,,,,,64000.0,47000.0,90.0
367.304,0.0068503571674227715,0.6409133076667786,-0.34313639998435974,-0.15335218608379364,-0.09574959427118301,0.9609225392341614,,,
,,,,,,,64000.0,47000.0,90.0
367.314,-0.8713152408599854,1.8363758325576782,-0.28790372610092163,-0.14736860990524292,-0.10402821004390717,0.962080180644989,,,
,,,,,,,64000.0,47000.0,90.0
367.324,-2.1158902645111084,1.5730347633361816,0.04460733383893967,-0.1494833081960678,-0.10068482160568237,0.9876202940940857,,,
,,,,,,,64000.0,47000.0,90.0
367.334,-1.2049795389175415,1.0089142322540283,0.47357645630836487,-0.15368665754795074,-0.09854304045438766,0.9971392750740051,,,
,,,,,,,64000.0,47000.0,90.0
367.344,0.2580082416534424,0.2039903700351715,0.34777402877807617,-0.14638979732990265,-0.11125720292329788,0.9957500100135803,,,
,,,,,,,64000.0,47000.0,90.0
367.354,0.7293715476989746,-0.36851826310157776,-0.4803934693336487,-0.14149877429008484,-0.11307839304208755,0.9937247633934021,,,
,,,,,,,64000.0,47000.0,90.0
367.364,-0.04197632521390915,-0.8556485176086426,-0.2877626121044159,-0.14917349815368652,-0.09914206713438034,0.9883180260658264,,,
,,,,,,,64000.0,47000.0,90.0
367.374,-0.7580040097236633,-0.569176197052002,0.43223798274993896,-0.15133818984031677,-0.0942973867058754,0.9823657274246216,,,
,,,,,,,64000.0,47000.0,90.0
367.384,-1.3639661073684692,-0.2611512243747711,0.6337888240814209,-0.14584879577159882,-0.1089896634221077,0.9786772727966309,,,
,,,,,,,64000.0,44000.0,90.0
367.394,-1.3648362159729004,-0.02126590721309185,-0.548424243927002,-0.1397305428981781,-0.12152620404958725,0.9829574823379517,,,
,,,,,,,64000.0,44000.0,90.0
367.404,-1.22894287109375,-0.5037322640419006,-1.0314077138900757,-0.1424427479505539,-0.1229119673371315,0.9878868460655212,,,
,,,,,,,64000.0,44000.0,90.0
367.414,0.09469487518072128,-0.5773208737373352,-1.6534502506256104,-0.14790944755077362,-0.12159804999828339,0.9807906746864319,,,
,,,,,,,64000.0,44000.0,90.0
367.424,0.5440157055854797,-1.2752821445465088,-2.001868486404419,-0.1470666229724884,-0.12076280266046524,0.9827114343643188,,,
,,,,,,,64000.0,44000.0,90.0
367.434,0.7080725431442261,-2.715324878692627,-1.7811530828475952,-0.15216472744941711,-0.11137846857309341,0.9854145646095276,,,
,,,,,,,64000.0,44000.0,90.0
367.444,0.8780736327171326,4.426892280578613,0.42955318093299866,-0.13488984107971191,-0.09669935703277588,0.9293359518051147,,,
,,,,,,,64000.0,44000.0,90.0
367.454,-9.524842262268066,2.0263664722442627,-0.07187309861183167,-0.12223433703184128,-0.10685518383979797,0.9841427206993103,,,
,,,,,,,64000.0,44000.0,90.0
367.464,-5.97652006149292,-2.1928040981292725,-2.3133623600006104,-0.14485077559947968,-0.1348797082901001,1.034995436668396,,,
,,,,,,,64000.0,40000.0,90.0
367.474,10.333032608032227,-0.3461900055408478,-3.5897324085235596,-0.13505296409130096,-0.14619922637939453,1.0113482475280762,,,
,,,,,,,64000.0,40000.0,90.0
367.484,2.415311098098755,-0.5717958211898804,-4.2409892082214355,-0.12465675920248032,-0.10184859484434128,0.9866630434989929,,,
,,,,,,,64000.0,40000.0,90.0
367.494,-7.307542324066162,-0.9211400747299194,0.440970778465271,-0.1547960340976715,-0.039779625833034515,0.9620981812477112,,,
,,,,,,,64000.0,40000.0,90.0
367.504,-4.622998237609863,1.1675652265548706,4.57935905456543,-0.169940784573555,-0.08504053950309753,0.9633746147155762,,,
,,,,,,,64000.0,40000.0,90.0
367.514,-0.7438470125198364,3.188225269317627,2.393073320388794,-0.14863015711307526,-0.16212914884090424,0.9679502248764038,,,
,,,,,,,64000.0,40000.0,90.0
367.524,-5.256223201751709,0.3992517292499542,-1.391614317893982,-0.13741621375083923,-0.15448734164237976,1.008069396018982,,,
,,,,,,,64000.0,40000.0,90.0
367.534,-3.953547239303589,-4.1880011558532715,-2.8481647968292236,-0.16575904190540314,-0.12415521591901779,1.0243204832077026,,,
,,,,,,,64000.0,40000.0,90.0
367.544,10.227385520935059,1.9620083570480347,-1.7078717947006226,-0.1560044288635254,-0.12401832640171051,0.9566485285758972,,,
,,,,,,,64000.0,40000.0,90.0
367.554,-0.12670773267745972,1.081626057624817,-3.2267260551452637,-0.1347346007823944,-0.11913031339645386,0.9793267250061035,,,
,,,,,,,64000.0,36000.0,90.0
367.564,-7.311000823974609,-1.2017674446105957,-1.7504175901412964,-0.15957720577716827,-0.06572534888982773,0.9890343546867371,,,
,,,,,,,64000.0,36000.0,90.0
367.574,-0.6488332748413086,2.8214566707611084,1.854914665222168,-0.15710364282131195,-0.08129767328500748,0.9594918489456177,,,
,,,,,,,64000.0,36000.0,90.0
367.584,-3.1589343547821045,-1.2790242433547974,-1.5338743925094604,-0.15256117284297943,-0.14745470881462097,1.0049610137939453,,,
,,,,,,,64000.0,36000.0,90.0
367.594,2.4501168727874756,2.3575820922851562,-2.133329153060913,-0.1449647843837738,-0.13508258759975433,0.9846751689910889,,,
,,,,,,,64000.0,36000.0,90.0
367.604,-5.554348468780518,-2.0601134300231934,-2.8749356269836426,-0.14774012565612793,-0.11293932050466537,1.017375111579895,,,
,,,,,,,64000.0,36000.0,90.0
367.614,-0.16431725025177002,0.8132922053337097,-1.0511326789855957,-0.1638488620519638,-0.10921841859817505,0.9663817882537842,,,
,,,,,,,64000.0,36000.0,90.0
367.624,2.7511215209960938,1.4238840341567993,-0.918422281742096,-0.1437101811170578,-0.13795647025108337,0.9815217852592468,,,
,,,,,,,64000.0,36000.0,90.0
367.634,-4.065707206726074,-2.4287524223327637,-3.1789369583129883,-0.1493561714887619,-0.12993080914020538,1.0158275365829468,,,
,,,,,,,64000.0,36000.0,90.0
367.644,1.6828056573867798,1.3286162614822388,0.3673596680164337,-0.1445799320936203,-0.0906105637550354,0.9689400792121887,,,
,,,,,,,64000.0,32767.0,90.0
367.654,-3.1582553386688232,0.2827640175819397,0.10175932943820953,-0.14635232090950012,-0.1171816810965538,0.9804977178573608,,,
,,,,,,,64000.0,32767.0,90.0
367.664,0.03738214448094368,1.0546807050704956,-0.358702152967453,-0.14713770151138306,-0.1375419795513153,0.9786766171455383,,,
,,,,,,,64000.0,32767.0,90.0
367.674,1.442331075668335,-0.09235221892595291,-0.7709571123123169,-0.1465427279472351,-0.13239233195781708,1.0063973665237427,,,
,,,,,,,64000.0,32767.0,90.0
367.684,0.4384330213069916,0.09728419780731201,-0.36356595158576965,-0.1504969596862793,-0.11117415875196457,0.9798943400382996,,,
,,,,,,,64000.0,32767.0,90.0
367.694,-2.2938590049743652,1.92786705493927,1.3513648509979248,-0.14628738164901733,-0.11429285258054733,0.9527004361152649,,,
,,,,,,,64000.0,32767.0,90.0
367.704,-5.269663333892822,1.824666142463684,0.0442916601896286,-0.15322883427143097,-0.14685191214084625,0.97259920835495,,,
,,,,,,,64000.0,32767.0,90.0
367.714,0.13750357925891876,0.908187747001648,-1.1851881742477417,-0.15387797355651855,-0.15828350186347961,0.9993243217468262,,,
,,,,,,,64000.0,32767.0,90.0
367.724,2.383107900619507,-0.2958623766899109,-2.682194471359253,-0.15428867936134338,-0.1515640765428543,1.0072475671768188,,,
,,,,,,,64000.0,30000.0,90.0
367.734,1.9482795000076294,0.13585658371448517,-1.9394668340682983,-0.15043532848358154,-0.1309959590435028,0.9801955819129944,,,
,,,,,,,64000.0,30000.0,90.0
367.744,-1.7164280414581299,1.1051653623580933,-0.6289517283439636,-0.15857946872711182,-0.11740777641534805,0.9695945978164673,,,
,,,,,,,64000.0,30000.0,90.0
367.754,-1.5038923025131226,0.7506455183029175,1.0451862812042236,-0.16222910583019257,-0.12754429876804352,0.9828884601593018,,,
,,,,,,,64000.0,30000.0,90.0
367.764,1.2036635875701904,-1.2988790273666382,0.20583969354629517,-0.15918627381324768,-0.14519894123077393,1.0039440393447876,,,
,,,,,,,64000.0,30000.0,90.0
367.774,3.9512760639190674,0.2503384053707123,0.2126583307981491,-0.1486302614212036,-0.13653968274593353,0.9806981086730957,,,
,,,,,,,64000.0,30000.0,90.0
367.784,-1.8684730529785156,-2.0079493522644043,-0.2509322762489319,-0.15457728505134583,-0.12298818677663803,0.9842796921730042,,,
,,,,,,,64000.0,30000.0,90.0
367.794,1.9042952060699463,0.6551210880279541,1.880584955215454,-0.16302932798862457,-0.11493510752916336,0.9628604054450989,,,
,,,,,,,64000.0,30000.0,90.0
367.804,0.7465696334838867,-0.6420987248420715,1.2554558515548706,-0.15975522994995117,-0.13623471558094025,0.9873308539390564,,,
,,,,,,,64000.0,30000.0,90.0
367.814,0.05558010935783386,-0.5545961856842041,1.2976089715957642,-0.15831905603408813,-0.12573884427547455,0.9816349148750305,,,
,,,,,,,64000.0,30000.0,90.0
367.824,0.4699704051017761,-0.4420977532863617,2.1182475090026855,-0.15997475385665894,-0.11320987343788147,0.9755139350891113,,,
,,,,,,,64000.0,30000.0,90.0
367.834,-0.5289987921714783,0.08411568403244019,2.226470947265625,-0.15664227306842804,-0.1183202788233757,0.9702187180519104,,,
,,,,,,,64000.0,30000.0,90.0
367.844,0.09103203564882278,-0.0989094078540802,1.8733576536178589,-0.1552279144525528,-0.12443959712982178,0.9846153855323792,,,
,,,,,,,64000.0,30000.0,90.0
367.854,2.0714385509490967,-0.5011493563652039,2.0352184772491455,-0.15410955250263214,-0.11918393522500992,0.9899226427078247,,,
,,,,,,,64000.0,30000.0,90.0
367.864,0.5056313872337341,-0.23047710955142975,1.774255394935608,-0.14703956246376038,-0.10643080621957779,0.9831430912017822,,,
,,,,,,,64000.0,30000.0,90.0
367.874,0.9469523429870605,0.2228683978319168,1.944132685661316,-0.14168553054332733,-0.10254548490047455,0.976077139377594,,,
,,,,,,,64000.0,30000.0,90.0
367.884,0.5450915098190308,-0.36661243438720703,1.5108494758605957,-0.14134564995765686,-0.11428496986627579,0.987240731716156,,,
,,,,,,,64000.0,30000.0,90.0
367.894,1.1030291318893433,-0.7196696996688843,0.8704332709312439,-0.1454818695783615,-0.11847895383834839,0.9908823370933533,,,
,,,,,,,64000.0,29000.0,90.0
367.904,0.8823764324188232,-0.41781070828437805,0.8682084679603577,-0.14981278777122498,-0.11287965625524521,0.9820328950881958,,,
,,,,,,,64000.0,29000.0,90.0
367.914,0.06350856274366379,-0.4999862015247345,0.7260909676551819,-0.1469474732875824,-0.1086939349770546,0.9761298298835754,,,
,,,,,,,64000.0,29000.0,90.0
367.924,0.003891606815159321,-1.0735878944396973,0.8405560851097107,-0.14370661973953247,-0.1138138622045517,0.9819637537002563,,,
,,,,,,,64000.0,29000.0,90.0
367.934,-0.010652334429323673,-0.33365750312805176,0.1478978544473648,-0.1449640542268753,-0.11566580086946487,0.9855565428733826,,,
,,,,,,,64000.0,29000.0,90.0
367.944,-1.1740527153015137,-1.019393801689148,-0.40885868668556213,-0.14323106408119202,-0.11158787459135056,0.9898046255111694,,,
,,,,,,,64000.0,29000.0,90.0
367.954,0.4947901666164398,-0.9395051002502441,-0.5182240009307861,-0.13989904522895813,-0.10582732409238815,0.9792465567588806,,,
,,,,,,,64000.0,29000.0,90.0
367.964,0.39222878217697144,-0.625324547290802,-0.8448105454444885,-0.1406858116388321,-0.1113719567656517,0.9836536049842834,,,
,,,,,,,64000.0,29000.0,90.0
367.974,0.3127564787864685,-0.6243007183074951,-0.991480827331543,-0.14271000027656555,-0.11458570510149002,0.984490156173706,,,
,,,,,,,64000.0,29000.0,90.0
367.984,-0.2816748321056366,-0.11054287105798721,-0.5768478512763977,-0.14796748757362366,-0.11372429132461548,0.9798673391342163,,,
,,,,,,,64000.0,29000.0,90.0
367.994,-0.3829858601093292,-0.3307114541530609,-0.5871635675430298,-0.151437908411026,-0.11907505989074707,0.9774906635284424,,,
,,,,,,,65000.0,29000.0,90.0
368.004,-0.5591120719909668,0.25111016631126404,-1.1667120456695557,-0.149911567568779,-0.12286137789487839,0.9808322191238403,,,
,,,,,,,65000.0,29000.0,90.0
368.014,0.11408178508281708,0.1684129536151886,-1.1646790504455566,-0.14760053157806396,-0.12606970965862274,0.9856369495391846,,,
,,,,,,,65000.0,29000.0,90.0
368.024,-0.398760586977005,0.5010408759117126,-1.113831639289856,-0.15394946932792664,-0.1229546070098877,0.9878289103507996,,,
,,,,,,,65000.0,29000.0,90.0
368.034,-0.2446449100971222,0.3873474895954132,-0.2394835650920868,-0.15754364430904388,-0.11922502517700195,0.9830837845802307,,,
,,,,,,,65000.0,29000.0,90.0
368.044,-0.2661939561367035,0.8298318386077881,-0.013520917855203152,-0.1493900567293167,-0.122630774974823,0.9790120124816895,,,
,,,,,,,65000.0,29000.0,90.0
368.054,-0.33616259694099426,0.6772541403770447,0.04719436913728714,-0.147884339094162,-0.12399294227361679,0.9857633113861084,,,
,,,,,,,65000.0,29000.0,90.0
368.064,-0.22088143229484558,0.6112269759178162,-0.09407352656126022,-0.1500285565853119,-0.11981307715177536,0.9872745871543884,,,
,,,,,,,65000.0,29000.0,90.0
368.074,0.021869460120797157,0.10081912577152252,0.7061595916748047,-0.15249501168727875,-0.11686732620000839,0.987504243850708,,,
,,,,,,,65000.0,29000.0,90.0
368.084,-0.24772724509239197,0.6434652209281921,1.0931366682052612,-0.15066121518611908,-0.11988905072212219,0.9860981702804565,,,
,,,,,,,65000.0,29000.0,90.0
368.094,0.113984614610672,0.9759769439697266,1.1488356590270996,-0.1458054631948471,-0.1302134096622467,0.9847586750984192,,,
,,,,,,,65000.0,29000.0,90.0
368.104,0.5256726145744324,0.13431933522224426,0.059753693640232086,-0.15036813914775848,-0.1330307573080063,0.9878709316253662,,,
,,,,,,,65000.0,29000.0,90.0
368.114,0.870294988155365,-0.22770074009895325,0.4593348503112793,-0.15722860395908356,-0.12336672842502594,0.9826963543891907,,,
,,,,,,,65000.0,29000.0,90.0
368.124,0.7900186777114868,-0.36105090379714966,0.6281987428665161,-0.15312963724136353,-0.11996001750230789,0.9760363698005676,,,
,,,,,,,65000.0,29000.0,90.0
368.134,0.6781447529792786,0.0002654255658853799,0.43368399143218994,-0.14454910159111023,-0.12097615748643875,0.980646014213562,,,
,,,,,,,65000.0,29000.0,90.0
368.144,0.630362868309021,-0.441313773393631,0.3381997048854828,-0.14061638712882996,-0.1130371168255806,0.9859235882759094,,,
,,,,,,,65000.0,29000.0,90.0
368.154,0.38209038972854614,-0.2451622188091278,0.24275493621826172,-0.14038079977035522,-0.10819138586521149,0.9897481203079224,,,
,,,,,,,65000.0,29000.0,90.0
368.164,0.4228969216346741,0.05613362416625023,0.2260725498199463,-0.14150160551071167,-0.11264137923717499,0.9881687164306641,,,
,,,,,,,65000.0,29000.0,90.0
368.174,0.2963474988937378,-0.07456881552934647,0.017645172774791718,-0.14207671582698822,-0.11491211503744125,0.9839580655097961,,,
,,,,,,,65000.0,29000.0,90.0
368.184,0.05515804514288902,-0.17191599309444427,-0.25179603695869446,-0.14181458950042725,-0.11405114829540253,0.9800483584403992,,,
,,,,,,,65000.0,29000.0,90.0
368.194,-1.170203685760498,0.6714016795158386,0.2885671854019165,-0.14988075196743011,-0.11064499616622925,0.9726207256317139,,,
,,,,,,,65000.0,29000.0,90.0
368.204,-0.31556931138038635,0.7128798365592957,0.10156207531690598,-0.1586201786994934,-0.12236858159303665,0.978224515914917,,,
,,,,,,,65000.0,29000.0,90.0
368.214,-0.006896493956446648,0.606286346912384,-0.40531647205352783,-0.15990953147411346,-0.13134551048278809,0.9864158630371094,,,
,,,,,,,65000.0,29000.0,90.0
368.224,0.5406458973884583,0.4718601405620575,-0.675008237361908,-0.16210150718688965,-0.12504395842552185,0.9795785546302795,,,
,,,,,,,65000.0,29000.0,90.0
368.234,0.4934282600879669,1.1740211248397827,0.15308544039726257,-0.158663809299469,-0.11879982799291611,0.9764608144760132,,,
,,,,,,,65000.0,29000.0,90.0
368.244,0.5864543318748474,0.9206627607345581,0.18768469989299774,-0.15198644995689392,-0.12094367295503616,0.9842649698257446,,,
,,,,,,,65000.0,30000.0,90.0
368.254,0.38443753123283386,0.7741104364395142,-0.12868592143058777,-0.1479174643754959,-0.11183890700340271,0.9905710220336914,,,
,,,,,,,65000.0,30000.0,90.0
368.264,-0.12639638781547546,0.30863845348358154,0.7475825548171997,-0.14431799948215485,-0.10238739103078842,0.9918249845504761,,,
,,,,,,,65000.0,30000.0,90.0
368.274,-0.012982196174561977,0.10696747899055481,1.258164405822754,-0.14294449985027313,-0.10663272440433502,0.987268328666687,,,
,,,,,,,65000.0,30000.0,90.0
368.284,-1.6661908626556396,-0.5443435907363892,1.154626727104187,-0.14109331369400024,-0.11657337099313736,0.9894627928733826,,,
,,,,,,,65000.0,30000.0,90.0
368.294,-1.0168637037277222,-0.4160284698009491,0.9914308786392212,-0.14580729603767395,-0.11931030452251434,0.9895540475845337,,,
,,,,,,,65000.0,30000.0,90.0
368.304,-0.44821780920028687,0.07762208580970764,1.2048122882843018,-0.15180888772010803,-0.12406260520219803,0.9923959374427795,,,
,,,,,,,65000.0,30000.0,90.0
368.314,0.7076125741004944,-0.13917991518974304,0.7676377892494202,-0.15579383075237274,-0.13363784551620483,0.9861652255058289,,,
,,,,,,,65000.0,30000.0,90.0
368.324,0.8632769584655762,0.27720406651496887,-0.0805472731590271,-0.15923252701759338,-0.13878154754638672,0.9833394289016724,,,
,,,,,,,65000.0,30000.0,90.0
368.334,0.9801375269889832,0.8516380786895752,-0.41326871514320374,-0.163704514503479,-0.13347075879573822,0.973045289516449,,,
,,,,,,,65000.0,30000.0,90.0
368.344,1.5118695497512817,0.79006028175354,-0.16892185807228088,-0.16224905848503113,-0.1323864758014679,0.9672228097915649,,,
,,,,,,,65000.0,30000.0,90.0
368.354,1.6457960605621338,1.2944707870483398,-0.531413197517395,-0.1566341370344162,-0.1298675388097763,0.9733869433403015,,,
,,,,,,,65000.0,30000.0,90.0
368.364,1.3557888269424438,1.087132215499878,-0.6627078652381897,-0.14964650571346283,-0.11530402302742004,0.9844247698783875,,,
,,,,,,,65000.0,30000.0,90.0
368.374,0.659110426902771,0.5960192084312439,-0.0990685224533081,-0.14365316927433014,-0.09819669276475906,0.9843975901603699,,,
,,,,,,,65000.0,30000.0,90.0
368.384,-0.25043222308158875,0.5109809637069702,0.3344196081161499,-0.14000706374645233,-0.10342948883771896,0.9884578585624695,,,
,,,,,,,65000.0,30000.0,90.0
368.394,0.4034683406352997,0.751514196395874,0.5972741842269897,-0.14073336124420166,-0.11521342396736145,0.9961323738098145,,,
,,,,,,,65000.0,30000.0,90.0
368.404,1.0609065294265747,-0.5658000111579895,0.4366069436073303,-0.15120360255241394,-0.11391650140285492,1.0060255527496338,,,
,,,,,,,65000.0,30000.0,90.0
368.414,0.7071466445922852,-1.056411623954773,1.0739675760269165,-0.1583617925643921,-0.11095108836889267,0.9917073845863342,,,
,,,,,,,65000.0,30000.0,90.0
368.424,0.27868780493736267,-0.15499499440193176,1.1885390281677246,-0.15774321556091309,-0.11833842098712921,0.9730322360992432,,,
,,,,,,,65000.0,30000.0,90.0
368.434,0.020485376939177513,-0.13940423727035522,0.9132011532783508,-0.16077926754951477,-0.11909392476081848,0.9675655961036682,,,
,,,,,,,65000.0,30000.0,90.0
368.444,-0.0669536292552948,-0.2955999970436096,1.0532312393188477,-0.16744418442249298,-0.11945012956857681,0.9697021245956421,,,
,,,,,,,65000.0,30000.0,90.0
368.454,0.8374336957931519,0.44179531931877136,0.8407256007194519,-0.16242296993732452,-0.11687058955430984,0.9734496474266052,,,
,,,,,,,65000.0,30000.0,90.0
368.464,0.2836626172065735,0.4160101115703583,0.17601314187049866,-0.1574624627828598,-0.11335870623588562,0.9704188108444214,,,
,,,,,,,65000.0,30000.0,90.0
368.474,0.11185714602470398,0.707910418510437,0.44982823729515076,-0.15801014006137848,-0.10259835422039032,0.9758477210998535,,,
,,,,,,,65000.0,30000.0,90.0
368.484,0.01837773621082306,0.8550147414207458,0.7316652536392212,-0.15408605337142944,-0.0982896238565445,0.9826897978782654,,,
,,,,,,,65000.0,30000.0,90.0
368.494,-0.2859232425689697,0.5663807988166809,0.5417634844779968,-0.15255899727344513,-0.10496357828378677,0.9843247532844543,,,
,,,,,,,65000.0,32767.0,90.0
368.504,-0.5890531539916992,0.21262963116168976,0.4240231513977051,-0.15277336537837982,-0.10065910220146179,0.9815499186515808,,,
,,,,,,,65000.0,32767.0,90.0
368.514,-0.6848095059394836,-0.5738325119018555,0.8397725820541382,-0.15322603285312653,-0.0954166129231453,0.9812941551208496,,,
,,,,,,,65000.0,32767.0,90.0
368.524,-1.9218865633010864,-0.02578042820096016,0.9129943251609802,-0.1487312763929367,-0.10358002036809921,0.981884777545929,,,
,,,,,,,65000.0,32767.0,90.0
368.534,-2.1639552116394043,-2.220089912414551,-0.26899686455726624,-0.14678828418254852,-0.11171584576368332,0.9978004693984985,,,
,,,,,,,65000.0,32767.0,90.0
368.544,1.1161702871322632,0.255194753408432,1.3972599506378174,-0.1493481695652008,-0.09368795901536942,0.9718680381774902,,,
,,,,,,,65000.0,32767.0,90.0
368.554,-3.380793809890747,-2.39982008934021,1.2059869766235352,-0.14424847066402435,-0.09919152408838272,0.9919435381889343,,,
,,,,,,,65000.0,32767.0,90.0
368.564,-3.3843157291412354,-0.36791491508483887,2.0003607273101807,-0.14367341995239258,-0.10293127596378326,0.9728004932403564,,,
,,,,,,,65000.0,32767.0,90.0
368.574,-1.6657130718231201,-0.9871351718902588,0.8073503971099854,-0.14225967228412628,-0.11311440169811249,0.9861871004104614,,,
,,,,,,,65000.0,32767.0,90.0
368.584,-1.2235593795776367,-0.3152931332588196,-0.38067910075187683,-0.14030355215072632,-0.11416086554527283,0.9865157604217529,,,
,,,,,,,65000.0,41000.0,90.0
368.594,-0.9735046625137329,-0.5472826957702637,-0.5228954553604126,-0.13944728672504425,-0.09935807436704636,0.9833283424377441,,,
,,,,,,,65000.0,41000.0,90.0
368.604,-2.2266807556152344,0.573782205581665,-0.7217732071876526,-0.13649220764636993,-0.09800609946250916,0.9685490131378174,,,
,,,,,,,65000.0,41000.0,90.0
368.614,-4.519501209259033,1.249175786972046,-0.9601327776908875,-0.1389673948287964,-0.11188071221113205,0.9714379906654358,,,
,,,,,,,65000.0,41000.0,90.0
368.624,-3.9866623878479004,2.6292026042938232,-2.7743237018585205,-0.14279797673225403,-0.14074720442295074,0.9821625351905823,,,
,,,,,,,65000.0,41000.0,90.0
368.634,-1.92767333984375,-1.2630094289779663,-6.0915632247924805,-0.1461637169122696,-0.16431452333927155,1.0338172912597656,,,
,,,,,,,65000.0,41000.0,90.0
368.644,9.176294326782227,0.02849026583135128,-4.9962873458862305,-0.16393619775772095,-0.13155558705329895,1.001893401145935,,,
,,,,,,,65000.0,41000.0,90.0
368.654,2.170273542404175,3.0774524211883545,-1.3219332695007324,-0.15089266002178192,-0.08496361970901489,0.9520769715309143,,,
,,,,,,,65000.0,41000.0,90.0
368.664,-15.67824935913086,0.451983243227005,1.33790922164917,-0.16662229597568512,-0.07969542592763901,0.9565495848655701,,,
,,,,,,,65000.0,44000.0,90.0
368.674,-4.524305820465088,3.9633140563964844,3.0150065422058105,-0.16937917470932007,-0.13892222940921783,0.9623789191246033,,,
,,,,,,,65000.0,44000.0,90.0
368.684,3.502889633178711,1.9245920181274414,-2.2791895866394043,-0.1435345560312271,-0.2090078592300415,1.0289733409881592,,,
,,,,,,,65000.0,44000.0,90.0
368.694,1.6351491212844849,-3.4504406452178955,-5.587814807891846,-0.15522944927215576,-0.1527680903673172,1.042340874671936,,,
,,,,,,,65000.0,44000.0,90.0
368.704,2.837759017944336,0.14403744041919708,-0.28237494826316833,-0.17098405957221985,-0.06843031197786331,0.9549385905265808,,,
,,,,,,,65000.0,44000.0,90.0
368.714,-5.7512054443359375,0.9757852554321289,2.7309694290161133,-0.16344162821769714,-0.09697186946868896,0.9499936103820801,,,
,,,,,,,65000.0,44000.0,90.0
368.724,-2.7611305713653564,0.17076009511947632,1.6047903299331665,-0.17243453860282898,-0.14299112558364868,0.9834484457969666,,,
,,,,,,,65000.0,44000.0,90.0
368.734,5.341702461242676,1.2216323614120483,1.3260234594345093,-0.15294134616851807,-0.14532588422298431,0.9987975358963013,,,
,,,,,,,65000.0,44000.0,90.0
368.744,-3.814103841781616,-1.9863590002059937,0.5266317129135132,-0.15778180956840515,-0.12324877828359604,0.9992721080780029,,,
,,,,,,,65000.0,48000.0,90.0
368.754,-1.7126569747924805,-0.9922842383384705,2.309309720993042,-0.17197418212890625,-0.1100166067481041,0.9560545682907104,,,
,,,,,,,65000.0,48000.0,90.0
368.764,3.2477529048919678,1.54439377784729,2.096914052963257,-0.15895381569862366,-0.14752717316150665,0.9561917781829834,,,
,,,,,,,65000.0,48000.0,90.0
368.774,-0.9709550738334656,-0.18518897891044617,-0.6523975133895874,-0.1489066332578659,-0.150142103433609,0.9966712594032288,,,
,,,,,,,65000.0,48000.0,90.0
368.784,-2.272465229034424,0.09467878192663193,0.1595858931541443,-0.1551414132118225,-0.10255537927150726,0.9829084277153015,,,
,,,,,,,65000.0,48000.0,90.0
368.794,-1.5099947452545166,-0.006853004917502403,-0.2095232903957367,-0.1469482034444809,-0.11619317531585693,0.9843926429748535,,,
,,,,,,,65000.0,48000.0,90.0
368.804,2.931116819381714,-2.556896448135376,-2.1740221977233887,-0.14828109741210938,-0.14535507559776306,1.0144885778427124,,,
,,,,,,,65000.0,48000.0,90.0
368.814,7.659903526306152,-1.6443188190460205,-1.7814491987228394,-0.14111502468585968,-0.11407166719436646,1.002220869064331,,,
,,,,,,,65000.0,48000.0,90.0
368.824,-0.8078975081443787,0.07879915833473206,1.4519902467727661,-0.14447543025016785,-0.05813959985971451,0.9619109034538269,,,
,,,,,,,65000.0,48000.0,90.0
368.834,-8.382597923278809,1.5974674224853516,5.2813191413879395,-0.1563815176486969,-0.0639372393488884,0.9399208426475525,,,
,,,,,,,65000.0,51000.0,90.0
368.844,-4.253963470458984,2.455331325531006,4.228886127471924,-0.1518831104040146,-0.14450041949748993,0.9747169017791748,,,
,,,,,,,65000.0,51000.0,90.0
368.854,0.964738667011261,-0.18024256825447083,-1.1911407709121704,-0.1453266143798828,-0.18563582003116608,1.0268279314041138,,,
,,,,,,,65000.0,51000.0,90.0
368.864,2.536454916000366,-1.1601803302764893,-3.28263521194458,-0.14996586740016937,-0.1404070407152176,1.0048582553863525,,,
,,,,,,,65000.0,51000.0,90.0
368.874,0.17101533710956573,-0.9401065707206726,-2.5884766578674316,-0.1538752317428589,-0.0983106940984726,0.9671950340270996,,,
,,,,,,,65000.0,51000.0,90.0
368.884,0.5241186022758484,-0.47458410263061523,-1.8160699605941772,-0.16213099658489227,-0.11514252424240112,0.9695221781730652,,,
,,,,,,,65000.0,51000.0,90.0
368.894,3.1508617401123047,0.12827731668949127,-1.5884130001068115,-0.15467685461044312,-0.12316399812698364,0.9808414578437805,,,
,,,,,,,65000.0,51000.0,90.0
368.904,0.5680003762245178,1.1331746578216553,-0.36588767170906067,-0.1524459421634674,-0.09818749874830246,0.9784174561500549,,,
,,,,,,,65000.0,51000.0,90.0
368.914,-4.086544990539551,1.5872102975845337,1.9409157037734985,-0.15599681437015533,-0.08815193921327591,0.9721876978874207,,,
,,,,,,,65000.0,51000.0,90.0
368.924,-2.7523574829101562,1.5206408500671387,2.4353442192077637,-0.157223179936409,-0.1274390071630478,0.9848020672798157,,,
,,,,,,,65000.0,51000.0,90.0
368.934,0.484216570854187,-0.062424927949905396,-1.0165913105010986,-0.1520833671092987,-0.16168712079524994,1.0058434009552002,,,
,,,,,,,65000.0,51000.0,90.0
368.944,2.4361069202423096,-1.2972520589828491,-2.962097644805908,-0.15421085059642792,-0.1411856710910797,1.001845359802246,,,
,,,,,,,65000.0,51000.0,90.0
368.954,1.325193166732788,-1.261983036994934,-2.287645101547241,-0.1607837677001953,-0.10333755612373352,0.9742494821548462,,,
,,,,,,,65000.0,51000.0,90.0
368.964,-0.4565528333187103,-0.09690451622009277,-0.20631171762943268,-0.1668868213891983,-0.0951433852314949,0.9520617723464966,,,
,,,,,,,65000.0,51000.0,90.0
368.974,-1.3929895162582397,1.0375797748565674,0.46827831864356995,-0.1635454297065735,-0.11256052553653717,0.9588685035705566,,,
,,,,,,,65000.0,51000.0,90.0
368.984,-1.5608985424041748,1.9682852029800415,1.2147146463394165,-0.15856300294399261,-0.1190723180770874,0.9743059277534485,,,
,,,,,,,65000.0,51000.0,90.0
368.994,-2.038818597793579,1.2160340547561646,1.1358788013458252,-0.15696470439434052,-0.11311187595129013,0.9836595058441162,,,
,,,,,,,65000.0,51000.0,90.0
369.004,-1.173866868019104,0.3573722541332245,1.2411580085754395,-0.15615889430046082,-0.11909184604883194,0.9838988780975342,,,
,,,,,,,65000.0,48000.0,90.0
369.014,0.3747440576553345,0.21842554211616516,0.22024497389793396,-0.1457185000181198,-0.13211193680763245,0.9907991886138916,,,
,,,,,,,65000.0,48000.0,90.0
369.024,0.9171960949897766,-0.7902553677558899,-1.0891629457473755,-0.14056691527366638,-0.1276804506778717,0.9971491694450378,,,
,,,,,,,65000.0,48000.0,90.0
369.034,0.9764752984046936,-1.1455159187316895,-0.8549413681030273,-0.14805437624454498,-0.10794995725154877,0.9853996634483337,,,
,,,,,,,65000.0,48000.0,90.0
369.044,0.288210391998291,-0.17446105182170868,0.15290473401546478,-0.1517193764448166,-0.10495681315660477,0.9785172343254089,,,
,,,,,,,65000.0,48000.0,90.0
369.054,-0.7699787616729736,-2.214414358139038,0.7360144853591919,-0.15335164964199066,-0.11422042548656464,0.9922550320625305,,,
,,,,,,,65000.0,48000.0,90.0
369.064,-0.07354380190372467,2.498438835144043,0.6316153407096863,-0.1434020847082138,-0.12745586037635803,0.9529616236686707,,,
,,,,,,,65000.0,48000.0,90.0
369.074,-5.168737888336182,1.9105488061904907,-0.6900634765625,-0.142661914229393,-0.1332298219203949,0.9829365611076355,,,
,,,,,,,65000.0,48000.0,90.0
369.084,-5.14300537109375,-1.5824427604675293,-2.034404993057251,-0.16230054199695587,-0.14273647964000702,1.016817569732666,,,
,,,,,,,65000.0,48000.0,90.0
369.094,4.455620288848877,-1.6292072534561157,-4.2150959968566895,-0.15497881174087524,-0.16010552644729614,1.0078885555267334,,,
,,,,,,,65000.0,44000.0,90.0
369.104,5.470698833465576,-1.516966700553894,-6.1929121017456055,-0.13859109580516815,-0.13716624677181244,0.9842773675918579,,,
,,,,,,,65000.0,44000.0,90.0
369.114,0.42444097995758057,-0.26153239607810974,-4.124105453491211,-0.1446051001548767,-0.06848090887069702,0.9601410627365112,,,
,,,,,,,65000.0,44000.0,90.0
369.124,-2.6506705284118652,-0.9449114799499512,0.889281690120697,-0.16163137555122375,-0.05074070394039154,0.9707988500595093,,,
,,,,,,,65000.0,44000.0,90.0
369.134,-2.8454794883728027,3.96956205368042,3.432689905166626,-0.16042037308216095,-0.10736185312271118,0.9320975542068481,,,
,,,,,,,65000.0,44000.0,90.0
369.144,-3.720752716064453,7.049302101135254,2.7811708450317383,-0.13390935957431793,-0.1383984386920929,0.9475510120391846,,,
,,,,,,,65000.0,44000.0,90.0
369.154,-11.835166931152344,-0.6999800205230713,-0.6912387609481812,-0.16578494012355804,-0.1518097221851349,1.0419853925704956,,,
,,,,,,,65000.0,44000.0,90.0
369.164,3.523106575012207,-2.2757608890533447,-3.029820203781128,-0.1768612116575241,-0.1743151992559433,1.032267689704895,,,
,,,,,,,65000.0,44000.0,90.0
369.174,12.531607627868652,-0.3490249216556549,-5.244614601135254,-0.15584322810173035,-0.17507824301719666,0.9806860685348511,,,
,,,,,,,65000.0,38000.0,90.0
369.184,1.046748161315918,-0.6101951599121094,-3.116093635559082,-0.15742981433868408,-0.08895780891180038,0.9522589445114136,,,
,,,,,,,65000.0,38000.0,90.0
369.194,-8.242101669311523,1.2114169597625732,4.41563081741333,-0.17802777886390686,-0.041080620139837265,0.945971667766571,,,
,,,,,,,65000.0,38000.0,90.0
369.204,-6.655374050140381,0.3992648124694824,6.262510776519775,-0.17603974044322968,-0.11924155801534653,0.9743306040763855,,,
,,,,,,,65000.0,38000.0,90.0
369.214,2.7212300300598145,5.101233005523682,3.280379056930542,-0.143761545419693,-0.1909121423959732,0.9717593789100647,,,
,,,,,,,65000.0,38000.0,90.0
369.224,-5.304996490478516,-1.1844104528427124,-1.563552737236023,-0.13414756953716278,-0.1699904054403305,1.0310044288635254,,,
,,,,,,,65000.0,38000.0,90.0
369.234,-2.12481427192688,-5.263650417327881,-3.1235718727111816,-0.16507767140865326,-0.12157318741083145,1.0188480615615845,,,
,,,,,,,65000.0,38000.0,90.0
369.244,13.530898094177246,2.3412363529205322,-1.2086148262023926,-0.16121095418930054,-0.12994907796382904,0.9467034339904785,,,
,,,,,,,65000.0,38000.0,90.0
369.254,-2.4434306621551514,-0.5906993746757507,-2.3989484310150146,-0.13878153264522552,-0.12892664968967438,0.9896527528762817,,,
,,,,,,,65000.0,32767.0,90.0
369.264,-9.071285247802734,-1.329417109489441,0.6181337833404541,-0.17446944117546082,-0.07717180252075195,0.9795721769332886,,,
,,,,,,,65000.0,32767.0,90.0
369.274,1.4374228715896606,2.9979541301727295,4.14919900894165,-0.15840917825698853,-0.12094030529260635,0.958593487739563,,,
,,,,,,,65000.0,32767.0,90.0
369.284,-0.722813606262207,-2.295114278793335,-1.2666257619857788,-0.15106873214244843,-0.19290830194950104,1.0194171667099,,,
,,,,,,,65000.0,32767.0,90.0
369.294,6.647241115570068,0.0878266841173172,-2.064521551132202,-0.1431659609079361,-0.13828401267528534,0.9958524107933044,,,
,,,,,,,65000.0,32767.0,90.0
369.304,-2.266021251678467,-2.492717981338501,-0.7771056294441223,-0.15769919753074646,-0.08489285409450531,0.9962977766990662,,,
,,,,,,,65000.0,32767.0,90.0
369.314,-1.5047885179519653,3.126521348953247,2.7099392414093018,-0.16216398775577545,-0.08874563872814178,0.9221336245536804,,,
,,,,,,,65000.0,32767.0,90.0
369.324,-2.083392858505249,1.2339770793914795,0.27179595828056335,-0.15229007601737976,-0.14573898911476135,0.987916886806488,,,
,,,,,,,65000.0,32767.0,90.0
369.334,1.9956003427505493,0.3641285300254822,-1.6459496021270752,-0.15344704687595367,-0.13679441809654236,1.00961172580719,,,
,,,,,,,65000.0,32767.0,90.0
369.344,1.7445898056030273,-0.00923948921263218,-0.542948305606842,-0.15654891729354858,-0.09919804334640503,0.9898716807365417,,,
,,,,,,,65000.0,32767.0,90.0
369.354,-2.42109751701355,1.9436466693878174,1.351394772529602,-0.16353808343410492,-0.0949951708316803,0.9390000104904175,,,
,,,,,,,65000.0,32767.0,90.0
369.364,-3.0739850997924805,2.2679407596588135,1.399635910987854,-0.1622990220785141,-0.12930582463741302,0.9562656879425049,,,
,,,,,,,65000.0,32767.0,90.0
369.374,-1.4568979740142822,1.1233161687850952,-0.295143723487854,-0.16711875796318054,-0.1451720893383026,0.9952511787414551,,,
,,,,,,,65000.0,32767.0,90.0
369.384,0.2780049741268158,-0.14014992117881775,-0.8641098737716675,-0.16419847309589386,-0.12740646302700043,0.9978010058403015,,,
,,,,,,,65000.0,32767.0,90.0
369.394,-0.37298330664634705,-0.011043060570955276,-0.34136465191841125,-0.16278721392154694,-0.11770030856132507,0.9714003801345825,,,
,,,,,,,65000.0,32767.0,90.0
369.404,-0.8684062957763672,0.3582043945789337,-0.21847528219223022,-0.156647726893425,-0.11792603880167007,0.9686330556869507,,,
,,,,,,,65000.0,32767.0,90.0
369.414,-1.4850348234176636,0.08388189226388931,-0.30215516686439514,-0.15726353228092194,-0.12171941995620728,0.9857240915298462,,,
,,,,,,,65000.0,32767.0,90.0
369.424,-1.053515911102295,-0.650861382484436,-0.8803779482841492,-0.15823349356651306,-0.11725258082151413,0.9931579828262329,,,
,,,,,,,65000.0,29000.0,90.0
369.434,-0.9014362096786499,-1.350800633430481,-1.1035035848617554,-0.15955984592437744,-0.11751410365104675,0.9784396290779114,,,
,,,,,,,65000.0,29000.0,90.0
369.444,-0.42274948954582214,-1.1912859678268433,-1.2750850915908813,-0.15900622308254242,-0.12681472301483154,0.9679576754570007,,,
,,,,,,,65000.0,29000.0,90.0
369.454,-1.5654661655426025,-0.7050082087516785,-1.4580729007720947,-0.1679016798734665,-0.12918353080749512,0.973686933517456,,,
,,,,,,,65000.0,29000.0,90.0
369.464,-1.1436798572540283,-1.3849149942398071,-0.7187687158584595,-0.17044666409492493,-0.11794520914554596,0.977502703666687,,,
,,,,,,,65000.0,29000.0,90.0
369.474,-2.6980104446411133,1.144925832748413,1.1819710731506348,-0.15897059440612793,-0.12554526329040527,0.9566614031791687,,,
,,,,,,,65000.0,29000.0,90.0
369.484,-7.312772274017334,-1.3062152862548828,-1.135100245475769,-0.1566932499408722,-0.14422057569026947,0.9881471991539001,,,
,,,,,,,65000.0,29000.0,90.0
369.494,3.3986780643463135,0.7158060669898987,-1.4811443090438843,-0.15146677196025848,-0.14742588996887207,0.9856481552124023,,,
,,,,,,,65000.0,29000.0,90.0
369.504,2.9549832344055176,-1.6252578496932983,-2.7926249504089355,-0.14471843838691711,-0.1431441754102707,1.0143539905548096,,,
,,,,,,,65000.0,29000.0,90.0
369.514,-0.39406880736351013,-0.8485223650932312,-0.9476131200790405,-0.1439172327518463,-0.09496676176786423,0.9780015349388123,,,
,,,,,,,65000.0,27000.0,90.0
369.524,-3.0384342670440674,0.7536323666572571,1.5643718242645264,-0.14050836861133575,-0.08994948118925095,0.9644336700439453,,,
,,,,,,,65000.0,27000.0,90.0
369.534,-3.7626125812530518,1.075411319732666,0.8333888053894043,-0.14614832401275635,-0.13594330847263336,0.982025146484375,,,
,,,,,,,65000.0,27000.0,90.0
369.544,-0.5397753119468689,-1.010258674621582,-0.38925620913505554,-0.15209567546844482,-0.1530371904373169,1.0080801248550415,,,
,,,,,,,65000.0,27000.0,90.0
369.554,1.5345022678375244,-0.010303610935807228,-0.5086100101470947,-0.15459248423576355,-0.13954085111618042,0.9902284741401672,,,
,,,,,,,65000.0,27000.0,90.0
369.564,-3.2645976543426514,-1.0899664163589478,-0.6039118766784668,-0.16189050674438477,-0.12728936970233917,0.9732186198234558,,,
,,,,,,,65000.0,27000.0,90.0
369.574,-0.14165517687797546,1.1948431730270386,0.48887449502944946,-0.16495920717716217,-0.1312214583158493,0.950969398021698,,,
,,,,,,,65000.0,27000.0,90.0
369.584,-1.1745262145996094,0.13174478709697723,-0.9082244634628296,-0.16272872686386108,-0.14858034253120422,0.9836450219154358,,,
,,,,,,,65000.0,27000.0,90.0
369.594,0.22953926026821136,-0.7524318695068359,-1.507689118385315,-0.16014589369297028,-0.13594669103622437,0.9950039982795715,,,
,,,,,,,65000.0,27000.0,90.0
369.604,0.45864394307136536,-0.36029449105262756,-1.098350167274475,-0.15923607349395752,-0.1182609498500824,0.9779248237609863,,,
,,,,,,,65000.0,26000.0,90.0
369.614,-0.6448846459388733,-0.15871529281139374,-0.5336777567863464,-0.15712904930114746,-0.12210177630186081,0.9727758169174194,,,
,,,,,,,65000.0,26000.0,90.0
369.624,-0.888822078704834,-0.42581111192703247,-0.5732108950614929,-0.16057582199573517,-0.13002991676330566,0.9800868034362793,,,
,,,,,,,65000.0,26000.0,90.0
369.634,-0.08973279595375061,-0.9024779796600342,-0.6112759113311768,-0.15886053442955017,-0.13254588842391968,0.9954962730407715,,,
,,,,,,,65000.0,26000.0,90.0
369.644,-0.808021605014801,-1.1330463886260986,-0.4255807399749756,-0.1601237803697586,-0.13261912763118744,0.9876469373703003,,,
,,,,,,,65000.0,26000.0,90.0
369.654,-0.9092267155647278,-0.3372955918312073,-0.154972106218338,-0.16430509090423584,-0.13700076937675476,0.9714472889900208,,,
,,,,,,,65000.0,26000.0,90.0
369.664,-1.6125224828720093,-0.6289200782775879,-0.526242733001709,-0.1627938598394394,-0.14407660067081451,0.9737997651100159,,,
,,,,,,,65000.0,26000.0,90.0
369.674,0.19371812045574188,-0.3567058742046356,-0.505815327167511,-0.16363640129566193,-0.1421063244342804,0.9788475036621094,,,
,,,,,,,65000.0,26000.0,90.0
369.684,-0.07237382978200912,-0.1467481106519699,-0.5176934003829956,-0.1626366227865219,-0.13350707292556763,0.9822965860366821,,,
,,,,,,,65000.0,25000.0,90.0
369.694,-0.2660225033760071,-0.9073830246925354,0.11622025817632675,-0.15693151950836182,-0.1239984780550003,0.9813216328620911,,,
,,,,,,,65000.0,25000.0,90.0
369.704,-0.48166847229003906,0.1249028742313385,0.6618682146072388,-0.15159602463245392,-0.12327366322278976,0.9825170040130615,,,
,,,,,,,65000.0,25000.0,90.0
369.714,-0.10442128777503967,-0.18997596204280853,0.4784209132194519,-0.14534449577331543,-0.12555427849292755,0.9925918579101562,,,
,,,,,,,65000.0,25000.0,90.0
369.724,0.19622007012367249,-0.6442067623138428,0.37200525403022766,-0.14255104959011078,-0.12262426316738129,0.9882990121841431,,,
,,,,,,,65000.0,25000.0,90.0
369.734,-0.6474140286445618,-0.5330366492271423,0.44654035568237305,-0.14955976605415344,-0.1272418051958084,0.9790189266204834,,,
,,,,,,,65000.0,25000.0,90.0
369.744,-1.3146967887878418,-0.5410929918289185,-0.08166833966970444,-0.15122781693935394,-0.13465464115142822,0.9748874306678772,,,
,,,,,,,65000.0,25000.0,90.0
369.754,-0.23296597599983215,-0.22469326853752136,-0.11847797781229019,-0.14967909455299377,-0.13839589059352875,0.9781566262245178,,,
,,,,,,,65000.0,25000.0,90.0
369.764,-0.514602780342102,-0.5386037826538086,-1.0612092018127441,-0.15343405306339264,-0.1385074257850647,0.9818969964981079,,,
,,,,,,,65000.0,25000.0,90.0
369.774,-0.4236064553260803,-0.6212303042411804,-0.9585296511650085,-0.15838073194026947,-0.13502511382102966,0.9822121262550354,,,
,,,,,,,65000.0,25000.0,90.0
369.784,-0.9857160449028015,0.271676629781723,-0.5519495010375977,-0.15975725650787354,-0.13527826964855194,0.9743453860282898,,,
,,,,,,,65000.0,25000.0,90.0
369.794,-0.35016727447509766,-0.007088593672960997,-0.6608301997184753,-0.15839587152004242,-0.14061610400676727,0.9802326560020447,,,
,,,,,,,65000.0,25000.0,90.0
369.804,0.37868455052375793,0.13096703588962555,-0.9091140627861023,-0.1555957943201065,-0.13839802145957947,0.9863743782043457,,,
,,,,,,,65000.0,25000.0,90.0
369.814,1.0842056274414062,-0.0821969136595726,-0.6079300045967102,-0.15548142790794373,-0.13074450194835663,0.9872176647186279,,,
,,,,,,,65000.0,25000.0,90.0
369.824,0.12310978770256042,-0.15505856275558472,-0.49713557958602905,-0.15381240844726562,-0.12796394526958466,0.9770570993423462,,,
,,,,,,,65000.0,25000.0,90.0
369.834,-0.8426048159599304,-0.14374664425849915,0.2907796800136566,-0.15716180205345154,-0.12704220414161682,0.9722363948822021,,,
,,,,,,,65000.0,25000.0,90.0
369.844,-0.7527176141738892,-0.29429948329925537,0.8578675389289856,-0.15781597793102264,-0.12988616526126862,0.9767225384712219,,,
,,,,,,,65000.0,25000.0,90.0
369.854,-1.1264559030532837,-0.3368026316165924,0.8983870148658752,-0.16180121898651123,-0.13509052991867065,0.9801746010780334,,,
,,,,,,,65000.0,25000.0,90.0
369.864,-1.0422873497009277,-0.6727738380432129,0.8993628025054932,-0.16475151479244232,-0.13503722846508026,0.9779738187789917,,,
,,,,,,,65000.0,25000.0,90.0
369.874,-0.6827343106269836,-0.2986009418964386,1.3487998247146606,-0.16365106403827667,-0.13949881494045258,0.9771869778633118,,,
,,,,,,,65000.0,25000.0,90.0
369.884,-0.8654244542121887,-0.5498444437980652,1.1981756687164307,-0.1643977165222168,-0.1477094441652298,0.9789482951164246,,,
,,,,,,,65000.0,25000.0,90.0
369.894,0.39626532793045044,-1.0405879020690918,1.0608159303665161,-0.16977551579475403,-0.14880536496639252,0.9836154580116272,,,
,,,,,,,65000.0,25000.0,90.0
369.904,1.1519876718521118,-1.3620893955230713,1.0126045942306519,-0.16652636229991913,-0.1486431211233139,0.9815017580986023,,,
,,,,,,,65000.0,25000.0,90.0
369.914,1.2455015182495117,-1.2959983348846436,0.45888829231262207,-0.1568841189146042,-0.14279897511005402,0.9765350222587585,,,
,,,,,,,65000.0,25000.0,90.0
369.924,1.4410403966903687,-1.1582186222076416,0.8384755849838257,-0.15518273413181305,-0.1364477127790451,0.9808575510978699,,,
,,,,,,,65000.0,25000.0,90.0
369.934,0.9792741537094116,-1.6284747123718262,0.5455577969551086,-0.152639701962471,-0.1318884938955307,0.9925815463066101,,,
,,,,,,,65000.0,25000.0,90.0
369.944,1.032994270324707,-2.0398313999176025,0.9161071181297302,-0.1483127325773239,-0.13023656606674194,0.990116536617279,,,
,,,,,,,65000.0,27000.0,90.0
369.954,1.4219844341278076,-1.2395051717758179,0.7969566583633423,-0.14998602867126465,-0.12698842585086823,0.9803276658058167,,,
,,,,,,,65000.0,27000.0,90.0
369.964,0.48338189721107483,-1.1653906106948853,1.2400318384170532,-0.14966550469398499,-0.1213667020201683,0.9805374145507812,,,
,,,,,,,65000.0,27000.0,90.0
369.974,0.23187962174415588,-0.39678287506103516,1.1247305870056152,-0.14657661318778992,-0.11894688755273819,0.976154088973999,,,
,,,,,,,65000.0,27000.0,90.0
369.984,-0.1546066850423813,-2.21975040435791,0.6558589935302734,-0.14922674000263214,-0.1218281164765358,0.988266110420227,,,
,,,,,,,65000.0,27000.0,90.0
369.994,1.8175090551376343,0.21897752583026886,2.0962815284729004,-0.15431903302669525,-0.11794005334377289,0.9673424363136292,,,
,,,,,,,65000.0,27000.0,90.0
370.004,-1.7000882625579834,-0.3670583665370941,1.6532491445541382,-0.14511257410049438,-0.12357638776302338,0.9780868291854858,,,
,,,,,,,65000.0,27000.0,90.0
370.014,-1.549414873123169,1.4411139488220215,1.7632572650909424,-0.1503654569387436,-0.12597870826721191,0.970896303653717,,,
,,,,,,,65000.0,27000.0,90.0
370.024,-0.0017083113780245185,0.7036693692207336,1.1834944486618042,-0.15420202910900116,-0.1350182145833969,0.9928960204124451,,,
,,,,,,,65000.0,27000.0,90.0
370.034,1.329412817955017,-0.32368195056915283,-0.01059290487319231,-0.1557951122522354,-0.13444861769676208,0.9949542284011841,,,
,,,,,,,65000.0,27000.0,90.0
370.044,1.7877305746078491,0.0384296178817749,0.08972053974866867,-0.1517883539199829,-0.12511372566223145,0.98611980676651,,,
,,,,,,,65000.0,27000.0,90.0
370.054,0.3686341643333435,0.42858096957206726,0.23165082931518555,-0.1487283706665039,-0.1148778423666954,0.9767122864723206,,,
,,,,,,,65000.0,27000.0,90.0
370.064,-1.383737325668335,0.2678922116756439,0.22092276811599731,-0.15523366630077362,-0.1170092523097992,0.9796870946884155,,,
,,,,,,,65000.0,27000.0,90.0
370.074,-0.5284667611122131,-0.6253994703292847,-0.2048751264810562,-0.15430663526058197,-0.12807124853134155,0.9859932065010071,,,
,,,,,,,65000.0,27000.0,90.0
370.084,0.13455802202224731,-0.29667583107948303,-0.7175989747047424,-0.15522116422653198,-0.13366490602493286,0.9859054684638977,,,
,,,,,,,65000.0,27000.0,90.0
370.094,0.5112538933753967,-0.7122510671615601,-0.9418622851371765,-0.15797048807144165,-0.12904441356658936,0.9837170243263245,,,
,,,,,,,65000.0,27000.0,90.0
370.104,0.23305509984493256,-0.8897613286972046,-0.3698332905769348,-0.16183875501155853,-0.12234886735677719,0.9722988605499268,,,
,,,,,,,65000.0,29000.0,90.0
370.114,-0.17449067533016205,-0.8643239140510559,0.02978634461760521,-0.16245239973068237,-0.1236250251531601,0.9718321561813354,,,
,,,,,,,65000.0,29000.0,90.0
370.124,-0.07512452453374863,-0.6845816373825073,0.031325794756412506,-0.15585659444332123,-0.1278516948223114,0.9749318957328796,,,
,,,,,,,65000.0,29000.0,90.0
370.134,0.20529116690158844,-0.5241101980209351,-0.12947961688041687,-0.14509078860282898,-0.12644155323505402,0.9784051179885864,,,
,,,,,,,65000.0,29000.0,90.0
370.144,-0.13883937895298004,0.03442802280187607,-0.5297079682350159,-0.14518974721431732,-0.12476210296154022,0.9759957790374756,,,
,,,,,,,65000.0,29000.0,90.0
370.154,-0.026100976392626762,-0.8033402562141418,-0.30057233572006226,-0.1458640992641449,-0.12551653385162354,0.9869252443313599,,,
,,,,,,,65000.0,29000.0,90.0
370.164,1.176195502281189,0.9377126097679138,0.299700528383255,-0.14692115783691406,-0.12187734246253967,0.9771384000778198,,,
,,,,,,,65000.0,29000.0,90.0
370.174,-2.830906867980957,-0.5139116644859314,0.7143980860710144,-0.1442648023366928,-0.12437628209590912,0.9853280186653137,,,
,,,,,,,65000.0,29000.0,90.0
370.184,-1.7954427003860474,1.3290125131607056,1.1116608381271362,-0.14642995595932007,-0.130247101187706,0.9785324335098267,,,
,,,,,,,65000.0,29000.0,90.0
370.194,-0.6389069557189941,1.0067811012268066,0.24274598062038422,-0.14789944887161255,-0.14528973400592804,0.9928547739982605,,,
,,,,,,,65000.0,29000.0,90.0
370.204,0.821306049823761,0.1840825378894806,-0.7833622694015503,-0.14716219902038574,-0.14265982806682587,0.9973067045211792,,,
,,,,,,,65000.0,29000.0,90.0
370.214,1.0501595735549927,1.0144991874694824,-0.31631147861480713,-0.15061068534851074,-0.1253589391708374,0.9851776361465454,,,
,,,,,,,65000.0,29000.0,90.0
370.224,-0.04081745445728302,0.7483692765235901,0.027368338778614998,-0.1509782075881958,-0.12157019227743149,0.9782721996307373,,,
,,,,,,,65000.0,29000.0,90.0
370.234,-1.5439695119857788,1.137410044670105,0.036789122968912125,-0.1510433852672577,-0.12290072441101074,0.9754999876022339,,,
,,,,,,,65000.0,29000.0,90.0
370.244,-0.00410808390006423,0.3556517958641052,-0.04030132666230202,-0.1498831808567047,-0.12892593443393707,0.9826443791389465,,,
,,,,,,,65000.0,29000.0,90.0
370.254,0.24995842576026917,0.2657243311405182,-0.4257759749889374,-0.14640797674655914,-0.12865741550922394,0.9847548604011536,,,
,,,,,,,65000.0,29000.0,90.0
370.264,-0.40037283301353455,0.19125401973724365,-0.7476192712783813,-0.1478995978832245,-0.12035009264945984,0.9759933352470398,,,
,,,,,,,65000.0,29000.0,90.0
370.274,-1.5028235912322998,0.6905936598777771,-0.1965627819299698,-0.15169492363929749,-0.11318618804216385,0.9635666608810425,,,
,,,,,,,65000.0,29000.0,90.0
370.284,-2.7376630306243896,0.5916381478309631,-0.17962752282619476,-0.15933676064014435,-0.11768347769975662,0.9640870094299316,,,
,,,,,,,65000.0,29000.0,90.0
370.294,-2.4270429611206055,0.014793886803090572,-0.007373593281954527,-0.1633884608745575,-0.12230432778596878,0.9698479771614075,,,
,,,,,,,65000.0,29000.0,90.0
370.304,-1.97402822971344,0.13707135617733002,-0.5251210331916809,-0.16220435500144958,-0.12441504746675491,0.9765037298202515,,,
,,,,,,,65000.0,29000.0,90.0
370.314,-1.71330726146698,-0.12347781658172607,-0.8957073092460632,-0.15973027050495148,-0.12538158893585205,0.9832587838172913,,,
,,,,,,,65000.0,29000.0,90.0
370.324,-1.7392151355743408,-0.7910647988319397,-0.3608570694923401,-0.161945179104805,-0.11885880678892136,0.9844792485237122,,,
,,,,,,,65000.0,29000.0,90.0
370.334,-1.348199486732483,-0.527839720249176,-0.1085696592926979,-0.15598993003368378,-0.12037084996700287,0.9879034161567688,,,
,,,,,,,65000.0,29000.0,90.0
370.344,-2.1351935863494873,-0.7471535205841064,-0.13836680352687836,-0.15277324616909027,-0.1239878386259079,0.9858279824256897,,,
,,,,,,,65000.0,29000.0,90.0
370.354,-1.1178468465805054,-0.8324769139289856,-0.4774366617202759,-0.14692740142345428,-0.12700027227401733,0.9898359179496765,,,
,,,,,,,65000.0,29000.0,90.0
370.364,-0.9438697099685669,-0.9263819456100464,-0.9911929368972778,-0.14793922007083893,-0.13299034535884857,0.9912796020507812,,,
,,,,,,,65000.0,28000.0,90.0
370.374,-0.7291612029075623,-0.5681821703910828,-1.1285747289657593,-0.1500363051891327,-0.1348012089729309,0.9842597246170044,,,
,,,,,,,62000.0,28000.0,90.0
370.384,-0.5028812289237976,-0.8270822763442993,-1.6279102563858032,-0.1526568979024887,-0.1352861225605011,0.9793283939361572,,,
,,,,,,,62000.0,28000.0,90.0
370.394,-1.3266521692276,-0.593355655670166,-1.8471828699111938,-0.15484879910945892,-0.14119213819503784,0.9765089154243469,,,
,,,,,,,62000.0,28000.0,90.0
370.404,-2.4788196086883545,-1.8731235265731812,-1.1460734605789185,-0.14974533021450043,-0.14467045664787292,0.9761181473731995,,,
,,,,,,,62000.0,28000.0,90.0
370.414,-0.7847424745559692,0.9084852337837219,-1.9349592924118042,-0.1498815268278122,-0.14153699576854706,0.9815871119499207,,,
,,,,,,,62000.0,28000.0,90.0
370.424,-1.0775171518325806,0.21108479797840118,-1.7075603008270264,-0.15674737095832825,-0.1420130878686905,0.9983111619949341,,,
,,,,,,,62000.0,28000.0,90.0
370.434,-0.7261292338371277,-0.029151679947972298,-1.4306803941726685,-0.15136726200580597,-0.14070455729961395,0.9894106984138489,,,
,,,,,,,62000.0,28000.0,90.0
370.444,-1.0995432138442993,0.5806640386581421,-1.426345944404602,-0.14842313528060913,-0.14276787638664246,0.9814385175704956,,,
,,,,,,,62000.0,28000.0,90.0
370.454,0.9543129205703735,0.8748177886009216,-0.9569392204284668,-0.15174585580825806,-0.1392795890569687,0.9814603328704834,,,
,,,,,,,55000.0,28000.0,90.0
370.464,-0.0944262444972992,0.38679930567741394,-0.7441150546073914,-0.15556098520755768,-0.14045576751232147,0.984146773815155,,,
,,,,,,,55000.0,28000.0,90.0
370.474,-0.39333009719848633,0.10894708335399628,0.01658114604651928,-0.15324027836322784,-0.13947337865829468,0.9724642038345337,,,
,,,,,,,55000.0,28000.0,90.0
370.484,-0.33712852001190186,3.4839670658111572,0.9534098505973816,-0.15923546254634857,-0.13651463389396667,0.9575618505477905,,,
,,,,,,,55000.0,28000.0,90.0
370.494,-1.193732738494873,2.117098093032837,0.9228842854499817,-0.14795437455177307,-0.1462964564561844,0.9825299978256226,,,
,,,,,,,55000.0,28000.0,90.0
370.504,-1.2611422538757324,0.5345723032951355,0.5869105458259583,-0.16136929392814636,-0.15056228637695312,1.0163850784301758,,,
,,,,,,,55000.0,28000.0,90.0
370.514,1.1247259378433228,-0.8495499491691589,0.9708371758460999,-0.15806375443935394,-0.14668700098991394,0.996794581413269,,,
,,,,,,,55000.0,28000.0,90.0
370.524,-0.11885563284158707,-0.0027866056188941,1.154069185256958,-0.15482568740844727,-0.14226868748664856,0.961383044719696,,,
,,,,,,,55000.0,28000.0,90.0
370.534,-0.4685332179069519,0.27041366696357727,0.7803426384925842,-0.15495657920837402,-0.14729109406471252,0.9695421457290649,,,
,,,,,,,55000.0,27000.0,90.0
370.544,0.33076146245002747,0.1683572381734848,0.7376962304115295,-0.16119876503944397,-0.15214583277702332,0.9886338710784912,,,
,,,,,,,49000.0,27000.0,90.0
370.554,1.2235854864120483,-0.6924213171005249,0.1197781190276146,-0.16355961561203003,-0.14783082902431488,0.9932626485824585,,,
,,,,,,,49000.0,27000.0,90.0
370.564,1.3558349609375,0.9675184488296509,0.16729211807250977,-0.1578344851732254,-0.14323213696479797,0.9622701406478882,,,
,,,,,,,49000.0,27000.0,90.0
370.574,0.5986281037330627,2.2438254356384277,0.2496849149465561,-0.15588831901550293,-0.1455627977848053,0.9633779525756836,,,
,,,,,,,49000.0,27000.0,90.0
370.584,-1.6985561847686768,-0.983515202999115,0.4200998842716217,-0.17393246293067932,-0.14097575843334198,1.0042814016342163,,,
,,,,,,,49000.0,27000.0,90.0
370.594,2.033691883087158,-1.4935091733932495,1.0778735876083374,-0.17133834958076477,-0.13394753634929657,0.9846655130386353,,,
,,,,,,,49000.0,27000.0,90.0
370.604,0.9811645150184631,-0.38679173588752747,1.0259989500045776,-0.15812751650810242,-0.13321243226528168,0.9645797610282898,,,
,,,,,,,49000.0,27000.0,90.0
370.614,0.4408990144729614,-0.570697009563446,0.7489614486694336,-0.15510259568691254,-0.12277450412511826,0.9662102460861206,,,
,,,,,,,49000.0,27000.0,90.0
370.624,0.274061918258667,-0.6435354351997375,2.2245306968688965,-0.16298960149288177,-0.11472506076097488,0.9810935854911804,,,
,,,,,,,45000.0,27000.0,90.0
370.634,0.19776567816734314,-1.2386146783828735,2.5495781898498535,-0.15923085808753967,-0.11944355815649033,0.9867430329322815,,,
,,,,,,,45000.0,27000.0,90.0
370.644,-0.11884152144193649,-0.6723732948303223,2.7503128051757812,-0.1519317328929901,-0.12688718736171722,0.978415846824646,,,
,,,,,,,45000.0,27000.0,90.0
370.654,0.799924910068512,-0.7570688128471375,2.2077796459198,-0.15029875934123993,-0.12465529888868332,0.9798431992530823,,,
,,,,,,,45000.0,27000.0,90.0
370.664,0.49723678827285767,0.016414083540439606,2.7198269367218018,-0.1522141546010971,-0.1200282871723175,0.979030191898346,,,
,,,,,,,45000.0,27000.0,90.0
370.674,-0.08658979088068008,0.37905192375183105,1.8609637022018433,-0.14391793310642242,-0.13504096865653992,0.9842875003814697,,,
,,,,,,,45000.0,27000.0,90.0
370.684,-0.4382185935974121,-1.181143879890442,1.2445580959320068,-0.1535799205303192,-0.13247637450695038,1.0015860795974731,,,
,,,,,,,45000.0,27000.0,90.0
370.694,1.0157015323638916,-1.5913223028182983,0.592059850692749,-0.14797745645046234,-0.13624307513237,0.9932976961135864,,,
,,,,,,,45000.0,27000.0,90.0
370.704,1.1323829889297485,-0.11469708383083344,-0.12096080929040909,-0.13658618927001953,-0.1389286369085312,0.9733561873435974,,,
,,,,,,,45000.0,27000.0,90.0
370.714,0.31710246205329895,-0.04737384617328644,-1.3331718444824219,-0.13772359490394592,-0.12893587350845337,0.9728675484657288,,,
,,,,,,,45000.0,27000.0,90.0
370.724,0.5270944237709045,-0.20092160999774933,-1.56256902217865,-0.14574478566646576,-0.11855202168226242,0.9808265566825867,,,
,,,,,,,45000.0,27000.0,90.0
370.734,-0.5864326357841492,-0.11224986612796783,-1.233729600906372,-0.14569887518882751,-0.11525841057300568,0.9767632484436035,,,
,,,,,,,45000.0,27000.0,90.0
370.744,-0.8522779941558838,0.0743233934044838,-1.1472423076629639,-0.141388401389122,-0.12135498970746994,0.9752716422080994,,,
,,,,,,,45000.0,27000.0,90.0
370.754,-0.5306524634361267,0.6627270579338074,-1.3595714569091797,-0.13968472182750702,-0.1278097927570343,0.9877011179924011,,,
,,,,,,,45000.0,27000.0,90.0
370.764,0.045152612030506134,-0.0360182486474514,-1.2378971576690674,-0.14699941873550415,-0.12529754638671875,0.998405933380127,,,
,,,,,,,45000.0,27000.0,90.0
370.774,0.50485759973526,0.09204813092947006,-1.207190752029419,-0.15009264647960663,-0.12309014052152634,0.987379789352417,,,
,,,,,,,45000.0,27000.0,90.0
370.784,0.2076983004808426,0.5043743848800659,-0.8192208409309387,-0.15078093111515045,-0.12632954120635986,0.9769240021705627,,,
,,,,,,,45000.0,27000.0,90.0
370.794,-0.12300056964159012,0.3582555055618286,-0.7117304801940918,-0.15846645832061768,-0.13168160617351532,0.9711808562278748,,,
,,,,,,,45000.0,27000.0,90.0
370.804,-0.2772580087184906,0.6203113794326782,-0.7107561826705933,-0.1617872714996338,-0.1345244199037552,0.9739168286323547,,,
,,,,,,,45000.0,27000.0,90.0
370.814,-1.0467904806137085,0.5614936947822571,-0.6325727105140686,-0.15789899230003357,-0.1348249614238739,0.9744169116020203,,,
,,,,,,,45000.0,27000.0,90.0
370.824,-1.1997770071029663,1.092928409576416,-0.7556801438331604,-0.16120634973049164,-0.1330522745847702,0.9716320633888245,,,
,,,,,,,45000.0,27000.0,90.0
370.834,-0.7961817383766174,0.8776257634162903,-0.9589639902114868,-0.16840523481369019,-0.1398085653781891,0.9713361263275146,,,
,,,,,,,45000.0,27000.0,90.0
370.844,-0.7183963060379028,0.7977265119552612,-1.2808942794799805,-0.16797250509262085,-0.14180763065814972,0.9791160225868225,,,
,,,,,,,45000.0,27000.0,90.0
370.854,-0.5865979194641113,0.7647252678871155,-1.1797033548355103,-0.1661483496427536,-0.13603690266609192,0.9797775149345398,,,
,,,,,,,45000.0,27000.0,90.0
370.864,-0.6593530774116516,0.49581393599510193,-1.1660091876983643,-0.16898119449615479,-0.14160658419132233,0.982099711894989,,,
,,,,,,,45000.0,27000.0,90.0
370.874,-0.46904823184013367,0.08830051124095917,-1.11115300655365,-0.16962765157222748,-0.1474713236093521,0.9843507409095764,,,
,,,,,,,45000.0,28000.0,90.0
370.884,0.46088477969169617,-0.7197766304016113,-1.0101135969161987,-0.16835708916187286,-0.14323106408119202,0.9863702654838562,,,
,,,,,,,49000.0,28000.0,90.0
370.894,0.41897496581077576,-0.8136323690414429,-0.623557448387146,-0.16537028551101685,-0.14411470293998718,0.9880417585372925,,,
,,,,,,,49000.0,28000.0,90.0
370.904,1.4496792554855347,-1.7611353397369385,-0.4715372920036316,-0.1700025498867035,-0.1503639966249466,0.9902445077896118,,,
,,,,,,,49000.0,28000.0,90.0
370.914,1.9562994241714478,-2.328338146209717,0.06088263541460037,-0.16935425996780396,-0.14245443046092987,0.9798757433891296,,,
,,,,,,,49000.0,28000.0,90.0
370.924,1.7611393928527832,-0.17108717560768127,0.08524139970541,-0.15190237760543823,-0.137658029794693,0.9578526020050049,,,
,,,,,,,49000.0,28000.0,90.0
370.934,-0.8813660144805908,-0.1484251618385315,0.8514924049377441,-0.15893124043941498,-0.1282871812582016,0.9748406410217285,,,
,,,,,,,49000.0,28000.0,90.0
370.944,0.959181010723114,-0.8482178449630737,0.9815868139266968,-0.1557191163301468,-0.135857954621315,0.9929267168045044,,,
,,,,,,,49000.0,28000.0,90.0
370.954,0.7650259733200073,-0.4333598017692566,1.2409412860870361,-0.15523146092891693,-0.1387157291173935,0.9875218272209167,,,
,,,,,,,49000.0,29000.0,90.0
370.964,1.4450503587722778,-0.4779950678348541,1.135736346244812,-0.14950719475746155,-0.1358141005039215,0.9758390784263611,,,
,,,,,,,50000.0,29000.0,90.0
370.974,0.5035857558250427,0.19699642062187195,1.2475061416625977,-0.15179036557674408,-0.13453663885593414,0.9752722978591919,,,
,,,,,,,50000.0,29000.0,90.0
370.984,0.6892105937004089,0.4027964174747467,1.0561577081680298,-0.1540430188179016,-0.13886389136314392,0.9853501915931702,,,
,,,,,,,50000.0,29000.0,90.0
370.994,0.9535430669784546,-0.3035770058631897,0.8782663345336914,-0.1577877551317215,-0.14187933504581451,0.9853847622871399,,,
,,,,,,,50000.0,29000.0,90.0
371.004,2.184072256088257,-0.04961220920085907,0.8026305437088013,-0.15901359915733337,-0.14119431376457214,0.9794397950172424,,,
,,,,,,,50000.0,29000.0,90.0
371.014,0.5609130859375,-0.1217036321759224,0.872285008430481,-0.1576964110136032,-0.13716331124305725,0.9802448749542236,,,
,,,,,,,50000.0,29000.0,90.0
371.024,1.308129072189331,0.49387526512145996,0.661777138710022,-0.1529177576303482,-0.1346816122531891,0.977033793926239,,,
,,,,,,,50000.0,29000.0,90.0
371.034,1.2096235752105713,0.5211361050605774,0.2841491103172302,-0.15184198319911957,-0.12902013957500458,0.9838757514953613,,,
,,,,,,,50000.0,29000.0,90.0
371.044,1.8176952600479126,-0.17599165439605713,0.15317916870117188,-0.15646907687187195,-0.12638549506664276,0.9899353384971619,,,
,,,,,,,50000.0,29000.0,90.0
371.054,1.8842960596084595,-0.4146721661090851,0.5307727456092834,-0.15677689015865326,-0.12500745058059692,0.9837284684181213,,,
,,,,,,,54000.0,29000.0,90.0
371.064,1.4539257287979126,-0.09279780834913254,0.5601912140846252,-0.14797575771808624,-0.12548480927944183,0.9779182076454163,,,
,,,,,,,54000.0,29000.0,90.0
371.074,0.43021199107170105,0.26364776492118835,0.46811529994010925,-0.15159092843532562,-0.12225984036922455,0.9824186563491821,,,
,,,,,,,54000.0,29000.0,90.0
371.084,1.3473094701766968,-0.9956543445587158,0.4223472774028778,-0.159178227186203,-0.12012499570846558,0.9969353675842285,,,
,,,,,,,54000.0,29000.0,90.0
371.094,1.644728660583496,-1.5738465785980225,0.9476379752159119,-0.16021932661533356,-0.12476006895303726,0.9799374341964722,,,
,,,,,,,54000.0,29000.0,90.0
371.104,1.7329288721084595,0.5513597726821899,0.6205934882164001,-0.13939590752124786,-0.1252354085445404,0.955462634563446,,,
,,,,,,,54000.0,29000.0,90.0
371.114,0.044157300144433975,1.1874486207962036,-0.04519682750105858,-0.14393769204616547,-0.12508682906627655,0.970488429069519,,,
,,,,,,,54000.0,29000.0,90.0
371.124,1.3315246105194092,-0.21093347668647766,0.6460875272750854,-0.15343661606311798,-0.12039971351623535,0.9928855299949646,,,
,,,,,,,54000.0,32767.0,90.0
371.134,0.8802691102027893,0.323979914188385,0.5135864615440369,-0.1469661146402359,-0.12616387009620667,0.9904640913009644,,,
,,,,,,,57000.0,32767.0,90.0
371.144,0.11552003771066666,1.1551973819732666,-0.27264025807380676,-0.14003533124923706,-0.138755202293396,0.9761016368865967,,,
,,,,,,,57000.0,32767.0,90.0
371.154,0.5592389702796936,-1.1123380661010742,-1.9074618816375732,-0.140345960855484,-0.138757586479187,1.0013774633407593,,,
,,,,,,,57000.0,32767.0,90.0
371.164,6.146955490112305,1.243557333946228,0.10770364850759506,-0.1522514820098877,-0.11603790521621704,0.986911416053772,,,
,,,,,,,57000.0,32767.0,90.0
371.174,-3.0313620567321777,-1.4778517484664917,0.8272578716278076,-0.15749402344226837,-0.11121513694524765,0.9883120059967041,,,
,,,,,,,57000.0,32767.0,90.0
371.184,-3.240030288696289,1.8429211378097534,2.7557952404022217,-0.1528961956501007,-0.10980968922376633,0.9428456425666809,,,
,,,,,,,57000.0,32767.0,90.0
371.194,-0.22936949133872986,2.1228396892547607,1.2633564472198486,-0.1523650735616684,-0.14558571577072144,0.9830712080001831,,,
,,,,,,,57000.0,32767.0,90.0
371.204,2.290360927581787,0.20003759860992432,-0.8791033029556274,-0.16319485008716583,-0.15628036856651306,1.0102674961090088,,,
,,,,,,,57000.0,29000.0,90.0
371.214,3.7750418186187744,-0.581938624382019,-0.608342707157135,-0.1648588627576828,-0.12975609302520752,0.9904565811157227,,,
,,,,,,,57000.0,29000.0,90.0
371.224,1.0092501640319824,1.1460223197937012,0.9034560918807983,-0.1636626273393631,-0.11334476619958878,0.9507889151573181,,,
,,,,,,,57000.0,29000.0,90.0
371.234,-2.8445675373077393,1.4784469604492188,1.5845816135406494,-0.1626327931880951,-0.12641072273254395,0.956878125667572,,,
,,,,,,,57000.0,29000.0,90.0
371.244,0.4498896896839142,0.2358611524105072,0.7325398921966553,-0.16697199642658234,-0.14239999651908875,0.9937472343444824,,,
,,,,,,,57000.0,29000.0,90.0
371.254,4.953810691833496,0.49958285689353943,1.0076770782470703,-0.16052694618701935,-0.13684529066085815,0.9920207858085632,,,
,,,,,,,57000.0,29000.0,90.0
371.264,-2.8323605060577393,-0.6759648323059082,-0.24705319106578827,-0.14865143597126007,-0.12521731853485107,0.9857751131057739,,,
,,,,,,,57000.0,29000.0,90.0
371.274,-2.1057939529418945,-0.32771167159080505,0.4175645709037781,-0.16031531989574432,-0.12036198377609253,0.9744905829429626,,,
,,,,,,,57000.0,29000.0,90.0
371.284,6.134766101837158,0.6550376415252686,-0.5689481496810913,-0.14672890305519104,-0.13714340329170227,0.9903783202171326,,,
,,,,,,,57000.0,29000.0,90.0
371.294,0.7840219736099243,-1.8008346557617188,-2.461547613143921,-0.1519758701324463,-0.13640032708644867,1.0108147859573364,,,
,,,,,,,57000.0,30000.0,90.0
371.304,2.8046317100524902,-0.9270749092102051,-0.9276466369628906,-0.16062955558300018,-0.10170406848192215,0.9745802879333496,,,
,,,,,,,58000.0,30000.0,90.0
371.314,-0.372470885515213,0.9712504744529724,0.7153663635253906,-0.16274696588516235,-0.1081853061914444,0.9572473168373108,,,
,,,,,,,58000.0,30000.0,90.0
371.324,0.10876147449016571,-0.03889048099517822,-0.4557957649230957,-0.15990331768989563,-0.1342577487230301,0.9759150147438049,,,
,,,,,,,58000.0,30000.0,90.0
371.334,1.5471879243850708,-0.14756760001182556,-1.491820216178894,-0.1638665795326233,-0.1322925090789795,0.986704409122467,,,
,,,,,,,58000.0,30000.0,90.0
371.344,1.764367938041687,-0.05422460660338402,-1.049151062965393,-0.1564619541168213,-0.11186939477920532,0.9800378680229187,,,
,,,,,,,58000.0,30000.0,90.0
371.354,-0.9198984503746033,0.8334534764289856,0.1690818816423416,-0.1603780835866928,-0.09690754860639572,0.9616155028343201,,,
,,,,,,,58000.0,30000.0,90.0
371.364,-1.2053320407867432,1.082794427871704,0.8958442211151123,-0.16039305925369263,-0.10234148800373077,0.9662827253341675,,,
,,,,,,,58000.0,30000.0,90.0
371.374,-0.7026298642158508,1.1626089811325073,0.8934760689735413,-0.16021786630153656,-0.11768599599599838,0.9784731268882751,,,
,,,,,,,58000.0,30000.0,90.0
371.384,-0.5005743503570557,-0.5412689447402954,0.3980281949043274,-0.16155461966991425,-0.12331324070692062,0.9877930283546448,,,
,,,,,,,58000.0,30000.0,90.0
371.394,-0.12627056241035461,0.07253792881965637,0.8464124798774719,-0.1613219529390335,-0.11229026317596436,0.9761362075805664,,,
,,,,,,,58000.0,30000.0,90.0
371.404,-0.6780982613563538,-0.20832011103630066,1.2515127658843994,-0.16030557453632355,-0.1144016906619072,0.9779941439628601,,,
,,,,,,,58000.0,30000.0,90.0
371.414,-0.8314996361732483,-0.7886082530021667,0.8508476614952087,-0.15759065747261047,-0.12651662528514862,0.9829495549201965,,,
,,,,,,,58000.0,30000.0,90.0
371.424,-0.38803064823150635,-0.9100692868232727,0.3369368016719818,-0.15238501131534576,-0.1274241805076599,0.9867755770683289,,,
,,,,,,,58000.0,30000.0,90.0
371.434,0.1509867161512375,-1.2285406589508057,-0.2640504240989685,-0.14895059168338776,-0.1249217540025711,0.9871828556060791,,,
,,,,,,,58000.0,30000.0,90.0
371.444,-0.2676374316215515,-1.9041863679885864,-0.21691489219665527,-0.14952892065048218,-0.12157543003559113,0.9844849109649658,,,
,,,,,,,58000.0,30000.0,90.0
371.454,-0.16291502118110657,-1.9533307552337646,-0.8446812629699707,-0.14388048648834229,-0.12066063284873962,0.9779585003852844,,,
,,,,,,,58000.0,29000.0,90.0
371.464,-1.0879859924316406,-1.6194361448287964,-1.2172528505325317,-0.13771292567253113,-0.1173524558544159,0.9790802597999573,,,
,,,,,,,58000.0,29000.0,90.0
371.474,-1.9010647535324097,-0.8356432914733887,-1.2977991104125977,-0.1369778960943222,-0.11587977409362793,0.980430543422699,,,
,,,,,,,58000.0,29000.0,90.0
371.484,-1.2009930610656738,-0.5433467626571655,-1.4563952684402466,-0.13826732337474823,-0.1250879019498825,0.9879558086395264,,,
,,,,,,,58000.0,29000.0,90.0
371.494,-1.046079397201538,-0.40008801221847534,-2.0720200538635254,-0.13352859020233154,-0.13694635033607483,0.990837812423706,,,
,,,,,,,58000.0,29000.0,90.0
371.504,-1.2812772989273071,0.9491990208625793,-2.3653085231781006,-0.13972362875938416,-0.13550099730491638,0.9898779988288879,,,
,,,,,,,58000.0,29000.0,90.0
371.514,-0.31885507702827454,0.5833728313446045,-2.3793892860412598,-0.14506402611732483,-0.1270497888326645,0.9872223138809204,,,
,,,,,,,58000.0,29000.0,90.0
371.524,-1.3945636749267578,1.4689521789550781,-2.135141611099243,-0.1475088894367218,-0.13080163300037384,0.9777981042861938,,,
,,,,,,,58000.0,29000.0,90.0
371.534,-0.6490951776504517,2.1692705154418945,-2.1600496768951416,-0.14876307547092438,-0.136466845870018,0.9788615703582764,,,
,,,,,,,58000.0,29000.0,90.0
371.544,0.27229806780815125,2.1705987453460693,-2.4537529945373535,-0.14675705134868622,-0.13555936515331268,0.9912490248680115,,,
,,,,,,,58000.0,27000.0,90.0
371.554,-0.10889093577861786,1.9559049606323242,-1.9660662412643433,-0.15134696662425995,-0.1271856278181076,0.9904674291610718,,,
,,,,,,,55000.0,27000.0,90.0
371.564,-0.1882035732269287,2.2689311504364014,-1.0925931930541992,-0.15116910636425018,-0.12102003395557404,0.981920063495636,,,
,,,,,,,55000.0,27000.0,90.0
371.574,-0.7286800146102905,2.43631911277771,-0.6069547533988953,-0.1529940962791443,-0.12296823412179947,0.980728805065155,,,
,,,,,,,55000.0,27000.0,90.0
371.584,0.21319565176963806,2.402369260787964,-0.10629435628652573,-0.15599778294563293,-0.11992578953504562,0.9838244915008545,,,
,,,,,,,55000.0,27000.0,90.0
371.594,-0.9505284428596497,2.909071445465088,0.32180720567703247,-0.15189118683338165,-0.1212957575917244,0.9831984639167786,,,
,,,,,,,55000.0,27000.0,90.0
371.604,-3.420881748199463,0.7682204842567444,-0.49640223383903503,-0.16456179320812225,-0.1311546266078949,0.9904975891113281,,,
,,,,,,,55000.0,27000.0,90.0
371.614,1.504085659980774,1.4769020080566406,-0.5276703238487244,-0.1644013524055481,-0.1364777684211731,0.9743671417236328,,,
,,,,,,,55000.0,27000.0,90.0
371.624,-0.31182149052619934,1.2931830883026123,-1.3817845582962036,-0.16851988434791565,-0.14127029478549957,0.9758651852607727,,,
,,,,,,,55000.0,27000.0,90.0
371.634,-2.031545400619507,0.4737929403781891,-1.0193684101104736,-0.1717458963394165,-0.12484119087457657,0.9637667536735535,,,
,,,,,,,55000.0,27000.0,90.0
371.644,-3.2254889011383057,1.9124263525009155,0.694871187210083,-0.18123264610767365,-0.12574850022792816,0.9580612778663635,,,
,,,,,,,50000.0,27000.0,90.0
371.654,-2.059105396270752,1.5060964822769165,-0.19513654708862305,-0.17174309492111206,-0.1535952389240265,0.9775973558425903,,,
,,,,,,,50000.0,27000.0,90.0
371.664,-0.07234758883714676,2.3939461708068848,-1.3524518013000488,-0.16637763381004333,-0.1625012904405594,0.9772921204566956,,,
,,,,,,,50000.0,27000.0,90.0
371.674,1.9062541723251343,0.9661529064178467,-1.3730069398880005,-0.16473311185836792,-0.14161038398742676,0.9922453761100769,,,
,,,,,,,50000.0,27000.0,90.0
371.684,-0.12952609360218048,-0.23242658376693726,-0.8684192299842834,-0.179379403591156,-0.12843935191631317,0.996565043926239,,,
,,,,,,,50000.0,27000.0,90.0
371.694,0.9835041165351868,-0.35674798488616943,0.3761310577392578,-0.16951027512550354,-0.13003213703632355,0.9784228801727295,,,
,,,,,,,50000.0,27000.0,90.0
371.704,-0.09949995577335358,0.36311978101730347,0.2801460027694702,-0.15930289030075073,-0.14224043488502502,0.9708980321884155,,,
,,,,,,,50000.0,27000.0,90.0
371.714,0.2306768298149109,-0.41164103150367737,-0.09323973208665848,-0.16193820536136627,-0.13799446821212769,0.9840337634086609,,,
,,,,,,,50000.0,27000.0,90.0
371.724,1.4083493947982788,-1.3511407375335693,0.3640153408050537,-0.16634461283683777,-0.12972231209278107,0.9864185452461243,,,
,,,,,,,50000.0,27000.0,90.0
371.734,0.14925220608711243,-1.0866656303405762,0.7895790934562683,-0.16123265027999878,-0.13173618912696838,0.9738541841506958,,,
,,,,,,,50000.0,27000.0,90.0
371.744,-0.7534721493721008,-0.19935917854309082,0.756912350654602,-0.1558857560157776,-0.1335812211036682,0.9688493013381958,,,
,,,,,,,50000.0,27000.0,90.0
371.754,-0.615480899810791,-0.10781904309988022,0.7267036437988281,-0.16014470160007477,-0.132541686296463,0.97673100233078,,,
,,,,,,,50000.0,27000.0,90.0
371.764,0.16237084567546844,-0.4028265178203583,0.39875680208206177,-0.16157197952270508,-0.13563065230846405,0.9820239543914795,,,
,,,,,,,50000.0,27000.0,90.0
371.774,0.7980613708496094,0.23175860941410065,0.26155465841293335,-0.16175910830497742,-0.13446779549121857,0.9770807027816772,,,
,,,,,,,50000.0,27000.0,90.0
371.784,0.405710905790329,0.6566635966300964,0.27850213646888733,-0.16055697202682495,-0.13260063529014587,0.9713385701179504,,,
,,,,,,,50000.0,27000.0,90.0
371.794,0.09630473703145981,0.7227534055709839,0.07819221913814545,-0.16327160596847534,-0.12911632657051086,0.9710108637809753,,,
,,,,,,,50000.0,27000.0,90.0
371.804,-0.30014967918395996,0.5763339400291443,0.292563259601593,-0.16543397307395935,-0.1275210827589035,0.9754323959350586,,,
,,,,,,,49000.0,27000.0,90.0
371.814,-0.10276953876018524,0.42667144536972046,-0.07851968705654144,-0.1649668663740158,-0.12908360362052917,0.9730068445205688,,,
,,,,,,,49000.0,27000.0,90.0
371.824,-0.12660112977027893,0.4440680742263794,-0.11411599814891815,-0.16437669098377228,-0.1266317218542099,0.9720382690429688,,,
,,,,,,,49000.0,27000.0,90.0
371.834,-0.5094925761222839,-0.2966087758541107,0.19567809998989105,-0.16788922250270844,-0.12194079160690308,0.9763705730438232,,,
,,,,,,,49000.0,27000.0,90.0
371.844,-0.32057371735572815,-0.35234546661376953,0.9509071707725525,-0.17478598654270172,-0.1180213913321495,0.9758369326591492,,,
,,,,,,,49000.0,27000.0,90.0
371.854,-0.5951645374298096,-0.7945521473884583,1.6061716079711914,-0.16714835166931152,-0.11583799868822098,0.9760814905166626,,,
,,,,,,,49000.0,27000.0,90.0
371.864,-0.6062907576560974,-1.9937076568603516,1.258519172668457,-0.16422423720359802,-0.11575201898813248,0.9784263968467712,,,
,,,,,,,49000.0,27000.0,90.0
371.874,-0.32051315903663635,-2.384920120239258,1.3807523250579834,-0.1627386212348938,-0.10955271124839783,0.9733466506004333,,,
,,,,,,,49000.0,27000.0,90.0
371.884,-0.9413580894470215,-2.2401459217071533,1.815591812133789,-0.16330376267433167,-0.10145267099142075,0.9695777893066406,,,
,,,,,,,49000.0,27000.0,90.0
371.894,-1.7680939435958862,-2.5407817363739014,1.4592894315719604,-0.160315603017807,-0.10539138317108154,0.9662975072860718,,,
,,,,,,,48000.0,27000.0,90.0
371.904,-2.021440029144287,-1.9498281478881836,1.0637105703353882,-0.15944801270961761,-0.10947547852993011,0.9668206572532654,,,
,,,,,,,48000.0,27000.0,90.0
371.914,-3.0157384872436523,-2.1451256275177,0.3570384979248047,-0.16402941942214966,-0.11009062081575394,0.9704920649528503,,,
,,,,,,,48000.0,27000.0,90.0
371.924,-2.8188955783843994,-1.5025354623794556,-0.03717418387532234,-0.168252095580101,-0.11362659931182861,0.9637683033943176,,,
,,,,,,,48000.0,27000.0,90.0
371.934,-3.224264621734619,-1.0766116380691528,-0.6146584153175354,-0.16018857061862946,-0.11536303907632828,0.9642666578292847,,,
,,,,,,,48000.0,27000.0,90.0
371.944,-3.7735869884490967,-1.5421350002288818,-1.2617591619491577,-0.1623220443725586,-0.11202230304479599,0.9700468182563782,,,
,,,,,,,48000.0,27000.0,90.0
371.954,-3.850264549255371,-1.763694405555725,-1.6979844570159912,-0.1606518179178238,-0.10884416848421097,0.9708369374275208,,,
,,,,,,,48000.0,27000.0,90.0
371.964,-3.5119166374206543,-1.4581972360610962,-1.6338281631469727,-0.15569493174552917,-0.1056760922074318,0.9729031324386597,,,
,,,,,,,48000.0,29000.0,90.0
371.974,-3.989654302597046,-1.871559977531433,-1.6995222568511963,-0.15040403604507446,-0.10441292822360992,0.9788543581962585,,,
,,,,,,,46000.0,29000.0,90.0
371.984,-4.7169508934021,-2.225156307220459,-1.6400671005249023,-0.14445242285728455,-0.1013856753706932,0.9782412052154541,,,
,,,,,,,46000.0,29000.0,90.0
371.994,-4.1279988288879395,-2.523162364959717,-0.773802638053894,-0.14053179323673248,-0.10330197215080261,0.9807920455932617,,,
,,,,,,,46000.0,29000.0,90.0
372.004,-5.854742527008057,-2.957395553588867,-0.7909128069877625,-0.1373768448829651,-0.11560480296611786,0.9762535691261292,,,
,,,,,,,46000.0,29000.0,90.0
372.014,-6.770864963531494,-2.073582887649536,-0.9705870747566223,-0.13831746578216553,-0.11991719156503677,0.9754334092140198,,,
,,,,,,,46000.0,29000.0,90.0
372.024,-7.148231506347656,-4.856959342956543,-1.0090477466583252,-0.14213888347148895,-0.12874823808670044,1.0036547183990479,,,
,,,,,,,46000.0,29000.0,90.0
372.034,-3.8278756141662598,-2.107783317565918,-0.6215430498123169,-0.13981401920318604,-0.12725874781608582,0.9908834099769592,,,
,,,,,,,46000.0,29000.0,90.0
372.044,-8.908356666564941,-3.1432127952575684,-0.15074077248573303,-0.13664944469928741,-0.13260015845298767,0.9955378770828247,,,
,,,,,,,46000.0,32767.0,90.0
372.054,-8.249373435974121,-1.1931793689727783,-0.37634575366973877,-0.13940966129302979,-0.15466803312301636,0.9672142267227173,,,
,,,,,,,42000.0,32767.0,90.0
372.064,-7.6196370124816895,0.23232214152812958,-1.9103666543960571,-0.14361286163330078,-0.1819724440574646,0.9757058620452881,,,
,,,,,,,42000.0,32767.0,90.0
372.074,-4.747376441955566,-0.15300875902175903,-2.5975453853607178,-0.15078532695770264,-0.18079926073551178,0.9862510561943054,,,
,,,,,,,42000.0,32767.0,90.0
372.084,-5.725837707519531,2.853184461593628,-2.316553831100464,-0.15643846988677979,-0.17704303562641144,0.9767612814903259,,,
,,,,,,,42000.0,32767.0,90.0
372.094,-6.391424655914307,1.3240312337875366,-3.2848098278045654,-0.14678625762462616,-0.18686628341674805,0.9930126667022705,,,
,,,,,,,42000.0,32767.0,90.0
372.104,1.0213675498962402,3.0000274181365967,-1.3046985864639282,-0.15942096710205078,-0.17144671082496643,0.9919562339782715,,,
,,,,,,,42000.0,32767.0,90.0
372.114,-4.241766929626465,0.7063590288162231,-1.1666983366012573,-0.14402076601982117,-0.17323091626167297,1.0063698291778564,,,
,,,,,,,42000.0,32767.0,90.0
372.124,-5.645062446594238,2.4209609031677246,-0.2295936793088913,-0.15422195196151733,-0.1548748016357422,0.9793134927749634,,,
,,,,,,,42000.0,32767.0,90.0
372.134,-2.8945603370666504,2.125023365020752,0.9552023410797119,-0.14917944371700287,-0.17039214074611664,0.9942079782485962,,,
,,,,,,,42000.0,32767.0,90.0
372.144,-1.4003633260726929,0.8169226050376892,0.2382301390171051,-0.15275155007839203,-0.19611519575119019,1.0128096342086792,,,
,,,,,,,32767.0,32767.0,90.0
372.154,-0.6267856955528259,-0.6372748017311096,-0.1411946713924408,-0.15913251042366028,-0.1910266876220703,0.9990103244781494,,,
,,,,,,,32767.0,32767.0,90.0
372.164,-1.0319355726242065,3.0730929374694824,1.9543664455413818,-0.16951481997966766,-0.16816867887973785,0.9553014636039734,,,
,,,,,,,32767.0,32767.0,90.0
372.174,-4.20463752746582,4.114887237548828,2.460421323776245,-0.16460514068603516,-0.18834806978702545,0.9591770768165588,,,
,,,,,,,32767.0,32767.0,90.0
372.184,-2.876188278198242,-0.042438168078660965,1.9997162818908691,-0.19268210232257843,-0.21444998681545258,1.0192146301269531,,,
,,,,,,,32767.0,32767.0,90.0
372.194,1.2103677988052368,-3.675431489944458,1.8739486932754517,-0.2033935934305191,-0.21994881331920624,1.0285184383392334,,,
,,,,,,,32767.0,32767.0,90.0
372.204,2.2560176849365234,-0.9712982773780823,2.1558327674865723,-0.17644214630126953,-0.2135574370622635,0.9523260593414307,,,
,,,,,,,32767.0,32767.0,90.0
372.214,0.559805691242218,1.3586879968643188,2.6898722648620605,-0.17368939518928528,-0.1865151822566986,0.9388850927352905,,,
,,,,,,,32767.0,30000.0,90.0
372.224,0.5695245265960693,0.46233054995536804,4.0969014167785645,-0.19976352155208588,-0.1759464293718338,0.9756664037704468,,,
,,,,,,,32767.0,30000.0,90.0
372.234,2.1614291667938232,-0.13933111727237701,4.691219329833984,-0.19095130264759064,-0.18304096162319183,0.9779643416404724,,,
,,,,,,,32767.0,30000.0,90.0
372.244,2.639174699783325,-0.16033674776554108,5.21490478515625,-0.1773948222398758,-0.16583628952503204,0.9680942296981812,,,
,,,,,,,32767.0,30000.0,90.0
372.254,3.544973850250244,-0.22305655479431152,6.979094505310059,-0.17368222773075104,-0.14465883374214172,0.962620198726654,,,
,,,,,,,32767.0,30000.0,90.0
372.264,0.9035625457763672,2.1605560779571533,8.521660804748535,-0.17204934358596802,-0.14348816871643066,0.9608451128005981,,,
,,,,,,,32767.0,30000.0,90.0
372.274,-2.684683322906494,-1.7615169286727905,7.992569923400879,-0.17509368062019348,-0.1525091528892517,0.9968523979187012,,,
,,,,,,,32767.0,30000.0,90.0
372.284,5.8143310546875,0.8429911136627197,8.850626945495605,-0.17326503992080688,-0.1544734388589859,0.9710069894790649,,,
,,,,,,,32767.0,30000.0,90.0
372.294,3.529334306716919,-2.197728157043457,7.212329387664795,-0.16925907135009766,-0.16354674100875854,0.9943792223930359,,,
,,,,,,,32767.0,32767.0,90.0
372.304,2.9471540451049805,-1.0256998538970947,7.4810662269592285,-0.1776401698589325,-0.13820205628871918,0.9699557423591614,,,
,,,,,,,32767.0,32767.0,90.0
372.314,1.7566196918487549,-1.3053011894226074,8.607300758361816,-0.17559278011322021,-0.12836085259914398,0.9687264561653137,,,
,,,,,,,32767.0,32767.0,90.0
372.324,0.09533728659152985,-1.249767780303955,8.152225494384766,-0.1656300127506256,-0.15860697627067566,0.958055317401886,,,
,,,,,,,32767.0,32767.0,90.0
372.334,0.9482612609863281,-0.688838541507721,5.4188995361328125,-0.1761268973350525,-0.1797490268945694,0.977287769317627,,,
,,,,,,,32767.0,32767.0,90.0
372.344,4.8613600730896,-3.4410276412963867,4.226692199707031,-0.17880916595458984,-0.14910657703876495,0.9991925954818726,,,
,,,,,,,32767.0,32767.0,90.0
372.354,7.896584510803223,-1.2217562198638916,5.500446319580078,-0.16786876320838928,-0.1266556680202484,0.9747688174247742,,,
,,,,,,,32767.0,32767.0,90.0
372.364,-0.18827882409095764,-1.9444013833999634,5.265651702880859,-0.16178353130817413,-0.1273535192012787,0.9642443060874939,,,
,,,,,,,32767.0,32767.0,90.0
372.374,0.5550254583358765,0.7708956599235535,6.087335586547852,-0.17096619307994843,-0.12032779306173325,0.9509148001670837,,,
,,,,,,,32767.0,31000.0,90.0
372.384,2.1381969451904297,-0.5041667222976685,5.78439474105835,-0.1635880470275879,-0.13277532160282135,0.9892863035202026,,,
,,,,,,,32767.0,31000.0,90.0
372.394,5.2842326164245605,-1.4422240257263184,4.75032377243042,-0.15951655805110931,-0.1383637934923172,0.9891085624694824,,,
,,,,,,,32767.0,31000.0,90.0
372.404,4.428403854370117,-1.623513102531433,4.455373287200928,-0.15987573564052582,-0.11483028531074524,0.9827957153320312,,,
,,,,,,,32767.0,31000.0,90.0
372.414,2.1569557189941406,-0.7407414317131042,6.788198947906494,-0.15944674611091614,-0.09586115181446075,0.9634700417518616,,,
,,,,,,,32767.0,31000.0,90.0
372.424,0.41233697533607483,1.5680432319641113,8.626191139221191,-0.16301873326301575,-0.1143583208322525,0.9610361456871033,,,
,,,,,,,32767.0,31000.0,90.0
372.434,-1.9815388917922974,-1.3240301609039307,6.973463535308838,-0.1531897783279419,-0.14856818318367004,0.9995735287666321,,,
,,,,,,,32767.0,31000.0,90.0
372.444,3.8995096683502197,-0.582518458366394,6.6567583084106445,-0.16220657527446747,-0.150091290473938,0.9973124265670776,,,
,,,,,,,32767.0,31000.0,90.0
372.454,8.073514938354492,-1.635441780090332,6.154831409454346,-0.15008611977100372,-0.14999181032180786,1.010812759399414,,,
,,,,,,,32767.0,31000.0,90.0
372.464,6.547062873840332,-0.17362715303897858,6.913771152496338,-0.15851031243801117,-0.1437026411294937,0.9904433488845825,,,
,,,,,,,32767.0,32767.0,90.0
372.474,3.9638161659240723,-0.9594005346298218,7.659839153289795,-0.15628795325756073,-0.13488398492336273,0.9724740982055664,,,
,,,,,,,32767.0,32767.0,90.0
372.484,4.243706226348877,0.4174717366695404,8.277466773986816,-0.15631268918514252,-0.1458919197320938,0.9635451436042786,,,
,,,,,,,32767.0,32767.0,90.0
372.494,5.035714149475098,-0.15888601541519165,6.633788585662842,-0.14930108189582825,-0.16183951497077942,0.9781786799430847,,,
,,,,,,,32767.0,32767.0,90.0
372.504,5.667490482330322,0.8690592050552368,6.329838275909424,-0.15531426668167114,-0.15537786483764648,0.9798694252967834,,,
,,,,,,,32767.0,32767.0,90.0
372.514,5.510451793670654,1.451471209526062,7.052362442016602,-0.16076672077178955,-0.14892007410526276,0.9792296886444092,,,
,,,,,,,32767.0,32767.0,90.0
372.524,2.764378309249878,-0.012752198614180088,7.020684719085693,-0.15897759795188904,-0.14703473448753357,0.9877503514289856,,,
,,,,,,,32767.0,32767.0,90.0
372.534,4.914187908172607,2.1768734455108643,8.482008934020996,-0.16350816190242767,-0.13699719309806824,0.9616952538490295,,,
,,,,,,,32767.0,32767.0,90.0
372.544,2.808218479156494,0.9665107727050781,8.74931812286377,-0.16046473383903503,-0.14023952186107635,0.9764689207077026,,,
,,,,,,,32767.0,32767.0,90.0
372.554,2.6988537311553955,1.96128249168396,9.078598022460938,-0.15982875227928162,-0.13444124162197113,0.9820095300674438,,,
,,,,,,,32767.0,32767.0,90.0
372.564,3.059452533721924,0.8179043531417847,9.421311378479004,-0.1616882085800171,-0.12482284754514694,0.9959844946861267,,,
,,,,,,,32767.0,32767.0,90.0
372.574,4.906813144683838,1.433227777481079,10.02821159362793,-0.16841524839401245,-0.12656056880950928,0.9957624077796936,,,
,,,,,,,32767.0,32767.0,90.0
372.584,4.524967193603516,0.34387898445129395,10.45853042602539,-0.1676814705133438,-0.12867069244384766,0.9915785193443298,,,
,,,,,,,32767.0,32767.0,90.0
372.594,4.20747184753418,1.287156581878662,11.112268447875977,-0.16657938063144684,-0.12244763970375061,0.9808694124221802,,,
,,,,,,,32767.0,32767.0,90.0
372.604,4.067679405212402,1.0996826887130737,11.738984107971191,-0.16982971131801605,-0.11864439398050308,0.9794589281082153,,,
,,,,,,,32767.0,32767.0,90.0
372.614,3.552166700363159,1.7581686973571777,11.867520332336426,-0.1703726053237915,-0.11750461161136627,0.9649012088775635,,,
,,,,,,,32767.0,32767.0,90.0
372.624,2.946697473526001,1.7625906467437744,11.779539108276367,-0.17406155169010162,-0.11221787333488464,0.9546600580215454,,,
,,,,,,,32767.0,32767.0,90.0
372.634,2.7064967155456543,3.300919532775879,12.452082633972168,-0.17900069057941437,-0.10092636197805405,0.9541887044906616,,,
,,,,,,,32767.0,32767.0,90.0
372.644,-0.4249535799026489,3.202460765838623,13.152764320373535,-0.1757786124944687,-0.09871019423007965,0.9580553770065308,,,
,,,,,,,32767.0,32767.0,90.0
372.654,-0.8412138223648071,3.940274715423584,13.7763032913208,-0.18070407211780548,-0.10542088001966476,0.9626420140266418,,,
,,,,,,,32767.0,32767.0,90.0
372.664,0.03903261572122574,4.1203718185424805,14.288833618164062,-0.1836720108985901,-0.10983598232269287,0.9744231104850769,,,
,,,,,,,32767.0,32767.0,90.0
372.674,1.7441964149475098,4.371385097503662,14.384674072265625,-0.19051143527030945,-0.11353734135627747,0.9869811534881592,,,
,,,,,,,32767.0,32767.0,90.0
372.684,3.583204507827759,3.4194068908691406,14.53875732421875,-0.19369065761566162,-0.1121898964047432,0.9836243391036987,,,
,,,,,,,32767.0,32767.0,90.0
372.694,2.9681155681610107,3.92392635345459,15.369653701782227,-0.1989816278219223,-0.10379033535718918,0.9642479419708252,,,
,,,,,,,32767.0,32767.0,90.0
372.704,2.8652849197387695,4.193352699279785,15.81093692779541,-0.2053077071905136,-0.0984363928437233,0.9538217782974243,,,
,,,,,,,32767.0,32767.0,90.0
372.714,1.6362346410751343,4.05866003036499,16.333633422851562,-0.20508185029029846,-0.09672241657972336,0.9502664804458618,,,
,,,,,,,32767.0,32767.0,90.0
372.724,0.8734630942344666,4.098160266876221,16.146690368652344,-0.20631307363510132,-0.09716251492500305,0.9450060725212097,,,
,,,,,,,32767.0,32767.0,90.0
372.734,1.4811875820159912,3.671438217163086,16.600326538085938,-0.21984297037124634,-0.09290310740470886,0.9452768564224243,,,
,,,,,,,32767.0,32767.0,90.0
372.744,1.605045199394226,3.0622150897979736,16.830936431884766,-0.22582688927650452,-0.10014176368713379,0.9482875466346741,,,
,,,,,,,32767.0,32767.0,90.0
372.754,1.9971654415130615,2.726696252822876,17.32675552368164,-0.2306932806968689,-0.1082116886973381,0.946933388710022,,,
,,,,,,,32767.0,32767.0,90.0
372.764,3.0866410732269287,2.46947979927063,17.20036506652832,-0.2316865473985672,-0.10972931981086731,0.9487825036048889,,,
,,,,,,,32767.0,32767.0,90.0
372.774,2.8689210414886475,1.4417842626571655,18.03382110595703,-0.23270362615585327,-0.10465233772993088,0.9576112627983093,,,
,,,,,,,32767.0,32767.0,90.0
372.784,3.469437837600708,-0.4748242497444153,18.450716018676758,-0.22793245315551758,-0.10997112095355988,0.9624528884887695,,,
,,,,,,,32767.0,32767.0,90.0
372.794,3.828881025314331,-1.040274977684021,18.78139305114746,-0.23082461953163147,-0.11173435300588608,0.9551599621772766,,,
,,,,,,,32767.0,32767.0,90.0
372.804,3.2315328121185303,-2.2960691452026367,19.328739166259766,-0.22388634085655212,-0.10595321655273438,0.9525152444839478,,,
,,,,,,,32767.0,32767.0,90.0
372.814,3.2044949531555176,-2.904249429702759,20.125398635864258,-0.21613021194934845,-0.1151743158698082,0.9592324495315552,,,
,,,,,,,32767.0,32767.0,90.0
372.824,3.54058575630188,-3.212315797805786,20.104482650756836,-0.21492935717105865,-0.11898092180490494,0.9699936509132385,,,
,,,,,,,32767.0,32767.0,90.0
372.834,5.892511367797852,-3.990156650543213,20.082870483398438,-0.2095615267753601,-0.12364771217107773,0.9777213335037231,,,
,,,,,,,32767.0,32767.0,90.0
372.844,6.820832252502441,-4.928541660308838,20.452068328857422,-0.21225111186504364,-0.13738083839416504,0.9796470999717712,,,
,,,,,,,32767.0,32767.0,90.0
372.854,8.473639488220215,-5.209829807281494,20.6544189453125,-0.20204195380210876,-0.15400567650794983,0.9816491007804871,,,
,,,,,,,32767.0,32767.0,90.0
372.864,10.620343208312988,-5.554214954376221,20.10430145263672,-0.19285178184509277,-0.15622135996818542,0.9802507758140564,,,
,,,,,,,32767.0,32767.0,90.0
372.874,9.432307243347168,-5.3268938064575195,20.096216201782227,-0.18689373135566711,-0.14435580372810364,0.9842484593391418,,,
,,,,,,,32767.0,32767.0,90.0
372.884,8.361601829528809,-5.453416347503662,20.408052444458008,-0.16775937378406525,-0.13726040720939636,0.98977130651474,,,
,,,,,,,32767.0,32767.0,90.0
372.894,8.46625804901123,-4.837042331695557,20.6815128326416,-0.1503300666809082,-0.12924274802207947,0.9947569966316223,,,
,,,,,,,32767.0,32767.0,90.0
372.904,5.559459686279297,-5.624443531036377,21.174074172973633,-0.14659248292446136,-0.11242798715829849,1.009567379951477,,,
,,,,,,,32767.0,32767.0,90.0
372.914,4.539965629577637,-6.011448860168457,22.300342559814453,-0.1400231271982193,-0.10526581108570099,1.0137580633163452,,,
,,,,,,,32767.0,32767.0,90.0
372.924,3.593142509460449,-5.556621551513672,22.632272720336914,-0.1267429143190384,-0.10860322415828705,1.0229872465133667,,,
,,,,,,,32767.0,32767.0,90.0
372.934,2.458250045776367,-5.758267402648926,22.78595542907715,-0.11243937909603119,-0.10741594433784485,1.0378886461257935,,,
,,,,,,,32767.0,32767.0,90.0
372.944,2.4175567626953125,-5.239393711090088,23.109588623046875,-0.10966934263706207,-0.10497454553842545,1.0429528951644897,,,
,,,,,,,32767.0,32767.0,90.0
372.954,3.7026076316833496,-4.707544326782227,22.876371383666992,-0.10124446451663971,-0.11307813227176666,1.050402283668518,,,
,,,,,,,32767.0,32767.0,90.0
372.964,4.639657497406006,-3.400947332382202,22.514362335205078,-0.09951307624578476,-0.12195566296577454,1.0496879816055298,,,
,,,,,,,32767.0,32767.0,90.0
372.974,6.030871868133545,-2.6057865619659424,21.866748809814453,-0.103514164686203,-0.11590082198381424,1.0482827425003052,,,
,,,,,,,32767.0,32767.0,90.0
372.984,5.854755401611328,-1.994120478630066,21.046592712402344,-0.097470223903656,-0.1072949543595314,1.0410397052764893,,,
,,,,,,,32767.0,32767.0,90.0
372.994,5.465718746185303,-0.26282060146331787,20.366718292236328,-0.09755720943212509,-0.10852286219596863,1.0258015394210815,,,
,,,,,,,32767.0,32767.0,90.0
373.004,4.445072650909424,2.744856595993042,19.781909942626953,-0.10205450654029846,-0.1080460250377655,1.0083482265472412,,,
,,,,,,,32767.0,32767.0,90.0
373.014,6.223165035247803,4.458780765533447,19.081079483032227,-0.09681231528520584,-0.10736918449401855,1.0054370164871216,,,
,,,,,,,32767.0,32767.0,90.0
373.024,5.25956392288208,5.661635875701904,18.238454818725586,-0.09898523986339569,-0.09065414220094681,1.0105171203613281,,,
,,,,,,,32767.0,32767.0,90.0
373.034,7.105546474456787,7.051761627197266,17.724634170532227,-0.10289990156888962,-0.0735156461596489,1.004746437072754,,,
,,,,,,,32767.0,32767.0,90.0
373.044,8.86833667755127,8.315394401550293,18.0472354888916,-0.11047336459159851,-0.05892954766750336,1.0000033378601074,,,
,,,,,,,32767.0,32767.0,90.0
373.054,7.876071453094482,9.287282943725586,17.99274444580078,-0.10657750070095062,-0.0477839820086956,0.99651038646698,,,
,,,,,,,32767.0,32767.0,90.0
373.064,7.487426280975342,10.131519317626953,18.10215950012207,-0.11306875199079514,-0.036161355674266815,0.9907812476158142,,,
,,,,,,,32767.0,32767.0,90.0
373.074,7.516984939575195,10.410845756530762,18.167190551757812,-0.13181832432746887,-0.01897026225924492,0.9907835721969604,,,
,,,,,,,32767.0,32767.0,90.0
373.084,6.077095031738281,10.2329740524292,18.56226921081543,-0.1269787847995758,-0.010475382208824158,0.9897759556770325,,,
,,,,,,,32767.0,32767.0,90.0
373.094,5.9000773429870605,10.403349876403809,18.105628967285156,-0.13668280839920044,-0.01752907782793045,0.9874545931816101,,,
,,,,,,,32767.0,32767.0,90.0
373.104,6.642176151275635,10.033248901367188,17.057470321655273,-0.14708024263381958,-0.022123126313090324,0.9972519278526306,,,
,,,,,,,32767.0,32767.0,90.0
373.114,6.527023792266846,9.898144721984863,16.475929260253906,-0.15525572001934052,-0.02383269928395748,1.002747654914856,,,
,,,,,,,32767.0,32767.0,90.0
373.124,7.770172595977783,9.107376098632812,15.370121002197266,-0.16677002608776093,-0.030694125220179558,0.9971954226493835,,,
,,,,,,,32767.0,32767.0,90.0
373.134,7.668094158172607,8.126921653747559,14.84160327911377,-0.18114347755908966,-0.030787993222475052,0.9841316342353821,,,
,,,,,,,32767.0,32767.0,90.0
373.144,8.395886421203613,8.087449073791504,13.09039306640625,-0.1757635772228241,-0.02707192301750183,0.9762671589851379,,,
,,,,,,,32767.0,32767.0,90.0
373.154,7.727307319641113,8.231952667236328,11.622956275939941,-0.1794818639755249,-0.018533116206526756,0.9750861525535583,,,
,,,,,,,32767.0,32767.0,90.0
373.164,7.507627010345459,7.751134395599365,10.305170059204102,-0.18492376804351807,-0.00517348712310195,0.9777625203132629,,,
,,,,,,,32767.0,32767.0,90.0
373.174,7.886968612670898,6.906721115112305,9.371764183044434,-0.19242705404758453,0.004899569321423769,0.978710949420929,,,
,,,,,,,32767.0,32767.0,90.0
373.184,7.200486660003662,6.795924186706543,8.677227020263672,-0.19786497950553894,0.004884631372988224,0.9713844656944275,,,
,,,,,,,32767.0,32767.0,90.0
373.194,5.8123884201049805,6.263736248016357,7.790374279022217,-0.19936493039131165,0.00896498840302229,0.9697729349136353,,,
,,,,,,,32767.0,32767.0,90.0
373.204,6.286630630493164,6.701672077178955,7.305718421936035,-0.2040429264307022,0.01545727252960205,0.9666592478752136,,,
,,,,,,,32767.0,32767.0,90.0
373.214,5.110464572906494,6.258718013763428,6.926253795623779,-0.2123223841190338,0.018588664010167122,0.972851574420929,,,
,,,,,,,32767.0,32767.0,90.0
373.224,5.239262104034424,5.2772135734558105,6.55780029296875,-0.21817559003829956,0.015585305169224739,0.9795739054679871,,,
,,,,,,,32767.0,32767.0,90.0
373.234,4.136979579925537,5.362931251525879,6.065395355224609,-0.21322746574878693,0.0147666921839118,0.9701403975486755,,,
,,,,,,,32767.0,32767.0,90.0
373.244,5.579807758331299,5.7685346603393555,6.039322853088379,-0.21725228428840637,0.002901288913562894,0.9708129167556763,,,
,,,,,,,32767.0,32767.0,90.0
373.254,4.930517673492432,5.2782979011535645,5.882858753204346,-0.219810351729393,-0.000592269585467875,0.9773218631744385,,,
,,,,,,,32767.0,32767.0,90.0
373.264,5.110249042510986,4.750699520111084,5.694587230682373,-0.21934713423252106,0.0034998448099941015,0.9816206097602844,,,
,,,,,,,32767.0,32767.0,90.0
373.274,5.04745626449585,4.998957633972168,5.637216567993164,-0.22195398807525635,0.0025774596724659204,0.970370352268219,,,
,,,,,,,32767.0,32767.0,90.0
373.284,4.316213607788086,4.336128234863281,5.510959148406982,-0.2327648550271988,0.003541502170264721,0.9607151746749878,,,
,,,,,,,32767.0,32767.0,90.0
373.294,1.2942603826522827,5.180819034576416,5.855964660644531,-0.22839932143688202,0.0045076096430420876,0.9494350552558899,,,
,,,,,,,32767.0,32767.0,90.0
373.304,-0.16231916844844818,5.357072353363037,6.133732795715332,-0.23047089576721191,-0.0072761354967951775,0.9444032311439514,,,
,,,,,,,32767.0,32767.0,90.0
373.314,-0.9470871090888977,5.886651515960693,5.62893009185791,-0.24281060695648193,-0.01861514523625374,0.9519174695014954,,,
,,,,,,,32767.0,32767.0,90.0
373.324,-1.9360631704330444,5.88423490524292,6.07650899887085,-0.24886660277843475,-0.022282961755990982,0.9569534063339233,,,
,,,,,,,32767.0,32767.0,90.0
373.334,-0.45590800046920776,4.941938877105713,5.602184295654297,-0.2521899342536926,-0.03734717145562172,0.9594994187355042,,,
,,,,,,,32767.0,32767.0,90.0
373.344,-0.07619922608137131,5.50016450881958,5.075549602508545,-0.2516631484031677,-0.036556024104356766,0.9519703984260559,,,
,,,,,,,32767.0,32767.0,90.0
373.354,0.09350710362195969,5.860771656036377,5.169276237487793,-0.25920969247817993,-0.027881775051355362,0.9432322382926941,,,
,,,,,,,32767.0,32767.0,90.0
373.364,1.5280400514602661,5.023777484893799,5.405233860015869,-0.2740219533443451,-0.028248900547623634,0.9498414993286133,,,
,,,,,,,32767.0,32767.0,90.0
373.374,-0.3616831600666046,4.422964572906494,5.569000720977783,-0.26736101508140564,-0.03042202815413475,0.9513108134269714,,,
,,,,,,,32767.0,32767.0,90.0
373.384,-1.0772385597229004,4.479189395904541,5.9150495529174805,-0.26802858710289,-0.02469470724463463,0.9429102540016174,,,
,,,,,,,32767.0,32767.0,90.0
373.394,-2.2819161415100098,3.6008739471435547,6.171054840087891,-0.26942145824432373,-0.010351468808948994,0.9516752362251282,,,
,,,,,,,32767.0,32767.0,90.0
373.404,-3.0504446029663086,2.4575045108795166,7.157208442687988,-0.273075670003891,-0.0013827331131324172,0.9573718905448914,,,
,,,,,,,32767.0,32767.0,90.0
373.414,-2.711107015609741,1.3911813497543335,8.01163101196289,-0.2719216048717499,-0.007243357133120298,0.960462212562561,,,
,,,,,,,32767.0,32767.0,90.0
373.424,-4.801403522491455,0.2349853664636612,8.45962142944336,-0.2617172598838806,-0.018218517303466797,0.9625189900398254,,,
,,,,,,,32767.0,32767.0,90.0
373.434,-4.190598964691162,-1.0906122922897339,8.8645601272583,-0.25026610493659973,-0.013502500019967556,0.9562631249427795,,,
,,,,,,,32767.0,32767.0,90.0
373.444,-1.8592352867126465,-1.6195018291473389,10.013825416564941,-0.2518608272075653,-0.01650586910545826,0.969423234462738,,,
,,,,,,,32767.0,32767.0,90.0
373.454,-0.7295187711715698,-2.6297414302825928,10.071413040161133,-0.24168510735034943,-0.023081008344888687,0.9775660634040833,,,
,,,,,,,32767.0,32767.0,90.0
373.464,-0.20162953436374664,-4.845292568206787,10.110611915588379,-0.24182450771331787,-0.02598397061228752,0.9757353663444519,,,
,,,,,,,32767.0,32767.0,90.0
373.474,0.3928586542606354,-4.911444664001465,10.722700119018555,-0.23353758454322815,-0.01793595775961876,0.9674515724182129,,,
,,,,,,,32767.0,32767.0,90.0
373.484,-0.6193007826805115,-5.144133567810059,10.66126537322998,-0.2209082841873169,-0.020778633654117584,0.9680685997009277,,,
,,,,,,,32767.0,32767.0,90.0
373.494,-1.1949820518493652,-6.209382057189941,10.58155632019043,-0.21857163310050964,-0.02404189109802246,0.9776366949081421,,,
,,,,,,,32767.0,32767.0,90.0
373.504,-2.8707797527313232,-7.218340873718262,10.35406494140625,-0.22069457173347473,-0.023223228752613068,0.9792567491531372,,,
,,,,,,,32767.0,32767.0,90.0
373.514,-2.293006181716919,-7.793162822723389,10.247042655944824,-0.21085113286972046,-0.030044183135032654,0.9772124886512756,,,
,,,,,,,32767.0,32767.0,90.0
373.524,-2.224475860595703,-7.672382354736328,9.594894409179688,-0.20044615864753723,-0.03540685400366783,0.980323314666748,,,
,,,,,,,32767.0,32767.0,90.0
373.534,-2.114840030670166,-7.8547282218933105,9.20164966583252,-0.19882579147815704,-0.03981601446866989,0.9927559494972229,,,
,,,,,,,32767.0,32767.0,90.0
373.544,-2.3710293769836426,-8.016558647155762,8.771830558776855,-0.1971464902162552,-0.043193284422159195,1.0004140138626099,,,
,,,,,,,32767.0,32767.0,90.0
373.554,-2.0165889263153076,-8.244522094726562,8.360054969787598,-0.1945362389087677,-0.04820781946182251,0.9989640116691589,,,
,,,,,,,32767.0,32767.0,90.0
373.564,-0.9911903738975525,-7.866080284118652,7.54070520401001,-0.18737950921058655,-0.053955789655447006,0.995224118232727,,,
,,,,,,,32767.0,32767.0,90.0
373.574,-0.47076064348220825,-7.00956916809082,6.77365255355835,-0.19414445757865906,-0.061457160860300064,1.0033221244812012,,,
,,,,,,,32767.0,32767.0,90.0
373.584,0.7102587223052979,-7.34014892578125,6.0794196128845215,-0.20050197839736938,-0.06049080938100815,1.0079694986343384,,,
,,,,,,,32767.0,32767.0,90.0
373.594,1.7215814590454102,-6.757447242736816,5.831652641296387,-0.19436247646808624,-0.0661848708987236,1.0018260478973389,,,
,,,,,,,32767.0,32767.0,90.0
373.604,2.450810432434082,-5.309034824371338,5.180969715118408,-0.18596510589122772,-0.06881046295166016,0.996931254863739,,,
,,,,,,,32767.0,32767.0,90.0
373.614,2.654163360595703,-3.6522786617279053,4.484864234924316,-0.17779840528964996,-0.06142735481262207,1.0021347999572754,,,
,,,,,,,32767.0,32767.0,90.0
373.624,2.9114913940429688,-2.6853950023651123,3.407994031906128,-0.17987538874149323,-0.051959287375211716,0.9970496296882629,,,
,,,,,,,32767.0,32767.0,90.0
373.634,4.027120113372803,-0.9706023335456848,3.3104310035705566,-0.18294751644134521,-0.0520167350769043,0.9871469736099243,,,
,,,,,,,32767.0,32767.0,90.0
373.644,3.526578426361084,0.12921932339668274,2.647280216217041,-0.19449779391288757,-0.04987895488739014,0.9783580303192139,,,
,,,,,,,32767.0,32767.0,90.0
373.654,1.905711054801941,1.5423980951309204,2.414875030517578,-0.20432406663894653,-0.044285207986831665,0.969149649143219,,,
,,,,,,,32767.0,32767.0,90.0
373.664,0.704920768737793,2.5789828300476074,2.8595757484436035,-0.21396633982658386,-0.036387838423252106,0.9590545296669006,,,
,,,,,,,32767.0,32767.0,90.0
373.674,0.5809223055839539,4.179741382598877,3.1204946041107178,-0.21834571659564972,-0.03053317964076996,0.9660137295722961,,,
,,,,,,,32767.0,32767.0,90.0
373.684,1.2294262647628784,4.662621974945068,3.3135907649993896,-0.22450461983680725,-0.027968883514404297,0.9808958768844604,,,
,,,,,,,32767.0,32767.0,90.0
373.694,2.0694875717163086,4.665375232696533,3.832760810852051,-0.23264546692371368,-0.020788943395018578,0.9837856292724609,,,
,,,,,,,32767.0,32767.0,90.0
373.704,1.7913894653320312,4.1833391189575195,4.990902900695801,-0.23408402502536774,-0.0077299256809055805,0.9709483981132507,,,
,,,,,,,32767.0,32767.0,90.0
373.714,1.331544280052185,4.380063056945801,6.111042499542236,-0.23236489295959473,0.0027914377860724926,0.9605047702789307,,,
,,,,,,,32767.0,32767.0,90.0
373.724,-0.29289838671684265,4.252105712890625,7.179125785827637,-0.23377357423305511,0.004297708161175251,0.959563136100769,,,
,,,,,,,32767.0,32767.0,90.0
373.734,-1.246280312538147,3.53657603263855,8.022812843322754,-0.23525521159172058,-0.00021697038027923554,0.9593672156333923,,,
,,,,,,,32767.0,32767.0,90.0
373.744,-0.2961617708206177,3.2030246257781982,8.912875175476074,-0.23558492958545685,-0.002825432689860463,0.9653963446617126,,,
,,,,,,,32767.0,32767.0,90.0
373.754,0.12423014640808105,1.7217919826507568,9.473701477050781,-0.23462894558906555,-0.0016811089590191841,0.9761370420455933,,,
,,,,,,,32767.0,32767.0,90.0
373.764,-0.220832958817482,0.9556918740272522,9.753324508666992,-0.23062165081501007,0.0035307416692376137,0.9762803316116333,,,
,,,,,,,32767.0,32767.0,90.0
373.774,0.908251166343689,0.10604593902826309,9.822128295898438,-0.22272875905036926,0.0038854654412716627,0.9704793095588684,,,
,,,,,,,32767.0,32767.0,90.0
373.784,1.1140522956848145,-0.22537760436534882,9.473856925964355,-0.21871712803840637,0.0014578638365492225,0.9690786600112915,,,
,,,,,,,32767.0,32767.0,90.0
373.794,1.0983054637908936,-1.0074613094329834,9.230533599853516,-0.21514934301376343,0.004464422818273306,0.9674351811408997,,,
,,,,,,,32767.0,32767.0,90.0
373.804,-0.4836350977420807,-0.7808637022972107,8.95358657836914,-0.21377715468406677,0.004812959115952253,0.9608159065246582,,,
,,,,,,,32767.0,32767.0,90.0
373.814,-1.085443139076233,-0.4139016568660736,7.691132068634033,-0.20984625816345215,-6.997622404014692e-05,0.9597895741462708,,,
,,,,,,,32767.0,32767.0,90.0
373.824,-2.0965042114257812,-1.194244384765625,7.0036139488220215,-0.20285576581954956,-0.006020328029990196,0.9685421586036682,,,
,,,,,,,32767.0,32767.0,90.0
373.834,-3.8039166927337646,-0.6335932612419128,6.581456661224365,-0.20868031680583954,-0.009881604462862015,0.9771847128868103,,,
,,,,,,,32767.0,32767.0,90.0
373.844,-1.0148646831512451,-1.9573262929916382,5.657510280609131,-0.2109900265932083,-0.012956706807017326,0.9820372462272644,,,
,,,,,,,32767.0,32767.0,90.0
373.854,-1.7442468404769897,-2.5145201683044434,5.138847351074219,-0.19837363064289093,-0.01242180448025465,0.9830636978149414,,,
,,,,,,,32767.0,32767.0,90.0
373.864,-1.9449882507324219,-1.9383809566497803,3.8343825340270996,-0.1894274801015854,-0.012880174443125725,0.980633556842804,,,
,,,,,,,32767.0,32767.0,90.0
373.874,-2.3487794399261475,-1.9645766019821167,3.141186237335205,-0.1871858686208725,-0.005318598356097937,0.9907580018043518,,,
,,,,,,,32767.0,32767.0,90.0
373.884,-1.9635456800460815,-2.420534372329712,3.3068950176239014,-0.19461257755756378,-0.005675210151821375,1.0015168190002441,,,
,,,,,,,32767.0,32767.0,90.0
373.894,-1.7079036235809326,-3.040255069732666,2.6708414554595947,-0.1942550092935562,-0.0127262556925416,0.9990968704223633,,,
,,,,,,,32767.0,32767.0,90.0
373.904,-2.218918800354004,-2.9735913276672363,2.187741756439209,-0.19417032599449158,-0.020093711093068123,0.9889025688171387,,,
,,,,,,,32767.0,32767.0,90.0
373.914,-1.6687997579574585,-2.0650949478149414,2.009387493133545,-0.1925741732120514,-0.020510410889983177,0.9835358262062073,,,
,,,,,,,32767.0,32767.0,90.0
373.924,-1.347619891166687,-2.310957193374634,1.4959644079208374,-0.19583091139793396,-0.022545091807842255,0.9870203137397766,,,
,,,,,,,32767.0,32767.0,90.0
373.934,-1.720438003540039,-2.150029182434082,1.1633447408676147,-0.19988229870796204,-0.022927820682525635,0.9881913661956787,,,
,,,,,,,32767.0,32767.0,90.0
373.944,-1.742051124572754,-1.5496628284454346,0.6780404448509216,-0.1958581507205963,-0.02193191833794117,0.9824679493904114,,,
,,,,,,,32767.0,32767.0,90.0
373.954,-1.2303797006607056,-0.58757483959198,0.1426806002855301,-0.1935337334871292,-0.021702749654650688,0.9827263355255127,,,
,,,,,,,32767.0,32767.0,90.0
373.964,-2.3848719596862793,0.2717896103858948,-0.5133520364761353,-0.19347327947616577,-0.018232671543955803,0.9853004813194275,,,
,,,,,,,32767.0,32767.0,90.0
373.974,-2.5505456924438477,1.1811836957931519,-0.6283382773399353,-0.19566205143928528,-0.018361307680606842,0.9894794225692749,,,
,,,,,,,32767.0,32767.0,90.0
373.984,-2.106248617172241,1.4206598997116089,-0.6995295882225037,-0.20515064895153046,-0.023318005725741386,0.9913113117218018,,,
,,,,,,,32767.0,32767.0,90.0
373.994,-2.5086429119110107,2.184063196182251,-1.4238084554672241,-0.204227477312088,-0.03324508294463158,0.9843352437019348,,,
,,,,,,,32767.0,32767.0,90.0
374.004,-2.2178285121917725,2.97965669631958,-2.124863862991333,-0.20222172141075134,-0.04040331393480301,0.9798681735992432,,,
,,,,,,,32767.0,32767.0,90.0
374.014,-1.7920072078704834,3.6248602867126465,-2.75656795501709,-0.20337246358394623,-0.04187694564461708,0.9797883033752441,,,
,,,,,,,32767.0,32767.0,90.0
374.024,-1.6943410634994507,3.488595724105835,-3.26155686378479,-0.2072622925043106,-0.038861602544784546,0.9832136631011963,,,
,,,,,,,32767.0,32767.0,90.0
374.034,-1.942521095275879,4.370336055755615,-3.3073570728302,-0.20716902613639832,-0.035076387226581573,0.9806491732597351,,,
,,,,,,,32767.0,32767.0,90.0
374.044,-1.5822712182998657,4.330770492553711,-3.7153003215789795,-0.204250305891037,-0.038032401353120804,0.9753508567810059,,,
,,,,,,,32767.0,32767.0,90.0
374.054,-2.08410382270813,4.0728840827941895,-3.914970636367798,-0.20687565207481384,-0.03969241678714752,0.9802284240722656,,,
,,,,,,,32767.0,32767.0,90.0
374.064,-2.2817800045013428,4.28362512588501,-4.076923370361328,-0.2062682956457138,-0.03567187115550041,0.991100549697876,,,
,,,,,,,32767.0,32767.0,90.0
374.074,-2.119537115097046,3.921546220779419,-3.9350244998931885,-0.20524749159812927,-0.03906257450580597,0.9958916902542114,,,
,,,,,,,32767.0,32767.0,90.0
374.084,-1.5774649381637573,3.486825704574585,-3.934326171875,-0.20865283906459808,-0.046652812510728836,0.9974179863929749,,,
,,,,,,,32767.0,32767.0,90.0
374.094,-0.8661090731620789,3.4964871406555176,-3.8833022117614746,-0.2138596922159195,-0.05153202638030052,0.9989098906517029,,,
,,,,,,,32767.0,32767.0,90.0
374.104,-0.018626747652888298,3.0089240074157715,-4.03508186340332,-0.21674542129039764,-0.052232544869184494,0.9978297352790833,,,
,,,,,,,32767.0,32767.0,90.0
374.114,1.7745071649551392,2.133181571960449,-3.8498339653015137,-0.22370590269565582,-0.05216672644019127,0.9973604083061218,,,
,,,,,,,32767.0,32767.0,90.0
374.124,2.6813061237335205,2.0109293460845947,-3.7293925285339355,-0.22745265066623688,-0.05079159140586853,0.9891393184661865,,,
,,,,,,,32767.0,32767.0,90.0
374.134,2.26222562789917,2.673551321029663,-3.241785764694214,-0.23080842196941376,-0.047915276139974594,0.9809114933013916,,,
,,,,,,,32767.0,32767.0,90.0
374.144,2.5573248863220215,2.6011948585510254,-2.586987257003784,-0.22904562950134277,-0.044961072504520416,0.9797365069389343,,,
,,,,,,,32767.0,32767.0,90.0
374.154,2.746474027633667,2.450587749481201,-2.6031157970428467,-0.2329862415790558,-0.042528484016656876,0.9804140329360962,,,
,,,,,,,32767.0,32767.0,90.0
374.164,2.5368785858154297,2.45733642578125,-2.3996458053588867,-0.2341730147600174,-0.04114249721169472,0.9768481254577637,,,
,,,,,,,32767.0,32767.0,90.0
374.174,2.606503963470459,2.4830098152160645,-2.259141445159912,-0.23606587946414948,-0.037709787487983704,0.965883195400238,,,
,,,,,,,32767.0,32767.0,90.0
374.184,2.8535189628601074,3.504648447036743,-1.9250953197479248,-0.23821885883808136,-0.03831861540675163,0.9645139575004578,,,
,,,,,,,32767.0,32767.0,90.0
374.194,2.1089327335357666,3.1360790729522705,-1.6565550565719604,-0.24417373538017273,-0.0370003916323185,0.9665582180023193,,,
,,,,,,,32767.0,32767.0,90.0
374.204,0.22472810745239258,2.80741024017334,-1.5601506233215332,-0.248185932636261,-0.031482476741075516,0.9613192081451416,,,
,,,,,,,32767.0,32767.0,90.0
374.214,0.39107638597488403,3.74495530128479,-0.7728701829910278,-0.248099222779274,-0.030654240399599075,0.9587982296943665,,,
,,,,,,,32767.0,32767.0,90.0
374.224,0.6968478560447693,3.3564651012420654,-0.5674235224723816,-0.2469605654478073,-0.031981926411390305,0.9668101072311401,,,
,,,,,,,32767.0,32767.0,90.0
374.234,0.7762922048568726,3.029959201812744,-0.29858943819999695,-0.24715739488601685,-0.033704642206430435,0.9752439260482788,,,
,,,,,,,32767.0,32767.0,90.0
374.244,1.5244358777999878,2.656367063522339,-0.23753389716148376,-0.2446482926607132,-0.03323698043823242,0.977104127407074,,,
,,,,,,,32767.0,32767.0,90.0
374.254,1.6868507862091064,2.4239819049835205,0.3315275013446808,-0.24234798550605774,-0.02875138446688652,0.9773743152618408,,,
,,,,,,,32767.0,32767.0,90.0
374.264,2.408738136291504,1.8576397895812988,0.41731563210487366,-0.24481867253780365,-0.025116965174674988,0.9840654134750366,,,
,,,,,,,32767.0,32767.0,90.0
374.274,2.514277458190918,0.9710878729820251,1.1355310678482056,-0.24273927509784698,-0.024054693058133125,0.9776502847671509,,,
,,,,,,,32767.0,32767.0,90.0
374.284,2.4677722454071045,0.29222577810287476,1.0558122396469116,-0.24606098234653473,-0.024774212390184402,0.9723874926567078,,,
,,,,,,,32767.0,32767.0,90.0
374.294,2.0325891971588135,-0.32787084579467773,1.0521280765533447,-0.2448548823595047,-0.020772920921444893,0.9723661541938782,,,
,,,,,,,32767.0,32767.0,90.0
374.304,2.2004072666168213,-0.5594944357872009,1.2563787698745728,-0.24382653832435608,-0.02025778405368328,0.9768913984298706,,,
,,,,,,,32767.0,32767.0,90.0
374.314,2.73486328125,-0.6281797885894775,0.7019546031951904,-0.24110965430736542,-0.022866392508149147,0.9779579639434814,,,
,,,,,,,32767.0,32767.0,90.0
374.324,2.309875249862671,-0.9895761609077454,0.8131396174430847,-0.23992863297462463,-0.018680693581700325,0.9687432050704956,,,
,,,,,,,32767.0,32767.0,90.0
374.334,1.7402993440628052,-0.7518051862716675,0.6748881936073303,-0.24381284415721893,-0.015083801001310349,0.9564760327339172,,,
,,,,,,,32767.0,32767.0,90.0
374.344,1.233203411102295,-0.20574608445167542,0.39028361439704895,-0.2410760521888733,-0.015687808394432068,0.9552494883537292,,,
,,,,,,,32767.0,32767.0,90.0
374.354,0.5312374830245972,0.4209102690219879,-0.026400551199913025,-0.2390144169330597,-0.015750816091895103,0.962830126285553,,,
,,,,,,,32767.0,32767.0,90.0
374.364,0.056596219539642334,0.9204322099685669,-0.11654981225728989,-0.2377781867980957,-0.013163944706320763,0.9684922099113464,,,
,,,,,,,32767.0,32767.0,90.0
374.374,1.2404290437698364,0.5737616419792175,-0.5733591914176941,-0.24097028374671936,-0.01540418155491352,0.9680188894271851,,,
,,,,,,,32767.0,32767.0,90.0
374.384,0.9528865814208984,0.8811280131340027,-0.7941568493843079,-0.24303334951400757,-0.021499091759324074,0.9644619226455688,,,
,,,,,,,32767.0,32767.0,90.0
374.394,1.1527798175811768,1.3450217247009277,-1.113057017326355,-0.24054907262325287,-0.02371843531727791,0.9666911363601685,,,
,,,,,,,32767.0,32767.0,90.0
374.404,0.974041759967804,1.6463898420333862,-1.004905343055725,-0.24146044254302979,-0.02062419056892395,0.9745513796806335,,,
,,,,,,,32767.0,32767.0,90.0
374.414,0.7113243341445923,1.123606562614441,-0.10491453856229782,-0.23962348699569702,-0.013345270417630672,0.978140652179718,,,
,,,,,,,32767.0,32767.0,90.0
374.424,1.9063520431518555,0.20502516627311707,0.17887285351753235,-0.23599672317504883,-0.017589019611477852,0.9841049909591675,,,
,,,,,,,32767.0,32767.0,90.0
374.434,1.3914179801940918,0.19408351182937622,0.15547019243240356,-0.22798079252243042,-0.013408408500254154,0.9812923669815063,,,
,,,,,,,32767.0,32767.0,90.0
374.444,1.2764995098114014,-1.0678365230560303,0.8175991773605347,-0.22667814791202545,0.004483348224312067,0.9792582392692566,,,
,,,,,,,32767.0,32767.0,90.0
374.454,1.160549283027649,-1.6840260028839111,2.1874096393585205,-0.22768861055374146,0.013252460397779942,0.9780657291412354,,,
,,,,,,,32767.0,32767.0,90.0
374.464,-0.09616759419441223,-1.7206716537475586,2.6121976375579834,-0.2248847633600235,0.0004847298259846866,0.9754589796066284,,,
,,,,,,,32767.0,32767.0,90.0
374.474,-0.7584094405174255,-1.7805194854736328,2.8904354572296143,-0.22091418504714966,-0.005658844485878944,0.9740812182426453,,,
,,,,,,,32767.0,32767.0,90.0
374.484,0.09422539174556732,-1.6795071363449097,2.7596137523651123,-0.22316554188728333,-0.007920058444142342,0.9791189432144165,,,
,,,,,,,32767.0,32767.0,90.0
374.494,0.7961112856864929,-2.0480692386627197,2.7981581687927246,-0.22615273296833038,-0.017832815647125244,0.9788323044776917,,,
,,,,,,,32767.0,32767.0,90.0
374.504,0.33476245403289795,-1.436742901802063,2.0799758434295654,-0.2224888801574707,-0.025125777348876,0.9723640084266663,,,
,,,,,,,32767.0,32767.0,90.0
374.514,0.007422501686960459,-1.3280493021011353,1.4495058059692383,-0.22257904708385468,-0.027711866423487663,0.9657973051071167,,,
,,,,,,,32767.0,32767.0,90.0
374.524,0.07802054286003113,-0.0008583461749367416,1.082112431526184,-0.22528164088726044,-0.02887958288192749,0.9740461707115173,,,
,,,,,,,32767.0,32767.0,90.0
374.534,0.26567503809928894,-0.2218732237815857,-0.24767160415649414,-0.2204190194606781,-0.027543505653738976,0.980177640914917,,,
,,,,,,,32767.0,32767.0,90.0
374.544,1.0189498662948608,0.3974810838699341,-0.7178216576576233,-0.21740902960300446,-0.02480236254632473,0.9799071550369263,,,
,,,,,,,32767.0,32767.0,90.0
374.554,1.875480055809021,1.0014500617980957,-1.2587592601776123,-0.21771566569805145,-0.0255888644605875,0.9817563891410828,,,
,,,,,,,32767.0,32767.0,90.0
374.564,1.9448084831237793,0.7644962668418884,-1.5020813941955566,-0.22090983390808105,-0.023964665830135345,0.9834533929824829,,,
,,,,,,,32767.0,32767.0,90.0
374.574,1.4998893737792969,0.7564865350723267,-1.0845777988433838,-0.224946066737175,-0.013855338096618652,0.983606219291687,,,
,,,,,,,32767.0,32767.0,90.0
374.584,0.810562252998352,0.6329584121704102,-0.9426970481872559,-0.22251294553279877,-0.011959383264183998,0.979995608329773,,,
,,,,,,,32767.0,32767.0,90.0
374.594,0.505362868309021,0.9855893850326538,-0.9479251503944397,-0.2231985181570053,-0.018224140629172325,0.9784206748008728,,,
,,,,,,,32767.0,32767.0,90.0
374.604,1.5871765613555908,0.6890770792961121,-0.5836839079856873,-0.23136991262435913,-0.022959934547543526,0.985561192035675,,,
,,,,,,,32767.0,32767.0,90.0
374.614,2.2689168453216553,0.2145419418811798,-0.7385300397872925,-0.23489700257778168,-0.02215486764907837,0.9900724291801453,,,
,,,,,,,32767.0,32767.0,90.0
374.624,2.7729973793029785,-0.17832495272159576,-0.8057242035865784,-0.2331252545118332,-0.021317491307854652,0.9870201349258423,,,
,,,,,,,32767.0,32767.0,90.0
374.634,1.940342903137207,-0.2752792239189148,-0.34320610761642456,-0.23229652643203735,-0.01810256391763687,0.9743961691856384,,,
,,,,,,,32767.0,32767.0,90.0
374.644,1.2080841064453125,-0.23492975533008575,0.040249843150377274,-0.23643866181373596,-0.012927188538014889,0.9693479537963867,,,
,,,,,,,32767.0,32767.0,90.0
374.654,0.8114889860153198,-0.5267760753631592,0.5778163075447083,-0.24414795637130737,-0.013079573400318623,0.969868540763855,,,
,,,,,,,32767.0,32767.0,90.0
374.664,0.44369736313819885,-0.33486855030059814,0.7412416338920593,-0.24234993755817413,-0.013948041945695877,0.9658055305480957,,,
,,,,,,,32767.0,32767.0,90.0
374.674,0.3309140205383301,-0.10434434562921524,0.9395071864128113,-0.23577094078063965,-0.011336110532283783,0.9623329639434814,,,
,,,,,,,32767.0,32767.0,90.0
374.684,0.4410821497440338,0.43532437086105347,1.24815833568573,-0.2344585806131363,-0.00850885920226574,0.9658589363098145,,,
,,,,,,,32767.0,32767.0,90.0
374.694,0.29711297154426575,0.37144702672958374,1.4637222290039062,-0.23854300379753113,-0.010549605824053288,0.9692327380180359,,,
,,,,,,,32767.0,32767.0,90.0
374.704,-0.134668231010437,0.406131774187088,1.5678404569625854,-0.23803555965423584,-0.013561942614614964,0.9679362177848816,,,
,,,,,,,32767.0,32767.0,90.0
374.714,0.09829576313495636,0.34423330426216125,1.8934565782546997,-0.23603534698486328,-0.013105766847729683,0.9671127796173096,,,
,,,,,,,32767.0,32767.0,90.0
374.724,0.20283174514770508,0.09838629513978958,1.8373955488204956,-0.23653817176818848,-0.01749902404844761,0.9713188409805298,,,
,,,,,,,32767.0,32767.0,90.0
374.734,0.1485222578048706,-0.3374197483062744,1.705440878868103,-0.2314353734254837,-0.020576007664203644,0.9731833934783936,,,
,,,,,,,32767.0,32767.0,90.0
374.744,0.5816254615783691,-0.2013513147830963,1.247507929801941,-0.22654050588607788,-0.019534505903720856,0.978312075138092,,,
,,,,,,,32767.0,32767.0,90.0
374.754,0.2814638912677765,-0.8592577576637268,1.3062773942947388,-0.21847228705883026,-0.01697433926165104,0.9810230731964111,,,
,,,,,,,32767.0,32767.0,90.0
374.764,0.5607587099075317,-1.192962646484375,0.9191019535064697,-0.21542388200759888,-0.013519546017050743,0.9846982955932617,,,
,,,,,,,32767.0,32767.0,90.0
374.774,0.531478762626648,-1.9816240072250366,0.9785298705101013,-0.212821826338768,-0.008275259286165237,0.9851551055908203,,,
,,,,,,,32767.0,32767.0,90.0
374.784,0.30926963686943054,-1.842782974243164,0.9235836267471313,-0.21307189762592316,-0.007412474136799574,0.98546302318573,,,
,,,,,,,32767.0,32767.0,90.0
374.794,0.16264690458774567,-1.7947713136672974,0.5304140448570251,-0.21388079226016998,-0.008225402794778347,0.9850260019302368,,,
,,,,,,,32767.0,32767.0,90.0
374.804,0.3840623199939728,-1.8037617206573486,0.45049601793289185,-0.21415574848651886,-0.015301566570997238,0.9863322377204895,,,
,,,,,,,32767.0,32767.0,90.0
374.814,0.8196188807487488,-1.5295246839523315,-0.2555691599845886,-0.21672871708869934,-0.013309494592249393,0.9825605750083923,,,
,,,,,,,32767.0,32767.0,90.0
374.824,0.49431654810905457,-0.5658701062202454,-0.42376840114593506,-0.22151994705200195,-0.014333125203847885,0.9763147830963135,,,
,,,,,,,32767.0,32767.0,90.0
374.834,0.6250103712081909,-0.19542205333709717,-0.5397608280181885,-0.2255636304616928,-0.013117466121912003,0.9719589948654175,,,
,,,,,,,32767.0,32767.0,90.0
374.844,0.30030763149261475,0.5876079797744751,-0.24005751311779022,-0.22858062386512756,-0.013284866698086262,0.9693964123725891,,,
,,,,,,,32767.0,32767.0,90.0
374.854,-0.3081817328929901,0.7061277031898499,-0.4467196762561798,-0.22992220520973206,-0.013630250468850136,0.9640040397644043,,,
,,,,,,,32767.0,32767.0,90.0
374.864,-0.005897780414670706,1.3740260601043701,-0.39355236291885376,-0.23289617896080017,-0.011515815742313862,0.9647390842437744,,,
,,,,,,,32767.0,32767.0,90.0
374.874,0.28668245673179626,2.105881452560425,-0.3827388882637024,-0.2316465526819229,-0.003989925142377615,0.9687317609786987,,,
,,,,,,,32767.0,32767.0,90.0
374.884,-0.4309869408607483,2.2301337718963623,-0.14619462192058563,-0.22929233312606812,0.0013115560868754983,0.9661142230033875,,,
,,,,,,,32767.0,32767.0,90.0
374.894,-0.823341965675354,2.5381362438201904,0.07333110272884369,-0.2311936765909195,0.0013042999198660254,0.969016969203949,,,
,,,,,,,32767.0,32767.0,90.0
374.904,-0.9687947034835815,2.129595994949341,0.5630789995193481,-0.23611444234848022,-0.0030938831623643637,0.9736595749855042,,,
,,,,,,,32767.0,32767.0,90.0
374.914,-1.537918210029602,1.5082720518112183,0.944046676158905,-0.23808224499225616,-0.007921935059130192,0.9755781888961792,,,
,,,,,,,32767.0,32767.0,90.0
374.924,-0.6767090559005737,1.4516922235488892,0.9116301536560059,-0.23399807512760162,-0.010916345752775669,0.976300060749054,,,
,,,,,,,32767.0,32767.0,90.0
374.934,0.028385575860738754,1.1243462562561035,0.399068683385849,-0.23625080287456512,-0.0146339675411582,0.9822264909744263,,,
,,,,,,,32767.0,32767.0,90.0
374.944,0.39413779973983765,0.5639148354530334,0.31074222922325134,-0.23827950656414032,-0.019272146746516228,0.9858088493347168,,,
,,,,,,,32767.0,32767.0,90.0
374.954,0.5530663728713989,-0.3239588737487793,0.13543158769607544,-0.2385244369506836,-0.02094266749918461,0.9819151163101196,,,
,,,,,,,32767.0,32767.0,90.0
374.964,0.8379037380218506,-0.557181715965271,-0.07612486183643341,-0.23546002805233002,-0.01705913618206978,0.976219117641449,,,
,,,,,,,32767.0,32767.0,90.0
374.974,0.7717952728271484,-0.3855092525482178,-0.4065060615539551,-0.23218907415866852,-0.0131312794983387,0.973572850227356,,,
,,,,,,,32767.0,32767.0,90.0
374.984,0.3892826735973358,-0.5919612646102905,-1.4161895513534546,-0.2309490442276001,-0.011310208588838577,0.9721527099609375,,,
,,,,,,,32767.0,32767.0,90.0
374.994,0.7231743931770325,-0.5427099466323853,-1.4196957349777222,-0.2326379120349884,-0.015402620658278465,0.9719751477241516,,,
,,,,,,,32767.0,32767.0,90.0
375.004,1.2397830486297607,-0.8501133322715759,-2.107617139816284,-0.23531873524188995,-0.015174363739788532,0.9670953154563904,,,
,,,,,,,32767.0,32767.0,90.0
375.014,0.4657297730445862,-0.21555662155151367,-2.1270763874053955,-0.2361057996749878,-0.009188180789351463,0.9673784971237183,,,
,,,,,,,32767.0,32767.0,90.0
375.024,-0.20081886649131775,-0.042175740003585815,-2.045316696166992,-0.23637241125106812,-0.004294099751859903,0.9661232233047485,,,
,,,,,,,32767.0,32767.0,90.0
375.034,-1.0781983137130737,-0.31284621357917786,-1.3780503273010254,-0.239427387714386,-0.002886818489059806,0.9665465354919434,,,
,,,,,,,32767.0,32767.0,90.0
375.044,-1.4504863023757935,-0.14468854665756226,-0.740852952003479,-0.23875772953033447,-0.00962479691952467,0.9663345813751221,,,
,,,,,,,32767.0,32767.0,90.0
375.054,-1.033639669418335,-0.14172954857349396,-0.5122159719467163,-0.2323802411556244,-0.013030820526182652,0.9729103446006775,,,
,,,,,,,32767.0,32767.0,90.0
375.064,-0.5527693629264832,-0.3686431646347046,-0.13133667409420013,-0.23142650723457336,-0.007482463959604502,0.9829562306404114,,,
,,,,,,,32767.0,32767.0,90.0
375.074,-0.19710229337215424,-0.8329906463623047,0.2859998345375061,-0.23233643174171448,-0.0050398437306284904,0.9824461340904236,,,
,,,,,,,32767.0,32767.0,90.0
375.084,0.023752059787511826,-0.8536126017570496,1.0262531042099,-0.23138272762298584,-0.006088842172175646,0.9740361571311951,,,
,,,,,,,32767.0,32767.0,90.0
375.094,-0.24861297011375427,-0.3185180723667145,1.1527705192565918,-0.2270473688840866,-0.01004350371658802,0.9693584442138672,,,
,,,,,,,32767.0,32767.0,90.0
375.104,-0.5240775346755981,-0.250540554523468,1.0942435264587402,-0.22631853818893433,-0.01666155830025673,0.9715802669525146,,,
,,,,,,,32767.0,32767.0,90.0
375.114,-1.0386302471160889,-0.3145562410354614,0.7470785975456238,-0.22962652146816254,-0.018336372449994087,0.9761311411857605,,,
,,,,,,,32767.0,32767.0,90.0
375.124,-1.2935820817947388,-0.17059357464313507,0.5102006196975708,-0.23207597434520721,-0.021581705659627914,0.9756171107292175,,,
,,,,,,,32767.0,32767.0,90.0
375.134,-1.2076793909072876,0.057650383561849594,0.16064222157001495,-0.22776955366134644,-0.026336250826716423,0.9762317538261414,,,
,,,,,,,32767.0,32767.0,90.0
375.144,-1.2504078149795532,0.6029044389724731,-0.5544906258583069,-0.2236700803041458,-0.02688969485461712,0.9797375798225403,,,
,,,,,,,32767.0,32767.0,90.0
375.154,-1.026111125946045,0.6135026812553406,-1.214612603187561,-0.2232687920331955,-0.02249319851398468,0.9838793873786926,,,
,,,,,,,32767.0,32767.0,90.0
375.164,-0.5152032971382141,0.7424911260604858,-1.5280755758285522,-0.2224934995174408,-0.02053384855389595,0.9787998795509338,,,
,,,,,,,32767.0,32767.0,90.0
375.174,0.3091994822025299,0.9699062705039978,-1.8308953046798706,-0.22152385115623474,-0.014778912998735905,0.973970353603363,,,
,,,,,,,32767.0,32767.0,90.0
375.184,-0.2860887944698334,0.8479509353637695,-2.1973068714141846,-0.2209000140428543,-0.006122481543570757,0.9743776321411133,,,
,,,,,,,32767.0,32767.0,90.0
375.194,-0.4121198058128357,1.2434043884277344,-1.4107623100280762,-0.2256024032831192,-0.002289453288540244,0.9729089736938477,,,
,,,,,,,32767.0,32767.0,90.0
375.204,-1.1562814712524414,1.1974000930786133,-1.1228140592575073,-0.2284843474626541,-0.005703941453248262,0.9720349311828613,,,
,,,,,,,32767.0,32767.0,90.0
375.214,-1.577101230621338,1.0384114980697632,-1.0376999378204346,-0.2319730669260025,-0.010125329717993736,0.9752897024154663,,,
,,,,,,,32767.0,32767.0,90.0
375.224,-1.2498310804367065,1.0224207639694214,-0.9752567410469055,-0.2316690981388092,-0.012180302292108536,0.9761936664581299,,,
,,,,,,,32767.0,32767.0,90.0
375.234,-1.0784741640090942,0.5701732635498047,-0.27278465032577515,-0.23032838106155396,-0.013225961476564407,0.9787743091583252,,,
,,,,,,,32767.0,32767.0,90.0
375.244,-1.3414942026138306,0.050465647131204605,-0.08803974837064743,-0.22958849370479584,-0.014957723207771778,0.9824957251548767,,,
,,,,,,,32767.0,32767.0,90.0
375.254,-1.2009896039962769,-0.2785798907279968,0.39469417929649353,-0.23173312842845917,-0.013143505901098251,0.9786357879638672,,,
,,,,,,,32767.0,32767.0,90.0
375.264,-1.3886021375656128,0.12821438908576965,0.39707285165786743,-0.23155836760997772,-0.013776831328868866,0.9738577604293823,,,
,,,,,,,32767.0,32767.0,90.0
375.274,-1.5030499696731567,0.07063073664903641,0.8254027962684631,-0.23074235022068024,-0.01596936024725437,0.9736084342002869,,,
,,,,,,,32767.0,32767.0,90.0
375.284,-1.7083081007003784,0.433477520942688,0.7219288349151611,-0.23235158622264862,-0.018811699002981186,0.9769032597541809,,,
,,,,,,,32767.0,32767.0,90.0
375.294,-1.2340320348739624,0.10967692732810974,0.868597686290741,-0.2303883284330368,-0.01959274336695671,0.974022626876831,,,
,,,,,,,32767.0,32767.0,90.0
375.304,-1.7088017463684082,0.8940533399581909,0.4154376983642578,-0.23131853342056274,-0.021830298006534576,0.9658358693122864,,,
,,,,,,,32767.0,32767.0,90.0
375.314,-2.712261915206909,1.3727202415466309,0.7627931237220764,-0.22832953929901123,-0.024077119305729866,0.964716911315918,,,
,,,,,,,32767.0,32767.0,90.0
375.324,-1.3437420129776,1.5382468700408936,0.12335895746946335,-0.23593325912952423,-0.02839651331305504,0.9766271114349365,,,
,,,,,,,32767.0,32767.0,90.0
375.334,-0.5881779789924622,1.2458475828170776,-0.14946450293064117,-0.2370867133140564,-0.030150031670928,0.9824630618095398,,,
,,,,,,,32767.0,32767.0,90.0
375.344,-1.2133543491363525,1.6837668418884277,-1.0935879945755005,-0.2333047091960907,-0.027135031297802925,0.9716300964355469,,,
,,,,,,,32767.0,32767.0,90.0
375.354,-0.839065670967102,2.3825724124908447,-1.0077241659164429,-0.2344554364681244,-0.02337701804935932,0.9676908254623413,,,
,,,,,,,32767.0,32767.0,90.0
375.364,-1.3070422410964966,2.445826768875122,-0.9217086434364319,-0.2446492314338684,-0.02537229098379612,0.9752423167228699,,,
,,,,,,,32767.0,32767.0,90.0
375.374,-1.348455548286438,0.6429200768470764,-0.6496390104293823,-0.25388258695602417,-0.027222605422139168,0.9799688458442688,,,
,,,,,,,32767.0,32767.0,90.0
375.384,-1.2625519037246704,-0.17578890919685364,-0.08163391798734665,-0.2503988742828369,-0.022503959015011787,0.9734656810760498,,,
,,,,,,,32767.0,32767.0,90.0
375.394,-0.7960072755813599,0.21797935664653778,0.17819727957248688,-0.2404145449399948,-0.015379475429654121,0.9719971418380737,,,
,,,,,,,32767.0,32767.0,90.0
375.404,-0.8934552073478699,-0.00871855579316616,0.6541650891304016,-0.23856909573078156,-0.007982615381479263,0.9767699837684631,,,
,,,,,,,32767.0,32767.0,90.0
375.414,-2.201690435409546,-0.5504842400550842,1.5961718559265137,-0.24127918481826782,-0.004903967492282391,0.9779241681098938,,,
,,,,,,,32767.0,32767.0,90.0
375.424,-1.8049417734146118,-0.5080432295799255,2.4346282482147217,-0.24259960651397705,-0.012057996354997158,0.9774231910705566,,,
,,,,,,,32767.0,32767.0,90.0
375.434,-1.8229272365570068,-1.1656086444854736,2.465579032897949,-0.24422429502010345,-0.014799625612795353,0.9727256894111633,,,
,,,,,,,32767.0,32767.0,90.0
375.444,-1.989749550819397,-1.4496115446090698,3.0166304111480713,-0.24480800330638885,-0.018695751205086708,0.9704844951629639,,,
,,,,,,,32767.0,32767.0,90.0
375.454,0.3112257719039917,-0.8658109307289124,2.2235605716705322,-0.23979678750038147,-0.02730674482882023,0.9734356999397278,,,
,,,,,,,32767.0,32767.0,90.0
375.464,0.12648853659629822,-0.7244429588317871,2.194169044494629,-0.23925045132637024,-0.02241639606654644,0.9731854200363159,,,
,,,,,,,32767.0,32767.0,90.0
375.474,-1.0155624151229858,-0.33046501874923706,1.806246280670166,-0.23840664327144623,-0.01917877420783043,0.9674115180969238,,,
,,,,,,,32767.0,32767.0,90.0
375.484,-0.945457398891449,0.2551421523094177,1.8084044456481934,-0.2294725477695465,-0.025653302669525146,0.9659775495529175,,,
,,,,,,,32767.0,32767.0,90.0
375.494,-1.0845420360565186,0.6594885587692261,0.6049604415893555,-0.22174860537052155,-0.028819870203733444,0.9719253182411194,,,
,,,,,,,32767.0,32767.0,90.0
375.504,-0.9457067251205444,0.6434621214866638,0.32756608724594116,-0.22381174564361572,-0.023106694221496582,0.98403400182724,,,
,,,,,,,32767.0,32767.0,90.0
375.514,-0.31015992164611816,-0.17528603971004486,0.01767610013484955,-0.23070481419563293,-0.012988395057618618,0.9818622469902039,,,
,,,,,,,32767.0,32767.0,90.0
375.524,-0.6485255360603333,0.06593254953622818,0.06017547845840454,-0.22654929757118225,-0.012842773459851742,0.9712859988212585,,,
,,,,,,,32767.0,32767.0,90.0
375.534,-1.8198206424713135,0.37789225578308105,-0.21247746050357819,-0.21873034536838531,-0.011442874558269978,0.9702033996582031,,,
,,,,,,,32767.0,32767.0,90.0
375.544,-2.093073606491089,0.8667681217193604,-0.2610507905483246,-0.22489851713180542,-0.01171749085187912,0.9816579222679138,,,
,,,,,,,32767.0,32767.0,90.0
375.554,-0.257352739572525,0.1677272915840149,-0.4067745506763458,-0.23203960061073303,-0.019607819616794586,0.9957013130187988,,,
,,,,,,,32767.0,32767.0,90.0
375.564,0.4551694691181183,-0.8044830560684204,-0.7092951536178589,-0.23633763194084167,-0.02529212459921837,0.9842667579650879,,,
,,,,,,,32767.0,32767.0,90.0
375.574,0.2542401850223541,0.07300583273172379,-0.6473771333694458,-0.23697710037231445,-0.026570072397589684,0.9638766646385193,,,
,,,,,,,32767.0,32767.0,90.0
375.584,0.08827471733093262,0.05699179694056511,-0.5555635094642639,-0.2415115237236023,-0.021070558577775955,0.9634552001953125,,,
,,,,,,,32767.0,32767.0,90.0
375.594,-0.8182421326637268,-1.0013588666915894,-0.20475603640079498,-0.24722032248973846,-0.019649485126137733,0.9716628193855286,,,
,,,,,,,32767.0,32767.0,90.0
375.604,-0.6807442903518677,-0.6484785079956055,-0.09685388207435608,-0.24272076785564423,-0.022314565256237984,0.9702035188674927,,,
,,,,,,,32767.0,32767.0,90.0
375.614,0.03645944967865944,-0.46747061610221863,-0.7345814108848572,-0.23270845413208008,-0.024495422840118408,0.968813955783844,,,
,,,,,,,32767.0,32767.0,90.0
375.624,0.6921690702438354,-0.8235111236572266,-0.9801250100135803,-0.22889447212219238,-0.019947681576013565,0.9752402901649475,,,
,,,,,,,32767.0,32767.0,90.0
375.634,0.7230473756790161,-0.9974424839019775,-0.7962073087692261,-0.2340758591890335,-0.007313973270356655,0.9780709147453308,,,
,,,,,,,32767.0,32767.0,90.0
375.644,-0.7368091940879822,-1.1858720779418945,-0.11265791952610016,-0.23376095294952393,-0.005780213978141546,0.970646321773529,,,
,,,,,,,32767.0,32767.0,90.0
375.654,-1.8381026983261108,-0.25574585795402527,-0.10330833494663239,-0.23144598305225372,-0.0181600172072649,0.9639583826065063,,,
,,,,,,,32767.0,32767.0,90.0
375.664,-1.7520450353622437,-0.28156593441963196,-0.7914935946464539,-0.22914204001426697,-0.028805024921894073,0.9720090627670288,,,
,,,,,,,32767.0,32767.0,90.0
375.674,-0.7924079298973083,-0.4985334873199463,-0.9540478587150574,-0.23559558391571045,-0.02634970098733902,0.9833441376686096,,,
,,,,,,,32767.0,32767.0,90.0
375.684,0.46445798873901367,-0.8448930978775024,-0.4833698570728302,-0.24614813923835754,-0.023727286607027054,0.9802073240280151,,,
,,,,,,,32767.0,32767.0,90.0
375.694,-0.21453724801540375,-0.5496965050697327,-0.42467015981674194,-0.24194686114788055,-0.02785646729171276,0.9708731174468994,,,
,,,,,,,32767.0,32767.0,90.0
375.704,-1.4422119855880737,0.7074669003486633,-0.5107298493385315,-0.2313031256198883,-0.028359871357679367,0.9691451787948608,,,
,,,,,,,32767.0,32767.0,90.0
375.714,-1.3206243515014648,0.9502166509628296,-1.1589630842208862,-0.23118574917316437,-0.028337160125374794,0.9844252467155457,,,
,,,,,,,32767.0,32767.0,90.0
375.724,-0.042035602033138275,0.26772835850715637,-0.9159831404685974,-0.23692379891872406,-0.031570058315992355,0.9889613389968872,,,
,,,,,,,32767.0,32767.0,90.0
375.734,1.1141357421875,-0.30713972449302673,-0.8632622361183167,-0.23771370947360992,-0.02564980648458004,0.9786520600318909,,,
,,,,,,,32767.0,32767.0,90.0
375.744,1.1409224271774292,0.0413263663649559,-0.21108132600784302,-0.23788359761238098,-0.02071167342364788,0.9657630324363708,,,
,,,,,,,32767.0,32767.0,90.0
375.754,-0.03549825772643089,0.28086137771606445,0.05684733763337135,-0.23629458248615265,-0.01796085573732853,0.9659727215766907,,,
,,,,,,,32767.0,32767.0,90.0
375.764,-1.3069959878921509,0.11470843851566315,0.6795872449874878,-0.23808608949184418,-0.016863148659467697,0.9719056487083435,,,
,,,,,,,32767.0,32767.0,90.0
375.774,-1.3431968688964844,-0.5517241358757019,0.9104436039924622,-0.23706014454364777,-0.016819655895233154,0.9766275882720947,,,
,,,,,,,32767.0,32767.0,90.0
375.784,-0.9518681764602661,-0.4711442291736603,1.029853105545044,-0.24056920409202576,-0.019401852041482925,0.9743216037750244,,,
,,,,,,,32767.0,32767.0,90.0
375.794,-0.08965114504098892,-0.44308435916900635,1.193342924118042,-0.2448834776878357,-0.025606488808989525,0.975220799446106,,,
,,,,,,,32767.0,32767.0,90.0
375.804,0.1173093244433403,-1.1416890621185303,1.004424810409546,-0.2446793019771576,-0.0273508969694376,0.9756494760513306,,,
,,,,,,,32767.0,32767.0,90.0
375.814,-0.07255567610263824,-0.9918488264083862,1.1730217933654785,-0.24085497856140137,-0.021338220685720444,0.9738422632217407,,,
,,,,,,,32767.0,32767.0,90.0
375.824,-0.31270259618759155,-1.3684861660003662,1.5054680109024048,-0.23739252984523773,-0.01944257877767086,0.9713340997695923,,,
,,,,,,,32767.0,32767.0,90.0
375.834,-0.5316292643547058,-0.7503800988197327,0.986450731754303,-0.23492439091205597,-0.027138061821460724,0.9663196802139282,,,
,,,,,,,32767.0,32767.0,90.0
375.844,-0.09879297763109207,-0.8423624038696289,0.3342328667640686,-0.2389737218618393,-0.03135434910655022,0.9675130248069763,,,
,,,,,,,32767.0,32767.0,90.0
375.854,0.2554345428943634,-1.317185640335083,0.41312357783317566,-0.24254979193210602,-0.02579907327890396,0.9673424363136292,,,
,,,,,,,32767.0,32767.0,90.0
375.864,-0.16434422135353088,-1.4484893083572388,0.23945870995521545,-0.24197758734226227,-0.025288444012403488,0.9660747051239014,,,
,,,,,,,32767.0,32767.0,90.0
375.874,-1.1552159786224365,-1.001250147819519,0.11408478021621704,-0.23457834124565125,-0.025329874828457832,0.9678694605827332,,,
,,,,,,,32767.0,32767.0,90.0
375.884,-1.299105167388916,-1.1232012510299683,0.3929297924041748,-0.23406822979450226,-0.021191343665122986,0.9797282218933105,,,
,,,,,,,32767.0,32767.0,90.0
375.894,-0.9115573763847351,-2.2669172286987305,0.6138085722923279,-0.23544926941394806,-0.021656392142176628,0.9853163361549377,,,
,,,,,,,32767.0,32767.0,90.0
375.904,-0.665084958076477,-2.2846829891204834,0.768953800201416,-0.22979727387428284,-0.03231233358383179,0.9841457605361938,,,
,,,,,,,32767.0,32767.0,90.0
375.914,0.3138812184333801,-2.223978281021118,0.48132258653640747,-0.2265942096710205,-0.03133917227387428,0.9876629710197449,,,
,,,,,,,32767.0,32767.0,90.0
375.924,0.7482859492301941,-2.741473913192749,0.7925469875335693,-0.22736458480358124,-0.021818475797772408,0.993861734867096,,,
,,,,,,,32767.0,32767.0,90.0
375.934,0.8831804990768433,-2.7638869285583496,1.3436925411224365,-0.22601570188999176,-0.021168064326047897,0.9873367547988892,,,
,,,,,,,32767.0,32767.0,90.0
375.944,0.6028850078582764,-1.9616705179214478,1.3111588954925537,-0.2197451889514923,-0.02937178686261177,0.9771493673324585,,,
,,,,,,,32767.0,32767.0,90.0
375.954,0.014094917103648186,-1.7513781785964966,1.1215014457702637,-0.2197517305612564,-0.02701624296605587,0.9717714190483093,,,
,,,,,,,32767.0,32767.0,90.0
375.964,0.3840397298336029,-1.7689357995986938,1.1177407503128052,-0.224329873919487,-0.01986115612089634,0.9757620096206665,,,
,,,,,,,32767.0,32767.0,90.0
375.974,-0.06612560153007507,-1.4014021158218384,1.4422792196273804,-0.222176194190979,-0.022903749719262123,0.975042462348938,,,
,,,,,,,32767.0,32767.0,90.0
375.984,-0.16301491856575012,-0.03954995051026344,0.8824829459190369,-0.2132449746131897,-0.027774019166827202,0.9724798202514648,,,
,,,,,,,32767.0,32767.0,90.0
375.994,-0.12945254147052765,0.6023353338241577,0.43412894010543823,-0.21761882305145264,-0.021657263860106468,0.9779719710350037,,,
,,,,,,,32767.0,32767.0,90.0
376.004,0.5523869395256042,-0.26956337690353394,0.9281714558601379,-0.2229182869195938,-0.012443935498595238,0.9816450476646423,,,
,,,,,,,32767.0,32767.0,90.0
376.014,0.36762240529060364,0.2643696963787079,0.6824795007705688,-0.2167000025510788,-0.016382677480578423,0.9753318428993225,,,
,,,,,,,32767.0,32767.0,90.0
376.024,-0.5003631114959717,1.2753509283065796,0.5755066275596619,-0.21438147127628326,-0.023502537980675697,0.9762300848960876,,,
,,,,,,,32767.0,32767.0,90.0
376.034,0.9540353417396545,0.849301815032959,-0.1252349466085434,-0.21957044303417206,-0.022985056042671204,0.9912861585617065,,,
,,,,,,,32767.0,32767.0,90.0
376.044,0.2230263650417328,-0.10262174159288406,0.09337294846773148,-0.23163864016532898,-0.01837892271578312,0.9932531118392944,,,
,,,,,,,32767.0,32767.0,90.0
376.054,1.209766149520874,-0.23870690166950226,0.1925848126411438,-0.23103511333465576,-0.024026930332183838,0.9748920798301697,,,
,,,,,,,32767.0,32767.0,90.0
376.064,1.272199034690857,-0.14824874699115753,-0.5560413599014282,-0.23095157742500305,-0.030442697927355766,0.9743692278862,,,
,,,,,,,32767.0,32767.0,90.0
376.074,1.396471381187439,-0.24159668385982513,-1.0252244472503662,-0.2352670580148697,-0.026131760329008102,0.982176661491394,,,
,,,,,,,32767.0,32767.0,90.0
376.084,1.2681788206100464,-0.9082418084144592,-1.07552170753479,-0.2414756864309311,-0.02224980853497982,0.9831289649009705,,,
,,,,,,,32767.0,32767.0,90.0
376.094,1.2244594097137451,-1.0439825057983398,-0.5838888883590698,-0.24103452265262604,-0.021920589730143547,0.9701627492904663,,,
,,,,,,,32767.0,32767.0,90.0
376.104,1.5284584760665894,-1.0844067335128784,-0.6094105243682861,-0.2415543794631958,-0.02057085931301117,0.967194139957428,,,
,,,,,,,32767.0,32767.0,90.0
376.114,1.3188550472259521,-1.6208043098449707,-0.40499916672706604,-0.2409881204366684,-0.015477857552468777,0.9673011302947998,,,
,,,,,,,32767.0,32767.0,90.0
376.124,0.9348033666610718,-1.6918424367904663,-0.2251225858926773,-0.23607724905014038,-0.012095723301172256,0.9664655923843384,,,
,,,,,,,32767.0,32767.0,90.0
376.134,0.05187053605914116,-1.1213222742080688,0.03317699581384659,-0.23285499215126038,-0.010349437594413757,0.9621609449386597,,,
,,,,,,,32767.0,32767.0,90.0
376.144,1.0123869180679321,-1.201017141342163,0.3548130393028259,-0.23199617862701416,-0.010810104198753834,0.9650489687919617,,,
,,,,,,,32767.0,32767.0,90.0
376.154,0.43940469622612,-0.8599263429641724,0.7145722508430481,-0.2314792275428772,-0.013218598440289497,0.9711771607398987,,,
,,,,,,,32767.0,32767.0,90.0
376.164,0.4480154514312744,-1.2117093801498413,0.7512561082839966,-0.23032647371292114,-0.01864701136946678,0.9752053022384644,,,
,,,,,,,32767.0,32767.0,90.0
376.174,0.5747789740562439,-1.413726806640625,0.7341936826705933,-0.23041613399982452,-0.024264052510261536,0.9784993529319763,,,
,,,,,,,32767.0,32767.0,90.0
376.184,0.9378917217254639,-1.7311692237854004,0.4616575539112091,-0.22619976103305817,-0.027835974469780922,0.9834278225898743,,,
,,,,,,,32767.0,32767.0,90.0
376.194,0.7993249297142029,-0.7532106637954712,0.6567457914352417,-0.2244008183479309,-0.028058797121047974,0.9822378158569336,,,
,,,,,,,32767.0,32767.0,90.0
376.204,1.0744094848632812,-0.5949807167053223,-0.1293155401945114,-0.2213006317615509,-0.028591472655534744,0.9860461354255676,,,
,,,,,,,32767.0,32767.0,90.0
376.214,1.7122572660446167,-1.4930617809295654,-0.09530538320541382,-0.22148503363132477,-0.02370988018810749,0.9875302314758301,,,
,,,,,,,32767.0,32767.0,90.0
376.224,1.6999006271362305,-1.8759839534759521,-0.20918840169906616,-0.21768629550933838,-0.022184809669852257,0.9833481907844543,,,
,,,,,,,32767.0,32767.0,90.0
376.234,1.3497587442398071,-0.8020187616348267,-0.5747933387756348,-0.21349549293518066,-0.02411791868507862,0.9791114330291748,,,
,,,,,,,32767.0,32767.0,90.0
376.244,1.200416922569275,-0.7495094537734985,-0.2931852340698242,-0.21638788282871246,-0.018929796293377876,0.9816126227378845,,,
,,,,,,,32767.0,32767.0,90.0
376.254,1.553584098815918,-0.8803437352180481,-0.07506761699914932,-0.2182832509279251,-0.015623798593878746,0.9841459393501282,,,
,,,,,,,32767.0,32767.0,90.0
376.264,1.7037642002105713,-0.8502720594406128,-0.04549847170710564,-0.21841998398303986,-0.017292380332946777,0.981165885925293,,,
,,,,,,,32767.0,32767.0,90.0
376.274,1.3311842679977417,-0.24334383010864258,0.13618478178977966,-0.21754030883312225,-0.015267170034348965,0.9796620011329651,,,
,,,,,,,32767.0,32767.0,90.0
376.284,1.2976874113082886,-0.1585383415222168,0.1878245323896408,-0.22165852785110474,-0.01517405454069376,0.9806003570556641,,,
,,,,,,,32767.0,32767.0,90.0
376.294,1.3615739345550537,0.06490858644247055,0.98369300365448,-0.22486767172813416,-0.01968192122876644,0.9767499566078186,,,
,,,,,,,32767.0,32767.0,90.0
376.304,1.804604411125183,0.18742957711219788,0.777806282043457,-0.23194751143455505,-0.024050114676356316,0.9730179309844971,,,
,,,,,,,32767.0,32767.0,90.0
376.314,1.6227145195007324,0.29988351464271545,0.7193667888641357,-0.22940868139266968,-0.02055508829653263,0.9698476195335388,,,
,,,,,,,32767.0,32767.0,90.0
376.324,1.5144957304000854,0.5879010558128357,1.3592000007629395,-0.22985237836837769,-0.017126338556408882,0.9691214561462402,,,
,,,,,,,32767.0,32767.0,90.0
376.334,1.3377652168273926,0.9047647714614868,1.4120066165924072,-0.22883303463459015,-0.01943252608180046,0.9706891775131226,,,
,,,,,,,32767.0,32767.0,90.0
376.344,0.9413555860519409,0.40967559814453125,1.5249931812286377,-0.23113015294075012,-0.02016765996813774,0.9754047393798828,,,
,,,,,,,32767.0,32767.0,90.0
376.354,0.993841826915741,0.1690279096364975,1.018312692642212,-0.23601113259792328,-0.01601381041109562,0.97966468334198,,,
,,,,,,,32767.0,32767.0,90.0
376.364,1.699718952178955,-0.00034875457640737295,1.2603120803833008,-0.23246106505393982,-0.01776934415102005,0.9804322123527527,,,
,,,,,,,32767.0,32767.0,90.0
376.374,1.4767061471939087,-0.04159657284617424,0.8721209764480591,-0.22771239280700684,-0.02101309970021248,0.9803531169891357,,,
,,,,,,,32767.0,32767.0,90.0
376.384,2.1218199729919434,-0.6858745813369751,0.817445695400238,-0.23451216518878937,-0.02231474220752716,0.9793418049812317,,,
,,,,,,,32767.0,32767.0,90.0
376.394,2.1491825580596924,-1.1796056032180786,0.6039528250694275,-0.23983913660049438,-0.027464577928185463,0.9773811101913452,,,
,,,,,,,32767.0,32767.0,90.0
376.404,2.1282079219818115,-1.9190293550491333,-0.05516180768609047,-0.23663444817066193,-0.030639322474598885,0.9740575551986694,,,
,,,,,,,32767.0,32767.0,90.0
376.414,2.2972490787506104,-1.809323787689209,-0.6660504937171936,-0.2365773469209671,-0.029511412605643272,0.9747485518455505,,,
,,,,,,,32767.0,32767.0,90.0
376.424,2.6464450359344482,-1.5093810558319092,-0.6545432209968567,-0.23607127368450165,-0.024685954675078392,0.9781383872032166,,,
,,,,,,,32767.0,32767.0,90.0
376.434,2.9025604724884033,-1.813962697982788,-1.146005630493164,-0.2353118658065796,-0.022451715543866158,0.9767605066299438,,,
,,,,,,,32767.0,32767.0,90.0
376.444,3.0567283630371094,-1.941954493522644,-1.0874303579330444,-0.23867124319076538,-0.01649922877550125,0.9722816348075867,,,
,,,,,,,32767.0,32767.0,90.0
376.454,3.1949687004089355,-1.7251580953598022,-1.0246505737304688,-0.23942984640598297,-0.00815519504249096,0.9736297726631165,,,
,,,,,,,32767.0,32767.0,90.0
376.464,2.8494513034820557,-1.6965962648391724,-0.5952420234680176,-0.23812465369701385,0.00017088559980038553,0.9748258590698242,,,
,,,,,,,32767.0,32767.0,90.0
376.474,2.5806725025177,-1.1698848009109497,-0.18083088099956512,-0.23151986300945282,-0.002664881758391857,0.9772449731826782,,,
,,,,,,,32767.0,32767.0,90.0
376.484,2.5817909240722656,-1.0799343585968018,0.5622279644012451,-0.22586952149868011,-0.014781836420297623,0.9862571954727173,,,
,,,,,,,32767.0,32767.0,90.0
376.494,2.876429796218872,-0.9160730838775635,1.4410125017166138,-0.22501222789287567,-0.014094538986682892,0.996082603931427,,,
,,,,,,,32767.0,32767.0,90.0
376.504,2.939122200012207,-0.7418673634529114,1.9422128200531006,-0.2192588597536087,-0.00942261517047882,0.9972944855690002,,,
,,,,,,,32767.0,32767.0,90.0
376.514,3.2192041873931885,-0.3831135332584381,2.484276056289673,-0.21633855998516083,-0.012873247265815735,0.996009111404419,,,
,,,,,,,32767.0,32767.0,90.0
376.524,3.423293352127075,1.0509097576141357,2.6965579986572266,-0.21885861456394196,-0.018012091517448425,0.9982337951660156,,,
,,,,,,,32767.0,32767.0,90.0
376.534,3.765098810195923,1.0796724557876587,3.1843864917755127,-0.23296043276786804,-0.02147815003991127,0.9935613870620728,,,
,,,,,,,32767.0,32767.0,90.0
376.544,4.212164402008057,1.313143253326416,3.069512128829956,-0.24185346066951752,-0.02231639064848423,0.9817889332771301,,,
,,,,,,,32767.0,32767.0,90.0
376.554,4.550137996673584,2.1605136394500732,3.0896878242492676,-0.24827471375465393,-0.020320942625403404,0.958908200263977,,,
,,,,,,,32767.0,32767.0,90.0
376.564,4.3282341957092285,3.1036670207977295,2.8647055625915527,-0.24785488843917847,-0.014343938790261745,0.9443888664245605,,,
,,,,,,,32767.0,32767.0,90.0
376.574,3.880446672439575,2.9341180324554443,3.0508649349212646,-0.2501656115055084,-0.0066521684639155865,0.9485907554626465,,,
,,,,,,,32767.0,32767.0,90.0
376.584,3.836085796356201,2.4152345657348633,3.383173942565918,-0.24918432533740997,-0.0004193117201793939,0.9586852788925171,,,
,,,,,,,32767.0,32767.0,90.0
376.594,3.0446879863739014,2.3066933155059814,4.372138023376465,-0.2377481907606125,0.003686265554279089,0.962677538394928,,,
,,,,,,,32767.0,32767.0,90.0
376.604,1.9409388303756714,1.9630509614944458,4.231898307800293,-0.22591258585453033,0.006160340271890163,0.9620861411094666,,,
,,,,,,,32767.0,32767.0,90.0
376.614,0.6881856322288513,0.8890085220336914,4.9203362464904785,-0.22917218506336212,0.015820622444152832,0.9606562256813049,,,
,,,,,,,32767.0,32767.0,90.0
376.624,0.07261061668395996,-0.7363460063934326,6.398377895355225,-0.2351599931716919,0.017500175163149834,0.9602935910224915,,,
,,,,,,,32767.0,32767.0,90.0
376.634,0.7903549671173096,-1.3656136989593506,6.871152877807617,-0.2340889871120453,0.0013197808293625712,0.9670759439468384,,,
,,,,,,,32767.0,32767.0,90.0
376.644,0.47983577847480774,-2.1765425205230713,5.9767560958862305,-0.2278272807598114,-0.014110171236097813,0.9646551012992859,,,
,,,,,,,32767.0,32767.0,90.0
376.654,0.25038018822669983,-3.358799934387207,5.838466167449951,-0.2306603491306305,-0.014352859929203987,0.9635703563690186,,,
,,,,,,,32767.0,32767.0,90.0
376.664,0.8383469581604004,-3.8668951988220215,6.429327011108398,-0.2370775043964386,-0.010924316011369228,0.970348060131073,,,
,,,,,,,32767.0,32767.0,90.0
376.674,0.44340452551841736,-4.795920372009277,6.5078535079956055,-0.23454900085926056,-0.022548733279109,0.9744217395782471,,,
,,,,,,,32767.0,32767.0,90.0
376.684,0.011754387989640236,-4.776928901672363,5.975167751312256,-0.22537000477313995,-0.030965425074100494,0.9722301959991455,,,
,,,,,,,32767.0,32767.0,90.0
376.694,0.5067722201347351,-4.918847560882568,5.395043849945068,-0.21663233637809753,-0.023423325270414352,0.9781411290168762,,,
,,,,,,,32767.0,32767.0,90.0
376.704,1.2513313293457031,-5.193698883056641,5.736328601837158,-0.21637244522571564,-0.013363524340093136,0.9901630282402039,,,
,,,,,,,32767.0,32767.0,90.0
376.714,1.882224202156067,-5.782391548156738,6.080593109130859,-0.20856709778308868,-0.007796753663569689,0.9956108927726746,,,
,,,,,,,32767.0,32767.0,90.0
376.724,1.3333745002746582,-4.371787071228027,5.835330009460449,-0.19463936984539032,-0.006295394152402878,0.9924173951148987,,,
,,,,,,,32767.0,32767.0,90.0
376.734,0.5986567139625549,-4.078658103942871,6.199264049530029,-0.19385333359241486,-0.007198741659522057,0.9965830445289612,,,
,,,,,,,32767.0,32767.0,90.0
376.744,0.9905075430870056,-3.5430331230163574,6.743296146392822,-0.20125487446784973,-0.010172795504331589,1.0039923191070557,,,
,,,,,,,32767.0,32767.0,90.0
376.754,2.092625856399536,-2.925682306289673,6.884382247924805,-0.20645993947982788,-0.019959870725870132,1.0049620866775513,,,
,,,,,,,32767.0,32767.0,90.0
376.764,3.3460793495178223,-2.0885326862335205,6.713315963745117,-0.20445950329303741,-0.023591309785842896,1.0056594610214233,,,
,,,,,,,32767.0,32767.0,90.0
376.774,3.8845794200897217,-1.542604923248291,6.613841533660889,-0.2087889462709427,-0.012868091464042664,0.9983626008033752,,,
,,,,,,,32767.0,32767.0,90.0
376.784,4.036089897155762,-0.5282451510429382,7.170825481414795,-0.21249164640903473,0.0025429960805922747,0.9872097969055176,,,
,,,,,,,32767.0,32767.0,90.0
376.794,3.682556629180908,0.7032320499420166,7.130904197692871,-0.21596704423427582,0.006746944971382618,0.9776683449745178,,,
,,,,,,,32767.0,32767.0,90.0
376.804,3.37886381149292,1.3578139543533325,6.859223365783691,-0.21403679251670837,0.011092432774603367,0.9721041321754456,,,
,,,,,,,32767.0,32767.0,90.0
376.814,4.0591511726379395,1.8943471908569336,6.764838695526123,-0.2161993682384491,0.018832601606845856,0.9696182608604431,,,
,,,,,,,32767.0,32767.0,90.0
376.824,3.589271068572998,2.646512985229492,6.211235523223877,-0.22221511602401733,0.029774582013487816,0.9678970575332642,,,
,,,,,,,32767.0,32767.0,90.0
376.834,2.179901599884033,2.448631525039673,6.527085304260254,-0.23101188242435455,0.041998788714408875,0.9592089653015137,,,
,,,,,,,32767.0,32767.0,90.0
376.844,1.5470248460769653,2.6480588912963867,7.1555352210998535,-0.23806168138980865,0.0431111603975296,0.9612342119216919,,,
,,,,,,,32767.0,32767.0,90.0
376.854,3.0621144771575928,1.5143123865127563,6.566476345062256,-0.23055629432201385,0.026930246502161026,0.977354884147644,,,
,,,,,,,32767.0,32767.0,90.0
376.864,1.0753248929977417,0.7469304203987122,5.626707553863525,-0.23262278735637665,0.02561206743121147,0.9849733114242554,,,
,,,,,,,32767.0,32767.0,90.0
376.874,3.4781527519226074,-0.03052475117146969,5.593474388122559,-0.23876239359378815,0.03619826212525368,0.9827353358268738,,,
,,,,,,,32767.0,32767.0,90.0
376.884,3.915302038192749,-1.3730485439300537,5.504188537597656,-0.24318651854991913,0.033728815615177155,0.9754910469055176,,,
,,,,,,,32767.0,32767.0,90.0
376.894,2.471705436706543,-1.2794870138168335,5.053332328796387,-0.24582846462726593,0.03337983414530754,0.9636644124984741,,,
,,,,,,,32767.0,32767.0,90.0
376.904,3.932980537414551,-2.1699726581573486,4.617982864379883,-0.24164101481437683,0.041155364364385605,0.9629312753677368,,,
,,,,,,,32767.0,32767.0,90.0
376.914,2.671475410461426,-2.8995277881622314,4.211265563964844,-0.23836182057857513,0.04671310633420944,0.9579711556434631,,,
,,,,,,,32767.0,32767.0,90.0
376.924,3.2300899028778076,-2.84310245513916,4.248599052429199,-0.23229478299617767,0.04871983826160431,0.9557530879974365,,,
,,,,,,,32767.0,32767.0,90.0
376.934,2.952396869659424,-3.0365982055664062,3.7008252143859863,-0.22532273828983307,0.05223175510764122,0.951643705368042,,,
,,,,,,,32767.0,32767.0,90.0
376.944,1.4615212678909302,-2.9052035808563232,3.144869804382324,-0.2226627916097641,0.05921681970357895,0.9473454356193542,,,
,,,,,,,32767.0,32767.0,90.0
376.954,0.8876810669898987,-3.082751989364624,3.5293796062469482,-0.2221236377954483,0.06282250583171844,0.9447078108787537,,,
,,,,,,,32767.0,32767.0,90.0
376.964,-0.11634263396263123,-2.9171197414398193,3.4437978267669678,-0.21477702260017395,0.05674445629119873,0.9447075128555298,,,
,,,,,,,32767.0,32767.0,90.0
376.974,-0.7016181945800781,-2.5098462104797363,2.678912878036499,-0.20740555226802826,0.049545615911483765,0.9528080821037292,,,
,,,,,,,32767.0,32767.0,90.0
376.984,-1.4369914531707764,-2.8022353649139404,2.215953826904297,-0.20210987329483032,0.04343985766172409,0.9636767506599426,,,
,,,,,,,0.0,0.0,90.0
376.994,-1.6335258483886719,-2.668726682662964,1.6977660655975342,-0.20010215044021606,0.0361265130341053,0.9771150946617126,,,
,,,,,,,0.0,0.0,90.0
377.004,-1.296398639678955,-2.9854085445404053,1.6841589212417603,-0.1922023743391037,0.030109845101833344,0.9803733229637146,,,
,,,,,,,0.0,0.0,90.0
377.014,-1.6256327629089355,-3.577230453491211,1.3046072721481323,-0.18784739077091217,0.027676299214363098,0.9819827079772949,,,
,,,,,,,0.0,0.0,90.0
377.024,0.2594338357448578,-3.3812341690063477,0.7175782322883606,-0.18594880402088165,0.0339515320956707,0.9834050536155701,,,
,,,,,,,0.0,0.0,90.0
377.034,3.8194169998168945,3.87229323387146,3.6684017181396484,-0.1739344745874405,0.03615880385041237,0.9464928507804871,,,
,,,,,,,0.0,0.0,90.0
377.044,-9.381468772888184,-1.7048156261444092,1.5987094640731812,-0.1661851853132248,0.037898097187280655,1.006935477256775,,,
,,,,,,,0.0,0.0,90.0
377.054,-11.331193923950195,-0.4755289852619171,1.3962504863739014,-0.1802160143852234,0.024329623207449913,1.012712001800537,,,
,,,,,,,0.0,0.0,90.0
377.064,1.69510018825531,-4.920396327972412,-2.9318292140960693,-0.16831178963184357,-0.005577576346695423,1.0263214111328125,,,
,,,,,,,0.0,0.0,90.0
377.074,5.1860270500183105,-5.480311870574951,-5.9736552238464355,-0.16502636671066284,-0.023465342819690704,1.0307042598724365,,,
,,,,,,,0.0,0.0,90.0
377.084,2.665581464767456,-4.921891689300537,-8.55264663696289,-0.14391204714775085,0.0025492554996162653,1.0099760293960571,,,
,,,,,,,0.0,0.0,90.0
377.094,-0.2141939252614975,-2.3484673500061035,-8.531220436096191,-0.14814385771751404,0.04257173463702202,0.9755174517631531,,,
,,,,,,,0.0,0.0,90.0
377.104,0.7015084624290466,0.21333393454551697,-7.285356044769287,-0.1567567139863968,0.044357914477586746,0.9790849089622498,,,
,,,,,,,0.0,0.0,90.0
377.114,-1.0704777240753174,-0.4783065617084503,-7.918712615966797,-0.16589780151844025,0.0201290100812912,1.0022108554840088,,,
,,,,,,,0.0,0.0,90.0
377.124,-1.177178144454956,-0.0543011873960495,-7.913212776184082,-0.16204188764095306,0.01366695761680603,1.004225730895996,,,
,,,,,,,0.0,0.0,90.0
377.134,0.9150426387786865,0.429425984621048,-7.495385646820068,-0.15848392248153687,0.026964286342263222,1.001512050628662,,,
,,,,,,,0.0,0.0,90.0
377.144,-0.4471080005168915,2.0488977432250977,-6.260451316833496,-0.1638355255126953,0.03530832752585411,0.997626543045044,,,
,,,,,,,0.0,0.0,90.0
377.154,-0.8295125961303711,3.102783203125,-5.000688552856445,-0.16849207878112793,0.02944105491042137,0.9921155571937561,,,
,,,,,,,0.0,0.0,90.0
377.164,-0.9349310994148254,3.634112596511841,-4.419190406799316,-0.1786925494670868,0.014537177979946136,0.9937212467193604,,,
,,,,,,,0.0,0.0,90.0
377.174,0.006436643190681934,3.419984817504883,-3.5446228981018066,-0.18611714243888855,0.003947051707655191,1.0020465850830078,,,
,,,,,,,0.0,0.0,90.0
377.184,0.6411851644515991,2.7366065979003906,-3.0279722213745117,-0.18408870697021484,-0.0009536752477288246,1.0070807933807373,,,
,,,,,,,0.0,0.0,90.0
